0 0.482031 0.887784 0.160938 0.218750
1 0.310156 0.372159 0.098437 0.215909
0 0.789844 0.521307 0.092188 0.133523
0 0.375781 0.710227 0.126562 0.261364
0 0.513281 0.535511 0.089063 0.144886
0 0.928125 0.261364 0.040625 0.079545
0 0.703906 0.630682 0.120313 0.170455
0 0.744531 0.294034 0.045312 0.065341
0 0.778125 0.930398 0.200000 0.133523
0 0.518750 0.414773 0.068750 0.130682
0 0.527344 0.281250 0.045312 0.068182
1 0.735938 0.200284 0.071875 0.105114
0 0.678906 0.221591 0.039062 0.068182
0 0.619531 0.322443 0.057813 0.076705
0 0.474219 0.309659 0.045312 0.102273
0 0.442188 0.298295 0.034375 0.051136
2 0.064062 0.866477 0.128125 0.261364
0 0.064062 0.866477 0.128125 0.261364
0 0.498437 0.382102 0.065625 0.105114
0 0.511719 0.242898 0.035937 0.059659
0 0.617188 0.303977 0.062500 0.107955
