0 0.702327 0.431608 0.0744024 0.110455
0 0.551726 0.465738 0.0759375 0.116217
0 0.125367 0.748044 0.231575 0.464037
0 0.41568 0.501394 0.0751884 0.127892
0 0.76078 0.492383 0.0819885 0.115482
0 0.680879 0.578194 0.0928812 0.141807
0 0.64076 0.705807 0.13294 0.228584
0 0.496531 0.848336 0.144983 0.299693
0 0.740685 0.200707 0.0614805 0.106977
0 0.890779 0.189607 0.0578762 0.099152
0 0.151998 0.750747 0.0486416 0.0960319
0 0.987803 0.266009 0.0238455 0.0818256
0 0.348613 0.553343 0.0828661 0.191607
0 0.516205 0.377364 0.0602366 0.0928956
0 0.608125 0.3828 0.0625873 0.0994253
0 0.4612 0.327185 0.0531698 0.0809613
