2 0.653251 0.694098 0.163962 0.443301
0 0.222245 0.672409 0.110450 0.117321
0 0.752677 0.556554 0.075752 0.106938
0 0.293496 0.587758 0.078468 0.095867
0 0.191228 0.823041 0.142917 0.181184
0 0.680433 0.525878 0.048455 0.074745
0 0.459458 0.419834 0.018896 0.036800
0 0.833795 0.757113 0.125905 0.183685
1 0.957764 0.821629 0.083411 0.197069
0 0.829648 0.656889 0.114080 0.148101
0 0.378804 0.631932 0.061379 0.103198
0 0.934539 0.936957 0.129740 0.122068
0 0.340160 0.522147 0.058464 0.072664
0 0.394526 0.451222 0.031193 0.036821
4 0.022159 0.941688 0.040914 0.106924
0 0.372806 0.477495 0.040758 0.046189
4 0.144508 0.929611 0.036668 0.134220
0 0.647165 0.478231 0.032910 0.063858
1 0.378995 0.631353 0.061726 0.100753
0 0.498405 0.408471 0.016571 0.037643
0 0.564149 0.496358 0.026762 0.079544
4 0.107335 0.850197 0.020547 0.102564
1 0.564331 0.493842 0.026235 0.082802
4 0.935808 0.835171 0.035244 0.105095