1 0.922135 0.602713 0.095035 0.237793
0 0.740107 0.635225 0.086942 0.140176
3 0.426523 0.740496 0.073823 0.177021
3 0.596795 0.757567 0.088363 0.252473
3 0.504837 0.718973 0.064993 0.169976
4 0.810534 0.654418 0.067458 0.191531
4 0.602356 0.678096 0.078749 0.255934
0 0.154555 0.653386 0.179836 0.176138
4 0.428377 0.659986 0.065930 0.212363
3 0.882413 0.740968 0.052839 0.178600
0 0.692076 0.605300 0.049183 0.080457
4 0.885337 0.673333 0.068711 0.211339
0 0.421223 0.625819 0.134432 0.157678
3 0.810833 0.708097 0.059624 0.162005
4 0.510598 0.661176 0.062612 0.202593
0 0.264963 0.614172 0.051623 0.069009
0 0.702967 0.625862 0.036838 0.110252
0 0.563138 0.631641 0.051284 0.121613
0 0.084162 0.626456 0.060265 0.113336