4 0.967371 0.782924 0.039533 0.098304
0 0.230609 0.561818 0.071925 0.125135
0 0.411279 0.536969 0.054598 0.108364
4 0.142954 0.961288 0.041544 0.073098
0 0.560840 0.398604 0.039747 0.064475
1 0.488873 0.619000 0.055727 0.216751
0 0.269093 0.455160 0.058526 0.078526
0 0.280498 0.572821 0.087920 0.119887
0 0.300960 0.468717 0.039088 0.065502
4 0.850546 0.701609 0.025243 0.088311
3 0.345395 0.627854 0.023864 0.095724
1 0.534881 0.474283 0.048160 0.169102
0 0.441589 0.457598 0.040779 0.070055
0 0.477360 0.483144 0.032947 0.064866
0 0.522957 0.853371 0.082854 0.249947
0 0.584062 0.527745 0.041998 0.103991
0 0.212624 0.530697 0.066105 0.100642
0 0.345204 0.474935 0.049463 0.081613
0 0.596166 0.474498 0.042256 0.069481
1 0.584165 0.526075 0.041079 0.104685
0 0.641039 0.569178 0.058521 0.122478
4 0.018662 0.536611 0.010148 0.029139
1 0.641086 0.569726 0.058647 0.123078
4 0.893933 0.773978 0.024179 0.075483
0 0.341929 0.404369 0.034656 0.051818
0 0.376792 0.410028 0.030145 0.063599