0 0.467751 0.371869 0.027307 0.050409
0 0.015645 0.889222 0.031168 0.112053
4 0.802443 0.937761 0.038944 0.122774
3 0.674825 0.850043 0.035558 0.113304
0 0.911350 0.892371 0.175874 0.211902
4 0.675359 0.809098 0.037383 0.097310
4 0.033305 0.608571 0.031837 0.090112
4 0.531924 0.333147 0.009134 0.030806
0 0.361324 0.426004 0.040794 0.064568
4 0.017066 0.634472 0.031451 0.077669
1 0.479011 0.485562 0.035605 0.087939
4 0.359269 0.370977 0.010670 0.040359
4 0.986422 0.842175 0.026491 0.097386
0 0.479027 0.485575 0.035741 0.089508