0 0.592660 0.642296 0.051761 0.139453
0 0.441470 0.517945 0.039959 0.072824
0 0.667421 0.945425 0.108667 0.108652
0 0.290599 0.577497 0.079717 0.091761
0 0.622510 0.551853 0.055904 0.104330
0 0.390269 0.730881 0.078111 0.149911
0 0.758598 0.631103 0.081232 0.133500
0 0.750030 0.532582 0.073165 0.085807
0 0.221158 0.670982 0.111283 0.128400
4 0.024880 0.940536 0.049653 0.115869
0 0.587039 0.476095 0.030316 0.065005
0 0.418878 0.486788 0.036710 0.055731
0 0.829000 0.640381 0.106775 0.140967
0 0.702635 0.776853 0.104146 0.231961
0 0.338482 0.510437 0.057506 0.062447
0 0.371565 0.470040 0.045387 0.053686
0 0.680414 0.513410 0.053886 0.076068
1 0.853411 0.789461 0.140141 0.209648
0 0.985894 0.870006 0.027655 0.150835
1 0.953898 0.785302 0.091188 0.160946
3 0.288308 0.685597 0.030826 0.066457
3 0.288611 0.671160 0.032765 0.092929
0 0.559642 0.448319 0.026432 0.054226
0 0.472092 0.417218 0.027829 0.059738
0 0.643306 0.466857 0.033993 0.066681
0 0.853341 0.787714 0.139359 0.209591
0 0.611345 0.452187 0.027601 0.060074