0 0.293999 0.588237 0.077664 0.096921
0 0.829494 0.653196 0.113080 0.143049
0 0.221971 0.673395 0.110721 0.118606
0 0.752943 0.557788 0.075983 0.104978
0 0.340086 0.522170 0.056056 0.071181
0 0.188970 0.824804 0.131176 0.175407
4 0.260409 0.755456 0.030932 0.104807
0 0.463411 0.465774 0.029916 0.055950
0 0.681705 0.530622 0.055173 0.080298
0 0.887761 0.833715 0.158656 0.225914
0 0.511644 0.382745 0.021530 0.039714
0 0.590472 0.434120 0.022751 0.041983
0 0.446807 0.426874 0.021238 0.036914
0 0.394160 0.453773 0.032746 0.041284
0 0.372724 0.480036 0.043351 0.048893
4 0.020914 0.943941 0.041784 0.100112
4 0.057035 0.722834 0.020026 0.088018
0 0.957427 0.797727 0.085146 0.154092
4 0.559929 0.434326 0.010890 0.044547
0 0.493665 0.374750 0.015297 0.032497
0 0.412863 0.421389 0.032567 0.042809
0 0.990111 0.891956 0.018926 0.145847
4 0.607638 0.468621 0.014667 0.047366
1 0.646486 0.476898 0.034744 0.068840