0 0.465688 0.691199 0.060087 0.132849
0 0.220744 0.671438 0.110420 0.117835
0 0.192718 0.823653 0.137586 0.175934
1 0.859031 0.797422 0.150037 0.210272
0 0.291087 0.585220 0.080591 0.090804
0 0.600936 0.647416 0.064840 0.149630
0 0.346739 0.878095 0.116360 0.233750
0 0.349400 0.674454 0.071798 0.117657
0 0.492823 0.500232 0.026841 0.060679
0 0.675153 0.662881 0.071734 0.138924
0 0.680987 0.524363 0.052007 0.080420
0 0.337729 0.520367 0.057261 0.073739
0 0.751101 0.546357 0.076701 0.095755
0 0.449479 0.515630 0.036829 0.077918
0 0.693957 0.970318 0.095498 0.059263
0 0.370193 0.474933 0.042130 0.052373
0 0.830298 0.648928 0.104511 0.139900
0 0.586355 0.504976 0.035576 0.085224
0 0.987631 0.879551 0.023829 0.151396
0 0.783981 0.660434 0.110964 0.143089
0 0.558605 0.459609 0.022564 0.055757
0 0.474169 0.456425 0.027111 0.052825
0 0.392226 0.451036 0.031507 0.043580