4 0.967862 0.782237 0.034724 0.094080
0 0.413212 0.537633 0.052930 0.106026
0 0.302670 0.542930 0.082869 0.105806
0 0.548145 0.623325 0.047320 0.140974
1 0.537159 0.448833 0.048750 0.150199
1 0.639395 0.563920 0.058606 0.120245
0 0.250275 0.535194 0.071533 0.118784
0 0.442893 0.457231 0.038719 0.067118
4 0.683990 0.700779 0.031599 0.092397
1 0.585881 0.525396 0.041258 0.105044
0 0.214893 0.527491 0.065294 0.104790
0 0.271581 0.451621 0.055184 0.072295
4 0.688501 0.700088 0.023125 0.089897
1 0.496414 0.508271 0.046571 0.113636
0 0.562141 0.399299 0.039429 0.064085
3 0.883479 0.795022 0.086367 0.093938
0 0.307978 0.462608 0.052653 0.068408
0 0.347768 0.476430 0.053574 0.082173
3 0.368336 0.568334 0.022487 0.081357
0 0.350424 0.463219 0.053516 0.082152
0 0.595816 0.474113 0.045284 0.075041
0 0.493177 0.572010 0.041340 0.086477
3 0.892669 0.803614 0.068816 0.076343