0 0.380143 0.897691 0.129512 0.198345
0 0.221164 0.674275 0.110167 0.118724
0 0.193058 0.825104 0.137268 0.182714
0 0.292430 0.587976 0.078274 0.095781
0 0.674146 0.943852 0.100776 0.111537
0 0.605266 0.503481 0.036886 0.067607
0 0.607380 0.616356 0.056145 0.134048
2 0.504624 0.423018 0.033569 0.094728
0 0.339228 0.520804 0.056616 0.075611
0 0.484354 0.552484 0.038716 0.077589
0 0.347351 0.680278 0.078236 0.138302
0 0.751282 0.549748 0.075940 0.097365
0 0.680699 0.525752 0.053357 0.081742
1 0.863739 0.815355 0.146820 0.222657
0 0.439683 0.539565 0.036160 0.071345
0 0.370689 0.480796 0.042674 0.061227
0 0.439364 0.470296 0.027122 0.054049
0 0.561195 0.446798 0.024313 0.061450
1 0.347404 0.680432 0.078432 0.139256
0 0.473837 0.421363 0.019653 0.038206
0 0.022111 0.966581 0.043938 0.059815
0 0.988404 0.884397 0.022378 0.151913
0 0.775826 0.663123 0.092579 0.143650
0 0.393024 0.450921 0.032209 0.039282
0 0.455343 0.405432 0.021619 0.035108
0 0.831729 0.646508 0.102727 0.132686
1 0.956935 0.801245 0.084360 0.163955
0 0.645671 0.474058 0.033823 0.067390