0 0.193354 0.822858 0.137753 0.178969
0 0.291405 0.586724 0.078664 0.095618
0 0.221286 0.673948 0.112126 0.117948
0 0.612497 0.723511 0.065404 0.168177
2 0.482440 0.543911 0.065554 0.181098
0 0.591300 0.555757 0.039908 0.083936
0 0.681087 0.526415 0.052989 0.081470
0 0.665768 0.604923 0.063307 0.117331
1 0.855765 0.801881 0.142133 0.217172
4 0.080750 0.704547 0.019613 0.093807
0 0.338173 0.521440 0.059713 0.073295
0 0.853327 0.967812 0.121252 0.062042
0 0.438088 0.538563 0.036791 0.077238
0 0.751300 0.547794 0.075910 0.095378
0 0.574355 0.474615 0.030532 0.069516
0 0.789629 0.660797 0.122138 0.144310
0 0.415115 0.499619 0.044863 0.078488
0 0.318544 0.798641 0.099614 0.176917
0 0.955072 0.795255 0.089293 0.163176
1 0.318435 0.799228 0.100461 0.176424
0 0.644425 0.473864 0.033617 0.065730
0 0.371887 0.478599 0.045014 0.058793
0 0.987797 0.883300 0.023871 0.151947
0 0.830425 0.644176 0.100495 0.129551