0 0.850265 0.562264 0.098709 0.146880
0 0.652046 0.720644 0.289927 0.471884
0 0.204309 0.722106 0.408044 0.519947
3 0.456449 0.648161 0.078760 0.188163
0 0.523234 0.568835 0.067602 0.136241
0 0.016103 0.582136 0.031928 0.177529
1 0.363416 0.504983 0.114325 0.171444
4 0.464987 0.583058 0.063903 0.202426
3 0.937588 0.551668 0.026956 0.067152
1 0.564737 0.478313 0.098590 0.131130
4 0.783646 0.587289 0.042445 0.202776
4 0.940983 0.533239 0.034963 0.082838
0 0.041321 0.549667 0.049305 0.074702
3 0.940877 0.539736 0.033946 0.089965
0 0.910761 0.531103 0.030775 0.036941