0 0.588107 0.642678 0.088634 0.131597
0 0.474965 0.635457 0.061235 0.089168
0 0.527863 0.634105 0.068254 0.117098
0 0.384208 0.639387 0.098213 0.110640
1 0.903419 0.613127 0.075112 0.191520
0 0.054189 0.651910 0.067188 0.056285
4 0.836126 0.652254 0.026355 0.139682
3 0.703554 0.677337 0.033191 0.082903
0 0.790850 0.649117 0.037760 0.114708
4 0.752783 0.651363 0.043078 0.144988
3 0.925210 0.661875 0.042050 0.123755
4 0.926316 0.651387 0.040800 0.139732
3 0.827661 0.677127 0.042467 0.097943
0 0.686949 0.607060 0.036220 0.055178
0 0.727763 0.635629 0.043724 0.091723
3 0.641715 0.682395 0.033137 0.071931
4 0.643264 0.653327 0.038708 0.128534
3 0.979582 0.670633 0.036275 0.109714
4 0.978390 0.654213 0.037159 0.139607