0 0.292817 0.588707 0.078864 0.089887
0 0.442423 0.791998 0.083739 0.193975
0 0.221244 0.679512 0.111826 0.129135
0 0.829195 0.663232 0.112720 0.150058
0 0.338177 0.524276 0.058022 0.073414
0 0.371001 0.487033 0.041634 0.058048
0 0.271373 0.929866 0.148163 0.136626
0 0.749613 0.557196 0.083053 0.096292
0 0.899220 0.858361 0.164235 0.239886
0 0.758326 0.656159 0.087087 0.143457
0 0.584953 0.453945 0.025102 0.055146
0 0.393684 0.455772 0.032574 0.039218
1 0.936133 0.679902 0.072947 0.100314
0 0.512875 0.354843 0.018540 0.029470
0 0.691065 0.491187 0.027163 0.042506
0 0.452455 0.449662 0.029030 0.045708
0 0.412850 0.424741 0.032635 0.043220
4 0.993430 0.692138 0.012346 0.063675
1 0.957443 0.842688 0.084591 0.237454