0 0.588877 0.631785 0.090001 0.132172
0 0.473604 0.625405 0.059539 0.087773
0 0.390850 0.630905 0.096054 0.108480
0 0.528533 0.623987 0.071472 0.118625
1 0.902506 0.601164 0.073947 0.187317
3 0.645189 0.663850 0.043116 0.090280
3 0.702786 0.667825 0.034163 0.083498
3 0.750675 0.671774 0.041815 0.086359
4 0.754907 0.636985 0.042898 0.136435
4 0.931491 0.640553 0.036855 0.136755
3 0.928755 0.663436 0.037361 0.097647
0 0.051908 0.645667 0.062881 0.045299
4 0.841546 0.640349 0.036095 0.139597
4 0.668488 0.624555 0.033698 0.104248
0 0.164348 0.636436 0.068287 0.052815
4 0.704181 0.631388 0.035285 0.117247
3 0.797262 0.658839 0.041183 0.088228
3 0.975775 0.666520 0.028776 0.094020
4 0.807361 0.636322 0.030719 0.133067
4 0.705846 0.606512 0.029307 0.067936
4 0.807175 0.598476 0.025805 0.057347
3 0.976689 0.647736 0.031742 0.129431