0 0.293000 0.588392 0.078503 0.092556
0 0.220746 0.677472 0.110468 0.129556
0 0.490782 0.506920 0.033838 0.067977
0 0.829970 0.662566 0.109803 0.149299
0 0.763718 0.664000 0.090011 0.151145
0 0.420283 0.560518 0.057157 0.089435
0 0.750422 0.554253 0.078165 0.090728
0 0.338934 0.522861 0.057400 0.070933
0 0.391866 0.904958 0.105995 0.183418
0 0.897743 0.857644 0.162484 0.241957
0 0.372307 0.482008 0.044282 0.054966
0 0.619307 0.563290 0.048136 0.099021
2 0.391433 0.906397 0.106377 0.186549
0 0.686398 0.481773 0.037198 0.055242
0 0.393025 0.451352 0.031451 0.036033
4 0.021209 0.943130 0.042417 0.107633
0 0.476855 0.413693 0.022918 0.037981
0 0.958547 0.799451 0.082662 0.152099
1 0.943197 0.678376 0.058286 0.101166
1 0.619006 0.562328 0.048663 0.099549