0 0.440963 0.739069 0.071756 0.161057
0 0.221172 0.669932 0.111078 0.117890
0 0.611256 0.742523 0.067016 0.179249
0 0.291805 0.582214 0.078646 0.092616
0 0.306266 0.957187 0.121210 0.084755
0 0.185581 0.821567 0.121883 0.178019
0 0.904068 0.928964 0.172153 0.140683
0 0.479849 0.586609 0.043518 0.093966
0 0.681724 0.520902 0.053764 0.081721
0 0.579755 0.517039 0.039171 0.080715
0 0.286896 0.806142 0.118557 0.206006
2 0.454396 0.393467 0.046196 0.090378
0 0.751036 0.544660 0.075563 0.098260
0 0.338138 0.517004 0.057790 0.073833
0 0.561756 0.447208 0.028254 0.053931
0 0.953829 0.791510 0.091948 0.160848
4 0.345350 0.618467 0.021871 0.080743
0 0.793931 0.655895 0.131415 0.142260
0 0.987718 0.876090 0.023790 0.151253
0 0.830873 0.646201 0.105091 0.139282
0 0.502596 0.422952 0.018635 0.039432
0 0.369119 0.473858 0.040434 0.050966
1 0.708418 0.770288 0.091469 0.211835
0 0.489724 0.456905 0.025098 0.050394
1 0.644777 0.469481 0.034206 0.065175
0 0.852941 0.777592 0.135928 0.176135