0 0.435134 0.587892 0.050601 0.091231
0 0.660858 0.650858 0.079579 0.150076
0 0.291416 0.578954 0.079405 0.091009
0 0.220418 0.672085 0.110739 0.127224
0 0.441945 0.927520 0.087806 0.142005
0 0.757920 0.632357 0.081430 0.133289
0 0.828670 0.636279 0.108522 0.132048
0 0.456366 0.474652 0.031511 0.054535
0 0.749757 0.533555 0.073966 0.084541
0 0.625876 0.849532 0.087749 0.249194
4 0.024245 0.941691 0.048090 0.115022
0 0.680052 0.516797 0.053432 0.078271
0 0.603022 0.525776 0.041287 0.087895
0 0.340510 0.515774 0.062048 0.068046
1 0.853188 0.789783 0.140580 0.212840
0 0.805978 0.972383 0.103439 0.053864
0 0.435347 0.446634 0.025838 0.051216
0 0.566500 0.482361 0.032718 0.069580
0 0.373024 0.476449 0.048972 0.059963
0 0.615033 0.469737 0.024254 0.063809
0 0.953146 0.782612 0.093590 0.154713
0 0.479087 0.402598 0.022889 0.043171
0 0.986236 0.872041 0.026998 0.152087