0 0.457909 0.607088 0.056929 0.129260
0 0.224078 0.655591 0.109784 0.127018
0 0.342134 0.632325 0.070652 0.108927
0 0.294412 0.564970 0.078194 0.095146
0 0.656819 0.863012 0.102304 0.263653
0 0.831087 0.627500 0.107014 0.143862
0 0.453425 0.476501 0.039976 0.067134
0 0.682225 0.500793 0.052559 0.077597
1 0.854816 0.773776 0.138601 0.213343
0 0.587942 0.541173 0.047156 0.114518
0 0.667162 0.559357 0.057920 0.102771
0 0.752352 0.518444 0.075000 0.085174
0 0.396232 0.522453 0.044166 0.088207
0 0.760939 0.619067 0.083396 0.129424
0 0.338638 0.499437 0.057271 0.073705
0 0.611970 0.486374 0.030940 0.075774
0 0.498320 0.486501 0.028637 0.064048
4 0.037326 0.901524 0.043253 0.118015
0 0.438755 0.423955 0.024948 0.051378
0 0.985885 0.855292 0.027227 0.154299
1 0.953492 0.813104 0.092334 0.250449
1 0.953607 0.764237 0.091758 0.151573