0 0.222195 0.674351 0.111201 0.119351
0 0.192274 0.823740 0.137542 0.178628
0 0.825295 0.658001 0.120249 0.154684
0 0.752138 0.557757 0.075862 0.106795
0 0.696791 0.568536 0.051133 0.090364
0 0.293090 0.584771 0.079398 0.090680
0 0.642144 0.583349 0.049324 0.103804
0 0.339591 0.521491 0.056644 0.071323
0 0.482876 0.510907 0.033508 0.078994
0 0.252665 0.976146 0.094094 0.044601
4 0.301034 0.643385 0.016954 0.078131
0 0.900465 0.857329 0.167095 0.244168
3 0.726657 0.763606 0.041682 0.104636
3 0.672147 0.948292 0.043470 0.100030
0 0.371567 0.481558 0.041901 0.055113
0 0.462022 0.458185 0.031193 0.055390
0 0.393483 0.450181 0.030957 0.036112
0 0.958063 0.795085 0.083875 0.149624
0 0.590603 0.440542 0.017379 0.042330
0 0.647030 0.479302 0.035498 0.066964
2 0.566456 0.454333 0.036540 0.097651
4 0.022200 0.943531 0.039051 0.106099
1 0.566056 0.452826 0.035317 0.096442
4 0.671361 0.886925 0.039482 0.119644
0 0.411517 0.421327 0.031370 0.041614
4 0.775969 0.664969 0.021588 0.078595