0 0.365973 0.646013 0.105167 0.115843
0 0.474362 0.638703 0.051413 0.087993
3 0.621350 0.685062 0.040541 0.094297
0 0.525164 0.638827 0.083114 0.119621
0 0.584693 0.644965 0.072748 0.133938
4 0.731016 0.652564 0.049480 0.146129
3 0.910520 0.683457 0.045035 0.103578
0 0.165731 0.646607 0.081974 0.067665
3 0.793415 0.690382 0.036236 0.108829
0 0.067301 0.649453 0.092073 0.095766
3 0.679202 0.684470 0.034423 0.093893
4 0.794762 0.661888 0.039713 0.158729
4 0.681219 0.646681 0.044558 0.115068
3 0.961701 0.692085 0.034661 0.108072
0 0.261119 0.643498 0.046581 0.055776
3 0.730607 0.691433 0.032708 0.090126
4 0.913043 0.645651 0.043026 0.122412
1 0.911323 0.578808 0.075398 0.119445
0 0.706843 0.612078 0.039041 0.050721
4 0.955159 0.652741 0.043590 0.127282
4 0.620866 0.651144 0.037674 0.142930
3 0.879947 0.679304 0.031831 0.095353
3 0.730991 0.684301 0.041172 0.103115
4 0.102001 0.656792 0.022649 0.093467