0 0.220449 0.673030 0.109023 0.125971
0 0.650300 0.555794 0.049281 0.092662
0 0.475496 0.585456 0.038941 0.096224
0 0.681106 0.518375 0.054272 0.081090
0 0.291280 0.577985 0.080372 0.088134
0 0.749725 0.539052 0.075145 0.090745
0 0.764458 0.646607 0.081763 0.134934
0 0.621179 0.701842 0.080262 0.201202
1 0.854707 0.792922 0.141315 0.211917
0 0.568739 0.538297 0.031927 0.062147
0 0.600281 0.521806 0.035208 0.063421
0 0.370268 0.473638 0.041105 0.052906
0 0.830423 0.644027 0.106473 0.143971
0 0.734925 0.894068 0.128239 0.208548
0 0.854501 0.792371 0.140739 0.211933
0 0.338057 0.513166 0.054792 0.061984
0 0.987166 0.875395 0.025073 0.153829
4 0.025019 0.942096 0.048414 0.115809
2 0.239159 0.758987 0.348935 0.471619
1 0.953946 0.789443 0.091225 0.163354
0 0.391769 0.445085 0.031235 0.043551
1 0.621210 0.701509 0.078681 0.199707
0 0.643638 0.467625 0.033016 0.063801
0 0.567868 0.525909 0.032985 0.077460
0 0.494657 0.422016 0.021083 0.045684
0 0.484059 0.519276 0.031328 0.068122