0 0.527850 0.818817 0.075247 0.232958
4 0.968122 0.782884 0.038259 0.098735
0 0.234559 0.555024 0.070582 0.122940
0 0.411846 0.536641 0.054723 0.107096
4 0.835169 0.700924 0.028859 0.087724
0 0.282668 0.566797 0.083709 0.120190
0 0.442425 0.455215 0.040683 0.071035
0 0.561811 0.397386 0.037538 0.065804
1 0.584450 0.525291 0.041058 0.103189
0 0.269693 0.455449 0.058166 0.078511
1 0.489250 0.604753 0.056103 0.202316
1 0.534941 0.471201 0.044931 0.160629
0 0.214603 0.528885 0.070175 0.102118
1 0.640413 0.567620 0.059011 0.122570
0 0.301689 0.469828 0.038786 0.067477
0 0.477342 0.475887 0.033999 0.071709
3 0.349624 0.615778 0.023281 0.087322
4 0.158232 0.979293 0.034436 0.038685
4 0.018897 0.537362 0.009699 0.027887
0 0.377828 0.410066 0.033601 0.063733
3 0.315410 0.593892 0.021519 0.069227