0 0.639192 0.761231 0.091259 0.234237
0 0.290658 0.585442 0.078226 0.094243
0 0.220661 0.670813 0.110377 0.117623
0 0.751572 0.545427 0.074667 0.098147
0 0.681127 0.521782 0.054468 0.079974
0 0.429105 0.585630 0.050242 0.093012
0 0.580461 0.542866 0.046292 0.089048
0 0.431222 0.936218 0.101403 0.127564
0 0.469164 0.502726 0.032366 0.059078
0 0.258611 0.888430 0.137184 0.214694
0 0.636351 0.560708 0.047444 0.099055
0 0.485535 0.560000 0.035272 0.079927
0 0.193133 0.819352 0.140633 0.182675
0 0.987509 0.879567 0.024453 0.156586
0 0.337210 0.521185 0.058540 0.070550
0 0.787457 0.660040 0.118574 0.140638
0 0.578233 0.466642 0.027840 0.057633
0 0.830538 0.647720 0.103418 0.138672
0 0.404147 0.513770 0.040391 0.080146
0 0.855398 0.796552 0.143162 0.210113
1 0.855229 0.797473 0.141884 0.212364
2 0.498655 0.462381 0.027077 0.060770
0 0.955366 0.774946 0.089127 0.125530
1 0.470835 0.364338 0.029181 0.066784
4 0.845089 0.956899 0.049739 0.082358
0 0.554294 0.438435 0.020868 0.046198
0 0.613351 0.466002 0.028090 0.060800