2 0.473909 0.587387 0.077647 0.220464
0 0.221110 0.671886 0.110467 0.117154
0 0.291616 0.586298 0.078752 0.094108
0 0.192524 0.822518 0.137345 0.177127
0 0.599635 0.655329 0.055391 0.137713
0 0.404126 0.525177 0.049541 0.083242
0 0.681051 0.524763 0.052507 0.078501
0 0.586437 0.531454 0.036944 0.078792
0 0.338575 0.521011 0.055405 0.073719
0 0.650334 0.570721 0.054525 0.102249
0 0.258914 0.909502 0.145044 0.176715
0 0.425894 0.576928 0.042924 0.089790
0 0.751682 0.546827 0.074294 0.096253
0 0.572319 0.463874 0.028815 0.059424
0 0.955587 0.794674 0.087891 0.160218
0 0.788862 0.661336 0.120537 0.143942
0 0.855714 0.799956 0.143184 0.211845
0 0.987577 0.883542 0.024322 0.152121
0 0.460515 0.480778 0.030193 0.061063
0 0.810277 0.903689 0.137593 0.190237
0 0.371112 0.478324 0.047161 0.061371
4 0.100151 0.691583 0.025151 0.079980
0 0.499237 0.439868 0.023931 0.047511
0 0.392051 0.448247 0.030184 0.036743
0 0.443474 0.447070 0.024448 0.043846
1 0.811316 0.903566 0.138528 0.190029