0 0.221759 0.675040 0.110300 0.118211
0 0.192824 0.824181 0.137888 0.179364
0 0.752196 0.558214 0.075453 0.108961
0 0.478534 0.549488 0.041572 0.088634
0 0.293337 0.583213 0.079179 0.088882
0 0.694370 0.559364 0.050304 0.086993
0 0.828473 0.657894 0.115594 0.151084
0 0.455236 0.481150 0.034659 0.067853
0 0.631668 0.552936 0.044796 0.091414
4 0.780519 0.664392 0.022185 0.081598
0 0.339670 0.523232 0.057758 0.069189
4 0.631169 0.730315 0.030509 0.098411
0 0.898571 0.854664 0.162347 0.245892
4 0.297704 0.649207 0.017939 0.080577
0 0.372630 0.479652 0.042488 0.048389
3 0.693794 0.683152 0.034597 0.102268
4 0.023341 0.944264 0.040515 0.106626
0 0.645550 0.476790 0.034958 0.065391
0 0.481060 0.382316 0.017713 0.031653
0 0.394076 0.450978 0.032565 0.036009
1 0.561851 0.430026 0.032023 0.081704
3 0.633548 0.786397 0.030092 0.088957
0 0.512111 0.377097 0.016863 0.031155
0 0.585088 0.422711 0.018314 0.050261
4 0.153259 0.624680 0.017949 0.064352
4 0.133975 0.628203 0.023811 0.084353
0 0.694734 0.490479 0.030931 0.038437