0 0.735580 0.785116 0.173205 0.276937
0 0.384655 0.385691 0.030457 0.050084
0 0.198940 0.597431 0.092497 0.139941
0 0.501071 0.351338 0.018484 0.042877
0 0.485848 0.299197 0.016482 0.032218
4 0.657933 0.619563 0.022791 0.076492
4 0.987162 0.841153 0.024921 0.095594
4 0.021562 0.638252 0.034167 0.069934
0 0.076526 0.581169 0.064633 0.049366
4 0.027503 0.607776 0.017936 0.059824
0 0.518691 0.285857 0.014235 0.021390
3 0.879071 0.802096 0.083312 0.075286
4 0.889850 0.763537 0.018545 0.053935
4 0.888027 0.769555 0.023016 0.066326