0 0.222432 0.661035 0.111171 0.127153
0 0.418268 0.598819 0.052430 0.099012
0 0.303393 0.757076 0.129092 0.202789
0 0.280875 0.942430 0.122742 0.114613
4 0.064136 0.701765 0.031145 0.094935
0 0.292028 0.571133 0.081398 0.088355
0 0.387662 0.536654 0.047453 0.076362
0 0.819566 0.848576 0.152576 0.250292
0 0.477624 0.485681 0.030415 0.064931
0 0.338502 0.505130 0.057063 0.072618
0 0.594874 0.557803 0.040427 0.110465
0 0.681666 0.508274 0.054621 0.083400
0 0.749760 0.525383 0.076074 0.084265
0 0.632192 0.883401 0.095727 0.229998
0 0.435370 0.429011 0.024244 0.037425
0 0.758119 0.626572 0.081856 0.126376
0 0.742421 0.904845 0.131337 0.184938
0 0.370742 0.464067 0.042561 0.052857
0 0.829705 0.632324 0.105785 0.138579
0 0.607919 0.462995 0.034838 0.059400
4 0.025995 0.938683 0.051789 0.119702
0 0.476150 0.422973 0.025110 0.046073
0 0.985621 0.860006 0.028292 0.154565
0 0.551649 0.391963 0.024008 0.043960
0 0.582442 0.400608 0.023076 0.041689
0 0.565434 0.432019 0.025877 0.060444
0 0.644240 0.458515 0.032065 0.066969
1 0.415031 0.933181 0.102411 0.133141
1 0.856317 0.776952 0.132675 0.205251