0 0.305113 0.793295 0.139586 0.262215
0 0.095001 0.867200 0.189923 0.260887
0 0.061192 0.741464 0.121589 0.222446
0 0.426575 0.859386 0.095128 0.255175
0 0.305010 0.529098 0.059432 0.103098
0 0.847859 0.857046 0.243060 0.276788
0 0.592843 0.493388 0.051547 0.104259
0 0.260308 0.516103 0.061570 0.104942
0 0.140827 0.463621 0.074211 0.064821
0 0.386720 0.384071 0.030852 0.051265
0 0.412435 0.502744 0.046231 0.093980
0 0.349714 0.396695 0.035832 0.057590
3 0.275106 0.631492 0.032920 0.077704
4 0.666727 0.618395 0.018742 0.048724
0 0.077977 0.577787 0.062051 0.048625
4 0.022758 0.624046 0.029184 0.091213
4 0.987896 0.836992 0.023343 0.091093
0 0.880094 0.791842 0.082144 0.094774
0 0.987582 0.837858 0.024243 0.090165
0 0.020526 0.495848 0.039988 0.056322
3 0.669068 0.655275 0.039371 0.066983