0 0.616961 0.680578 0.066426 0.153249
0 0.491953 0.435576 0.025100 0.044973
0 0.829213 0.662369 0.111723 0.149427
0 0.344206 0.621555 0.074165 0.094682
0 0.292579 0.588389 0.079715 0.091021
0 0.220843 0.679381 0.110139 0.127135
0 0.620633 0.520568 0.037432 0.076524
0 0.900323 0.859254 0.167349 0.247374
0 0.862598 0.926841 0.154660 0.141386
0 0.751684 0.557780 0.076693 0.103089
0 0.338203 0.524243 0.054874 0.073498
0 0.371885 0.483558 0.040944 0.051684
1 0.394287 0.686431 0.069138 0.139196
0 0.684156 0.552732 0.054467 0.091144
0 0.692358 0.569629 0.037889 0.061587
0 0.393363 0.452221 0.031411 0.035067
0 0.394237 0.686325 0.069271 0.140425
0 0.957600 0.800199 0.084800 0.153435
4 0.761605 0.627163 0.022063 0.065814
0 0.686365 0.478470 0.039272 0.059992
0 0.989680 0.891761 0.019854 0.141828
0 0.412337 0.425404 0.028916 0.040740