0 0.230210 0.656625 0.107352 0.156290
0 0.404581 0.559739 0.058255 0.112425
0 0.191047 0.613864 0.094669 0.142851
4 0.966884 0.782312 0.039660 0.100110
0 0.266595 0.457421 0.057608 0.078097
1 0.648747 0.592264 0.065780 0.132552
0 0.299216 0.473722 0.054915 0.074835
0 0.471057 0.505211 0.036587 0.092861
3 0.300736 0.617196 0.029999 0.086012
3 0.191768 0.940296 0.080167 0.117659
0 0.438528 0.463452 0.040196 0.068209
0 0.595981 0.478017 0.044511 0.087902
0 0.560566 0.399968 0.038742 0.064348
4 0.948644 0.733433 0.041928 0.112128
3 0.022839 0.848601 0.045074 0.082134
0 0.211555 0.521030 0.079276 0.094418
4 0.022582 0.616018 0.026986 0.087399
1 0.482827 0.802981 0.078074 0.339001
0 0.339149 0.483336 0.054758 0.094247
0 0.191549 0.940138 0.079248 0.116545
0 0.376596 0.413809 0.033171 0.061658
2 0.521368 0.532242 0.066096 0.225452
1 0.586000 0.539176 0.044882 0.107318
4 0.017385 0.808740 0.034771 0.096854
4 0.008708 0.634279 0.017333 0.061176
0 0.586161 0.538798 0.045050 0.108481
3 0.880852 0.799710 0.086673 0.085982
0 0.481478 0.892589 0.076575 0.165972