0 0.650969 0.627040 0.072801 0.136848
0 0.617988 0.794193 0.075925 0.219659
0 0.427622 0.611878 0.054322 0.102809
0 0.757747 0.632254 0.080867 0.132983
0 0.291185 0.578102 0.080125 0.091797
0 0.828568 0.636690 0.108201 0.132323
0 0.749723 0.533900 0.074089 0.085458
0 0.220405 0.672164 0.110602 0.126169
0 0.439663 0.968324 0.081107 0.059921
4 0.024192 0.941474 0.048031 0.115875
0 0.453726 0.482222 0.033059 0.061615
0 0.781219 0.930868 0.136512 0.136855
0 0.598364 0.508999 0.040445 0.092938
0 0.680302 0.515960 0.053663 0.077630
0 0.852727 0.791036 0.141272 0.213210
0 0.564731 0.473417 0.031375 0.071039
0 0.336498 0.513887 0.055090 0.061562
0 0.369920 0.480142 0.042086 0.062239
1 0.852806 0.790345 0.141196 0.212276
0 0.433836 0.454866 0.030281 0.052005
0 0.614718 0.467139 0.024915 0.065271
0 0.986112 0.871663 0.027247 0.152634
0 0.953745 0.783122 0.091739 0.156802