0 0.453689 0.759638 0.074276 0.192044
0 0.223923 0.657783 0.110870 0.125368
0 0.729748 0.677661 0.090086 0.159682
0 0.644347 0.615774 0.058594 0.128237
0 0.258798 0.819652 0.122433 0.195509
0 0.293537 0.567005 0.079002 0.091236
0 0.339826 0.503096 0.057802 0.070865
1 0.855055 0.775164 0.140313 0.207883
0 0.752108 0.522062 0.074387 0.084328
0 0.681499 0.505133 0.052303 0.081017
0 0.464485 0.494271 0.038511 0.078156
0 0.562407 0.477516 0.027597 0.063183
0 0.401204 0.505759 0.042460 0.075316
0 0.428747 0.450218 0.029633 0.059073
0 0.614261 0.508787 0.036525 0.070945
0 0.760091 0.626505 0.078451 0.125817
0 0.830860 0.629586 0.105922 0.145029
0 0.579478 0.439280 0.023066 0.049084
1 0.955939 0.768012 0.086989 0.150259
0 0.371235 0.458345 0.040885 0.046842
0 0.956248 0.766950 0.087245 0.146113
2 0.667320 0.875686 0.139150 0.239337
0 0.679111 0.965416 0.116463 0.063719
0 0.985995 0.856262 0.027506 0.157312
0 0.393332 0.429898 0.030950 0.038007