2 0.225564 0.787275 0.334892 0.413419
0 0.220796 0.672479 0.110899 0.127153
0 0.336659 0.516930 0.058945 0.072232
0 0.461484 0.674547 0.052534 0.122752
0 0.749870 0.537480 0.075203 0.088616
0 0.290950 0.579998 0.078460 0.088534
0 0.598633 0.612619 0.060143 0.142356
0 0.486408 0.448652 0.025360 0.047085
1 0.854305 0.792095 0.141867 0.213576
0 0.680652 0.519567 0.054558 0.081098
0 0.764658 0.644918 0.084074 0.132792
0 0.480061 0.565266 0.035433 0.087347
0 0.370432 0.472290 0.043302 0.053188
0 0.829853 0.642410 0.105068 0.138128
0 0.681677 0.765400 0.092512 0.198522
1 0.681921 0.764988 0.092263 0.199459
0 0.639604 0.532025 0.041944 0.082710
0 0.475918 0.414155 0.022277 0.041282
0 0.591166 0.493692 0.032476 0.063771
0 0.392166 0.443697 0.031180 0.040582
0 0.986765 0.874831 0.025867 0.152769
1 0.954422 0.785593 0.090132 0.154587
4 0.024898 0.942249 0.047131 0.114472
0 0.561111 0.487320 0.028714 0.074263