2 0.428712 0.827471 0.190037 0.333835
0 0.226313 0.903107 0.171507 0.184411
0 0.423022 0.642944 0.071622 0.147642
0 0.423699 0.507755 0.054883 0.097218
0 0.209107 0.612275 0.093537 0.135806
0 0.067084 0.726267 0.133672 0.201247
0 0.302649 0.538571 0.075563 0.118291
0 0.622286 0.556952 0.062496 0.142205
4 0.967781 0.784195 0.043920 0.097723
0 0.248618 0.481778 0.068128 0.091090
0 0.832565 0.821743 0.175061 0.238352
0 0.563549 0.406004 0.043590 0.064801
3 0.214082 0.739601 0.047571 0.095992
1 0.601318 0.753465 0.061281 0.206236
0 0.336410 0.418978 0.037749 0.066853
0 0.481207 0.505399 0.035177 0.095601
0 0.444485 0.414984 0.030277 0.056290
4 0.215771 0.706955 0.044724 0.094316
0 0.054215 0.946013 0.101340 0.107371
4 0.112550 0.555031 0.019362 0.052384
0 0.481396 0.521375 0.034966 0.065849
1 0.481170 0.504731 0.034734 0.097027