0 0.828536 0.657975 0.113041 0.152149
0 0.292813 0.588432 0.078136 0.093840
0 0.690386 0.960451 0.098405 0.077247
0 0.379312 0.566809 0.055737 0.081925
0 0.497472 0.392590 0.022293 0.056643
0 0.220850 0.678290 0.109974 0.128645
0 0.371269 0.480153 0.042315 0.048435
0 0.338955 0.524060 0.065269 0.070972
0 0.751156 0.559603 0.077589 0.107187
0 0.701446 0.592230 0.059202 0.076153
0 0.445197 0.524517 0.034315 0.079184
0 0.647849 0.599358 0.053815 0.113278
0 0.393153 0.452367 0.031552 0.039494
0 0.899391 0.857536 0.165194 0.245566
1 0.750649 0.560105 0.077139 0.110350
0 0.686582 0.483659 0.037751 0.054653
4 0.456113 0.465574 0.010908 0.043928
0 0.709649 0.593726 0.043442 0.071337
0 0.412160 0.425324 0.030634 0.040887