0 0.404050 0.558296 0.066927 0.119265
0 0.353411 0.808479 0.117384 0.234316
0 0.116286 0.758337 0.148183 0.211284
0 0.217487 0.518741 0.079745 0.105002
0 0.262043 0.604120 0.097133 0.154295
0 0.655867 0.636626 0.093114 0.182789
0 0.184283 0.446184 0.068060 0.065506
1 0.941356 0.888672 0.115066 0.202457
0 0.439971 0.428476 0.032422 0.066933
1 0.592478 0.892211 0.080320 0.208443
0 0.571148 0.424783 0.044780 0.078091
4 0.977411 0.781299 0.030868 0.068583
0 0.322826 0.433729 0.039932 0.070959
0 0.475154 0.586042 0.045178 0.118889
0 0.057368 0.937333 0.089850 0.124372
0 0.387522 0.383899 0.028701 0.049924
0 0.621910 0.514062 0.032740 0.066956
0 0.350144 0.448441 0.045800 0.069389
0 0.875471 0.789808 0.080803 0.097859
0 0.269232 0.408335 0.050466 0.060525
4 0.018202 0.632898 0.027003 0.072645
0 0.345995 0.457547 0.036476 0.065114