0 0.292700 0.587952 0.079059 0.091272
0 0.411612 0.587489 0.064025 0.100521
0 0.221298 0.678455 0.110859 0.127187
0 0.488135 0.525827 0.036828 0.074598
0 0.830264 0.661431 0.111203 0.149882
0 0.750528 0.555654 0.077792 0.090832
0 0.338183 0.523139 0.058601 0.070848
0 0.897457 0.856799 0.160361 0.245455
0 0.764317 0.664513 0.090570 0.150660
0 0.380035 0.968829 0.095028 0.058773
0 0.372587 0.483338 0.046026 0.057793
0 0.474097 0.416025 0.024984 0.038748
0 0.614626 0.544502 0.039871 0.087754
0 0.393096 0.451605 0.030180 0.034792
0 0.691032 0.489715 0.030008 0.041334
0 0.687430 0.486495 0.036608 0.048026
0 0.596355 0.374335 0.019267 0.029335
0 0.957434 0.800222 0.084972 0.153323