0 0.466245 0.647494 0.056101 0.121568
0 0.223772 0.659479 0.110775 0.128798
0 0.681640 0.506119 0.052741 0.081247
0 0.747797 0.718057 0.102086 0.182128
1 0.856755 0.777912 0.133643 0.208557
0 0.293814 0.569482 0.078283 0.091261
0 0.296502 0.737936 0.096945 0.152582
0 0.338601 0.503150 0.056928 0.069740
0 0.830076 0.630432 0.107389 0.141167
0 0.751932 0.524076 0.074880 0.087231
0 0.568836 0.509242 0.033593 0.086753
0 0.466611 0.476557 0.036096 0.069454
0 0.759582 0.624711 0.081384 0.128373
0 0.624773 0.541231 0.045757 0.096808
0 0.986070 0.857564 0.027385 0.155877
0 0.674423 0.727176 0.080420 0.180411
0 0.411379 0.484127 0.034773 0.068462
0 0.371327 0.464621 0.042994 0.055093
1 0.673680 0.727017 0.080669 0.179855
0 0.434827 0.438681 0.027395 0.046553
0 0.581537 0.457681 0.025529 0.057459
1 0.953991 0.772575 0.090893 0.156768
0 0.392467 0.433312 0.030983 0.037602