0 0.292042 0.589884 0.079294 0.093020
0 0.828743 0.661699 0.111999 0.148111
0 0.776061 0.949449 0.122705 0.100434
0 0.751078 0.560216 0.077229 0.104995
0 0.734758 0.622193 0.078310 0.126827
0 0.220366 0.679677 0.112173 0.127004
0 0.571105 0.403621 0.018914 0.034481
0 0.899040 0.858888 0.164780 0.242488
0 0.339563 0.524941 0.057290 0.069176
0 0.418748 0.499887 0.037982 0.065638
0 0.505287 0.371261 0.018201 0.034382
0 0.471502 0.433981 0.018615 0.041380
0 0.369534 0.485878 0.040134 0.057090
4 0.020946 0.944992 0.039890 0.104918
0 0.481672 0.354775 0.017342 0.027004
0 0.689918 0.488470 0.032499 0.046864
1 0.944670 0.681300 0.064918 0.098773
0 0.393003 0.451341 0.031183 0.033538
0 0.956969 0.801152 0.085601 0.153099
0 0.989688 0.893662 0.019881 0.147100