0 0.840908 0.628713 0.125046 0.186513
4 0.344458 0.749609 0.272274 0.442680
3 0.613142 0.824994 0.105154 0.305626
0 0.257379 0.762891 0.209321 0.407151
0 0.533091 0.668039 0.132664 0.230537
4 0.614847 0.704581 0.107446 0.323234
3 0.694484 0.723288 0.077609 0.201961
2 0.968657 0.632413 0.061748 0.483862
0 0.202733 0.603858 0.108950 0.106538
0 0.705955 0.621031 0.094344 0.155798
3 0.364546 0.890122 0.240381 0.219693
3 0.921379 0.643224 0.028262 0.094457
0 0.760683 0.617539 0.038754 0.106613
1 0.422794 0.503542 0.170844 0.232401
4 0.698805 0.626603 0.073819 0.151188
4 0.696580 0.669868 0.082686 0.234926
3 0.100768 0.633597 0.044946 0.068355
4 0.915926 0.580698 0.025719 0.058520