0 0.222154 0.673274 0.110227 0.118628
0 0.293986 0.587248 0.077059 0.093158
0 0.829955 0.646515 0.113401 0.132932
0 0.753458 0.559498 0.074704 0.106049
0 0.452830 0.511609 0.040092 0.075942
0 0.874291 0.811380 0.152067 0.219673
0 0.189112 0.825419 0.128615 0.174141
0 0.340040 0.523421 0.057810 0.071868
0 0.583667 0.412609 0.018955 0.039459
0 0.373200 0.480508 0.043921 0.053149
0 0.394008 0.452799 0.032121 0.039856
0 0.682078 0.531653 0.054052 0.084653
0 0.646485 0.477449 0.034769 0.068574
0 0.441756 0.449671 0.023093 0.045291
2 0.639385 0.877870 0.101253 0.240854
0 0.493678 0.381615 0.018065 0.033315
4 0.245354 0.789413 0.033987 0.118394
0 0.688851 0.538330 0.043303 0.070078
1 0.639274 0.876132 0.101607 0.236676
0 0.989705 0.892355 0.019753 0.143252
0 0.512020 0.384578 0.021230 0.036055