0 0.211826 0.648324 0.157513 0.159559
3 0.481706 0.720493 0.064666 0.161987
0 0.751136 0.640306 0.084562 0.128037
1 0.919357 0.606796 0.090933 0.230126
3 0.909191 0.724280 0.052656 0.162615
4 0.805794 0.642583 0.039334 0.157973
3 0.839810 0.703490 0.048089 0.143507
0 0.436019 0.628438 0.102082 0.146964
4 0.659453 0.667748 0.074968 0.225228
3 0.548520 0.707065 0.053048 0.150355
0 0.714122 0.617772 0.039783 0.078133
3 0.656686 0.731570 0.072604 0.211533
4 0.906244 0.667224 0.056582 0.192244
0 0.066276 0.635380 0.062344 0.100404
4 0.846416 0.651668 0.059043 0.163229
3 0.806535 0.674975 0.035667 0.104935
0 0.589091 0.621117 0.077334 0.124484
1 0.572112 0.550088 0.107068 0.175947
4 0.549621 0.657327 0.060000 0.195840
3 0.622994 0.712920 0.034039 0.148681
4 0.483066 0.645008 0.057344 0.172798