0 0.370975 0.766507 0.104782 0.208497
0 0.409312 0.544910 0.064070 0.113170
0 0.140304 0.722187 0.131895 0.190571
0 0.021612 0.804158 0.043224 0.136571
0 0.225451 0.506903 0.075325 0.103266
0 0.647989 0.619191 0.082248 0.172993
0 0.272240 0.586305 0.089471 0.139365
0 0.441160 0.425977 0.031908 0.064760
0 0.477209 0.567895 0.042855 0.119530
4 0.976626 0.778202 0.032659 0.069725
0 0.568821 0.421057 0.040366 0.073613
0 0.278729 0.402660 0.046014 0.057430
0 0.197518 0.443048 0.065717 0.058594
0 0.326813 0.430546 0.041463 0.071130
1 0.594715 0.876638 0.076404 0.240822
1 0.926048 0.878526 0.146693 0.205994
0 0.387348 0.383774 0.029470 0.051573
2 0.595167 0.877664 0.075837 0.242038
0 0.868979 0.780660 0.068465 0.089204
1 0.407050 0.919661 0.161034 0.158483
0 0.618340 0.502834 0.032896 0.059206
0 0.353301 0.450713 0.043936 0.072531