0 0.259243 0.607403 0.083076 0.133715
0 0.190236 0.608643 0.093857 0.148100
0 0.215805 0.934418 0.145947 0.131163
0 0.381861 0.586948 0.063554 0.125001
0 0.386519 0.383584 0.030796 0.050985
0 0.969012 0.946757 0.060890 0.106260
0 0.611087 0.556233 0.065034 0.136635
0 0.331122 0.420677 0.041152 0.063018
0 0.751557 0.768943 0.076640 0.120531
3 0.178394 0.464519 0.025481 0.050295
3 0.175601 0.782214 0.062832 0.113690
0 0.077373 0.579595 0.062091 0.049305
3 0.075520 0.718474 0.060685 0.115777
0 0.039863 0.492817 0.075569 0.058976
3 0.879135 0.794365 0.086592 0.093486
4 0.638185 0.523073 0.016875 0.061591
4 0.020192 0.630027 0.031999 0.079710
4 0.890474 0.769442 0.021850 0.065101
0 0.879609 0.789566 0.087712 0.093853
3 0.751367 0.769582 0.076071 0.121066