0 0.293010 0.589904 0.077879 0.092815
0 0.828095 0.660190 0.113242 0.148265
0 0.220883 0.679859 0.110812 0.130167
0 0.747512 0.641294 0.082365 0.133416
0 0.749995 0.555067 0.078972 0.093273
0 0.337077 0.524919 0.062283 0.072260
0 0.576487 0.425246 0.022710 0.042940
0 0.435741 0.472031 0.032713 0.056556
0 0.370031 0.488510 0.040887 0.060313
0 0.392792 0.455147 0.032179 0.038751
0 0.897754 0.857256 0.161262 0.244522
4 0.020910 0.943613 0.040878 0.108794
0 0.690313 0.490197 0.030532 0.042553
0 0.508691 0.361032 0.018857 0.030776
0 0.477939 0.407531 0.016641 0.036912
0 0.686841 0.486292 0.037244 0.051138