0 0.222196 0.675680 0.110188 0.117931
0 0.406452 0.647148 0.072884 0.126843
0 0.419152 0.931548 0.109343 0.135377
0 0.294052 0.588273 0.078577 0.097211
0 0.191631 0.823838 0.141220 0.178001
0 0.829493 0.659929 0.112794 0.152235
0 0.752715 0.558108 0.075631 0.104702
0 0.606482 0.482913 0.029923 0.050768
0 0.340149 0.523083 0.058133 0.073140
0 0.686139 0.540513 0.055017 0.081924
0 0.473414 0.413256 0.022959 0.043897
4 0.039352 0.709721 0.022606 0.085759
0 0.372205 0.481003 0.043476 0.053564
2 0.551342 0.383088 0.024283 0.058260
0 0.899827 0.854932 0.164673 0.245408
4 0.578935 0.520449 0.015209 0.064264
4 0.281901 0.695212 0.024497 0.101301
0 0.393688 0.453804 0.031918 0.040901
4 0.628002 0.538809 0.018466 0.066361
0 0.454138 0.398005 0.019372 0.028840
0 0.958139 0.798533 0.083685 0.155004
0 0.512056 0.384687 0.020029 0.034508
1 0.647128 0.477452 0.030884 0.070866