0 0.655417 0.901669 0.119088 0.194144
0 0.290527 0.696961 0.100906 0.126626
0 0.751307 0.559458 0.077214 0.107953
0 0.293442 0.586517 0.077116 0.089520
0 0.584350 0.516084 0.037796 0.073043
0 0.221846 0.678123 0.111351 0.126116
0 0.481256 0.498760 0.034981 0.067381
0 0.826412 0.658995 0.116892 0.152885
0 0.902720 0.857960 0.164371 0.247333
0 0.371573 0.481906 0.041823 0.050670
0 0.606118 0.466488 0.029272 0.049762
1 0.789433 0.825856 0.129858 0.235189
0 0.339588 0.521087 0.059255 0.066991
0 0.667855 0.527768 0.045287 0.083897
0 0.393478 0.451474 0.031599 0.037107
4 0.778129 0.647086 0.024417 0.082095
0 0.788976 0.826823 0.128944 0.234298
0 0.691585 0.490523 0.030413 0.042394
1 0.957022 0.808478 0.085151 0.167833
1 0.923325 0.643118 0.108165 0.173451