0 0.446138 0.878868 0.091107 0.236175
0 0.299518 0.931657 0.135957 0.136282
0 0.221355 0.673843 0.110096 0.121077
0 0.291956 0.587810 0.078547 0.095225
0 0.377299 0.633987 0.065457 0.102840
0 0.467943 0.541869 0.045670 0.085230
0 0.681664 0.527065 0.054053 0.081773
0 0.589062 0.565250 0.041844 0.109023
0 0.674585 0.687110 0.073947 0.159589
0 0.751602 0.549353 0.076035 0.098246
0 0.339012 0.520683 0.056666 0.072146
1 0.874865 0.838048 0.149160 0.230426
0 0.192962 0.822991 0.137089 0.176007
0 0.501098 0.440061 0.022345 0.049248
0 0.561949 0.432326 0.022355 0.048215
0 0.832520 0.652217 0.104129 0.145489
0 0.371485 0.479366 0.044011 0.059951
0 0.435552 0.473102 0.031697 0.065044
0 0.988290 0.885790 0.022570 0.152070
1 0.957179 0.799262 0.084786 0.159532
1 0.510351 0.385126 0.023055 0.055917
0 0.393184 0.448464 0.032234 0.034847
1 0.556697 0.355608 0.024896 0.051896
0 0.777313 0.667140 0.094333 0.147540
0 0.647836 0.477812 0.027794 0.060860