0 0.474105 0.639021 0.058038 0.089097
0 0.588058 0.646127 0.089042 0.133853
0 0.526632 0.637777 0.068248 0.114513
0 0.381755 0.644063 0.099706 0.109973
3 0.703868 0.681568 0.033714 0.084292
0 0.054655 0.653787 0.066732 0.058088
0 0.164733 0.650093 0.071935 0.060736
1 0.904153 0.607653 0.077195 0.174511
3 0.922524 0.681359 0.040386 0.094763
3 0.642125 0.681454 0.039221 0.086883
3 0.823241 0.683148 0.044950 0.097662
0 0.790287 0.644341 0.041541 0.105246
3 0.978191 0.687502 0.035130 0.087755
4 0.977420 0.659468 0.037888 0.135934
4 0.824462 0.655516 0.040947 0.141415
4 0.191912 0.630842 0.017028 0.054002
4 0.873899 0.651693 0.032882 0.127327
4 0.925933 0.654593 0.040984 0.141962
4 0.754595 0.656474 0.036469 0.141498
0 0.736918 0.639494 0.061033 0.097391
3 0.752698 0.678121 0.042792 0.103239
0 0.685352 0.619992 0.034607 0.072524
4 0.193352 0.639544 0.021359 0.071612
3 0.874696 0.678893 0.030630 0.083451
4 0.702993 0.639742 0.036563 0.107390