1 0.929497 0.601387 0.108341 0.262793
3 0.224206 0.802860 0.122501 0.312145
0 0.052172 0.658839 0.103822 0.207015
4 0.508625 0.680934 0.084367 0.286049
4 0.361575 0.758056 0.122613 0.418815
3 0.502110 0.780654 0.085902 0.245947
4 0.808945 0.699089 0.095982 0.277430
0 0.119323 0.620164 0.084220 0.085183
3 0.727086 0.735641 0.073442 0.209767
0 0.172925 0.613649 0.076115 0.091822
3 0.360748 0.846355 0.193301 0.299135
3 0.808244 0.778529 0.082964 0.269854
0 0.633559 0.614520 0.060480 0.117902
3 0.595959 0.655470 0.055759 0.125917
0 0.690796 0.635582 0.060570 0.142475
0 0.476067 0.618935 0.040523 0.059813
4 0.732492 0.678775 0.077728 0.250299
0 0.858049 0.605239 0.041434 0.099735
3 0.441809 0.631103 0.027312 0.082094
4 0.781547 0.591663 0.026483 0.073965
0 0.577433 0.621406 0.090710 0.140970
0 0.561200 0.619091 0.056690 0.129029
4 0.416231 0.748879 0.088662 0.385745
4 0.236173 0.709109 0.091316 0.308492
0 0.685499 0.595650 0.055600 0.078853
4 0.232478 0.627330 0.072547 0.144003
4 0.393833 0.606681 0.042676 0.133938
4 0.725026 0.633249 0.091755 0.161768