0 0.645719 0.862508 0.112457 0.267967
0 0.431827 0.549289 0.046800 0.081258
0 0.291252 0.574975 0.081149 0.089467
0 0.220082 0.670310 0.108310 0.126020
0 0.337633 0.513448 0.058575 0.071140
0 0.662981 0.659913 0.075812 0.153272
0 0.605887 0.512281 0.048442 0.088735
0 0.793209 0.940737 0.134532 0.117705
0 0.828466 0.641080 0.107794 0.144068
0 0.749711 0.531742 0.074348 0.084927
4 0.025149 0.940468 0.050162 0.115285
0 0.758722 0.630280 0.080204 0.131332
0 0.371830 0.469086 0.045950 0.052476
0 0.404502 0.514115 0.044069 0.067475
0 0.582280 0.578860 0.039422 0.098487
0 0.986004 0.869688 0.027442 0.151234
3 0.187694 0.872733 0.059652 0.113310
0 0.854407 0.790074 0.139006 0.211965
0 0.680737 0.513658 0.053705 0.077294
1 0.349334 0.868382 0.109023 0.219906
0 0.287324 0.645624 0.041612 0.066547
0 0.953601 0.783150 0.091840 0.164382
0 0.438548 0.436641 0.023572 0.043618
0 0.498859 0.472448 0.025064 0.055243
0 0.580329 0.452828 0.026231 0.058288