0 0.303240 0.798728 0.133810 0.247321
0 0.444424 0.589647 0.059328 0.123585
0 0.119823 0.646612 0.119403 0.164940
0 0.429801 0.489924 0.050254 0.090249
0 0.318296 0.513678 0.068451 0.106329
0 0.244333 0.559091 0.078553 0.107822
4 0.965277 0.783697 0.037962 0.098599
0 0.342017 0.411267 0.041560 0.067790
0 0.260880 0.465424 0.064351 0.081735
2 0.450828 0.786095 0.175012 0.418243
0 0.611409 0.515956 0.056151 0.137881
0 0.752519 0.747996 0.135108 0.207042
3 0.269711 0.635656 0.035986 0.100873
3 0.090529 0.965503 0.074993 0.068993
1 0.601665 0.676321 0.056921 0.163623
0 0.481275 0.477437 0.034020 0.087211
3 0.177652 0.801431 0.064960 0.130412
3 0.013458 0.896618 0.026688 0.108378
0 0.879496 0.792229 0.087655 0.096561
0 0.560734 0.401222 0.042162 0.064823
0 0.371574 0.424543 0.032465 0.069277
0 0.601042 0.674543 0.054987 0.166222
0 0.013838 0.896065 0.027450 0.108688
4 0.172851 0.756677 0.035556 0.076366
4 0.017014 0.625963 0.025245 0.078034
0 0.446687 0.410854 0.030416 0.064117
0 0.323152 0.376339 0.025039 0.028377
3 0.131895 0.467653 0.034601 0.039116
4 0.029567 0.605291 0.021244 0.059667