0 0.221699 0.672401 0.109567 0.117239
0 0.193501 0.822125 0.137728 0.177844
0 0.293311 0.587240 0.077548 0.095442
2 0.589258 0.468802 0.065375 0.168850
0 0.681656 0.526423 0.052600 0.080535
0 0.339137 0.519627 0.059160 0.072336
0 0.497661 0.438643 0.020666 0.050203
0 0.752180 0.555738 0.075238 0.105844
0 0.435479 0.514745 0.033973 0.066948
0 0.829330 0.656920 0.115476 0.149641
0 0.478080 0.415906 0.021044 0.042724
0 0.371874 0.478636 0.041542 0.048344
4 0.021608 0.941361 0.041857 0.105939
0 0.822529 0.735520 0.117701 0.176306
0 0.647465 0.477588 0.031419 0.063819
1 0.956584 0.826211 0.085782 0.211318
0 0.920963 0.904740 0.156630 0.183633
0 0.393797 0.450743 0.031691 0.037363
4 0.720031 0.595206 0.016661 0.068169
4 0.614771 0.660901 0.024128 0.092745
4 0.728156 0.674304 0.017860 0.083714
0 0.465518 0.388204 0.023120 0.034159
0 0.411897 0.423158 0.028975 0.041189
1 0.751978 0.556018 0.074846 0.106403
0 0.552942 0.422267 0.018202 0.053081
0 0.631482 0.411493 0.022677 0.036284