0 0.222168 0.673108 0.110219 0.118107
0 0.293964 0.587407 0.077037 0.093307
0 0.829861 0.648674 0.113052 0.137390
0 0.878207 0.816566 0.153118 0.228961
0 0.753517 0.559837 0.074501 0.105755
0 0.192713 0.824814 0.135275 0.175855
0 0.455749 0.500706 0.035785 0.074277
0 0.339404 0.524629 0.058675 0.071005
0 0.585256 0.416397 0.019650 0.041637
0 0.650520 0.920319 0.104753 0.156417
0 0.682259 0.530642 0.055519 0.083988
0 0.394098 0.453009 0.032424 0.040045
0 0.646753 0.477012 0.035279 0.069089
4 0.718808 0.872276 0.038015 0.138625
0 0.492923 0.379423 0.018143 0.031753
0 0.373333 0.480273 0.044616 0.051442
0 0.687895 0.536802 0.047125 0.071927
0 0.511925 0.384582 0.021612 0.036859
0 0.989614 0.893563 0.019936 0.142825
0 0.959279 0.799860 0.081442 0.163000
0 0.443631 0.443751 0.021546 0.042589
0 0.632041 0.416830 0.023072 0.035234
4 0.556782 0.414228 0.010800 0.039896