0 0.213470 0.892536 0.167885 0.206225
0 0.600574 0.628097 0.059349 0.140217
0 0.221188 0.668679 0.111717 0.124620
0 0.421392 0.935733 0.096051 0.126370
0 0.291950 0.576230 0.079016 0.092706
1 0.852440 0.786965 0.140755 0.207329
0 0.336656 0.511130 0.060787 0.069936
0 0.364122 0.601720 0.056953 0.105789
0 0.425665 0.565034 0.055206 0.072680
0 0.613569 0.515100 0.039880 0.071866
0 0.569188 0.503978 0.036434 0.082785
0 0.757668 0.630280 0.080490 0.131163
0 0.680194 0.516277 0.055916 0.082400
0 0.748982 0.532067 0.075317 0.086253
0 0.370744 0.468751 0.043679 0.056102
4 0.149968 0.616025 0.019849 0.077958
0 0.717232 0.804143 0.113285 0.226963
1 0.717055 0.803840 0.112758 0.227138
0 0.829341 0.638233 0.106646 0.138958
0 0.438729 0.473453 0.036559 0.060949
0 0.293120 0.975687 0.093716 0.045849
4 0.025390 0.940192 0.048492 0.119423
0 0.985424 0.865848 0.028609 0.151316
1 0.955909 0.775686 0.087634 0.163430
0 0.464946 0.439704 0.025103 0.048638
0 0.392175 0.440993 0.030930 0.040111