0 0.400696 0.695369 0.289673 0.396654
0 0.088133 0.718501 0.175133 0.542436
0 0.175722 0.636675 0.147968 0.312145
4 0.558639 0.731434 0.247579 0.517535
0 0.770031 0.594894 0.136708 0.216745
0 0.254184 0.548674 0.117089 0.157620
3 0.561230 0.849611 0.242657 0.285281
0 0.694865 0.531733 0.063094 0.097748
0 0.622443 0.566301 0.104032 0.205853
3 0.874610 0.577744 0.036198 0.083857
0 0.896273 0.528211 0.037034 0.089391
0 0.332149 0.540669 0.074695 0.122054
0 0.499464 0.491951 0.085056 0.046164
0 0.864890 0.536291 0.057834 0.101354