0 0.827994 0.659840 0.113333 0.152538
0 0.292998 0.589341 0.077426 0.092134
0 0.711931 0.592192 0.073923 0.111319
0 0.394410 0.539757 0.049379 0.073913
0 0.751383 0.557067 0.076882 0.101351
0 0.339354 0.523348 0.060161 0.070387
0 0.220548 0.678711 0.110701 0.129650
0 0.676430 0.692694 0.073406 0.153649
0 0.500927 0.387556 0.020119 0.039062
0 0.898859 0.856958 0.164465 0.241930
0 0.685685 0.482172 0.037819 0.057180
0 0.371070 0.480488 0.041913 0.049107
0 0.565007 0.382996 0.014096 0.028992
0 0.392669 0.453402 0.030984 0.040025
0 0.458456 0.482887 0.026060 0.054962
0 0.411527 0.425129 0.031600 0.042281
0 0.957605 0.798267 0.084498 0.153167