0 0.181476 0.949777 0.137334 0.100445
0 0.592543 0.583673 0.053146 0.117131
1 0.853016 0.786001 0.140146 0.206774
0 0.221258 0.668855 0.110737 0.122694
0 0.289591 0.576203 0.083074 0.092515
0 0.337887 0.511582 0.056979 0.072161
0 0.342098 0.646900 0.070750 0.112682
0 0.685514 0.714272 0.086028 0.177267
0 0.565978 0.488521 0.032012 0.068020
0 0.749452 0.529595 0.075185 0.083644
0 0.606514 0.493837 0.034504 0.061763
0 0.433220 0.490683 0.037380 0.055532
0 0.680933 0.512897 0.055211 0.076060
0 0.985487 0.867176 0.028510 0.153620
0 0.756773 0.628887 0.083494 0.128818
0 0.828687 0.635076 0.106191 0.136962
0 0.371477 0.469349 0.042717 0.055306
1 0.954944 0.775596 0.089552 0.158253
3 0.330863 0.776847 0.032086 0.069031
0 0.553119 0.423781 0.020187 0.047539
0 0.617798 0.430942 0.027165 0.048379
1 0.489872 0.393360 0.022590 0.069614
1 0.416052 0.578777 0.062524 0.123364