0 0.424386 0.883667 0.125076 0.226369
0 0.593478 0.582841 0.055850 0.122261
0 0.225974 0.645843 0.110356 0.129163
0 0.394112 0.655625 0.086299 0.151447
0 0.181056 0.924724 0.162736 0.146787
0 0.294511 0.554271 0.079216 0.092384
0 0.683342 0.493009 0.053787 0.081511
0 0.652251 0.557388 0.055195 0.109724
0 0.830788 0.613256 0.105312 0.134057
0 0.752562 0.509841 0.075704 0.086291
0 0.480599 0.603341 0.044921 0.103251
0 0.303272 0.721701 0.098287 0.158739
1 0.854074 0.762671 0.139057 0.206219
0 0.576255 0.472911 0.030913 0.067330
0 0.757741 0.608948 0.079584 0.133462
0 0.453677 0.469221 0.035562 0.066172
0 0.412249 0.476990 0.037749 0.067313
0 0.493615 0.452071 0.025234 0.059379
0 0.985450 0.844158 0.028201 0.151425
0 0.338914 0.491352 0.059657 0.067112
1 0.954737 0.758891 0.089602 0.153707
2 0.504325 0.392719 0.024933 0.077830
0 0.646660 0.444115 0.031851 0.064057
0 0.614289 0.440570 0.029272 0.063863
0 0.370436 0.446036 0.038399 0.058103
0 0.762420 0.968621 0.207147 0.059710
0 0.441448 0.413347 0.029904 0.051515