0 0.223193 0.660057 0.111386 0.127914
0 0.334388 0.651592 0.074917 0.118696
0 0.292574 0.568518 0.079950 0.089507
0 0.646001 0.617417 0.059549 0.125665
0 0.473587 0.558834 0.041696 0.087145
0 0.183089 0.952617 0.138084 0.093964
0 0.338010 0.504519 0.058354 0.069372
0 0.681947 0.506121 0.053612 0.082547
0 0.580842 0.579095 0.045155 0.113566
0 0.751024 0.524191 0.073667 0.085207
0 0.336449 0.871328 0.112640 0.231957
0 0.744801 0.927705 0.123539 0.143431
0 0.369352 0.464253 0.041803 0.054455
0 0.829987 0.630257 0.108404 0.142940
0 0.768763 0.762326 0.126223 0.208205
0 0.584123 0.481858 0.028812 0.065344
1 0.858456 0.777223 0.131523 0.206833
0 0.422241 0.453153 0.030854 0.065113
0 0.857835 0.775289 0.132013 0.207546
0 0.391796 0.434423 0.030325 0.039937
1 0.955449 0.771491 0.088628 0.159194
2 0.468687 0.433547 0.031348 0.102960
0 0.756414 0.610911 0.076568 0.109642