4 0.068534 0.769150 0.136416 0.429804
1 0.939975 0.608153 0.119080 0.293631
4 0.674226 0.773741 0.120917 0.410929
3 0.584478 0.819520 0.083740 0.295853
3 0.659168 0.855271 0.117158 0.280273
3 0.769202 0.706775 0.064051 0.183688
0 0.450976 0.617548 0.035845 0.085305
3 0.069129 0.866316 0.137323 0.264547
4 0.533885 0.628579 0.057973 0.142387
3 0.254914 0.843307 0.178977 0.309164
0 0.856670 0.613672 0.058706 0.118271
3 0.522525 0.680275 0.043266 0.142460
4 0.769276 0.651623 0.066265 0.194552
0 0.145526 0.619922 0.040677 0.076529
3 0.359238 0.638973 0.032664 0.111192
3 0.806460 0.655528 0.036925 0.087498
4 0.597618 0.643287 0.088453 0.169034
2 0.507632 0.577600 0.086625 0.185422
4 0.368058 0.558498 0.022793 0.090695
0 0.686139 0.638882 0.099491 0.156831
3 0.536801 0.676849 0.066556 0.145602
0 0.703500 0.633168 0.063168 0.147578