0 0.221783 0.670447 0.109890 0.115065
0 0.197222 0.817916 0.137582 0.176049
0 0.713011 0.621718 0.062999 0.115847
0 0.432971 0.522044 0.038585 0.074096
0 0.752140 0.557217 0.078034 0.106064
0 0.293231 0.588634 0.078020 0.097105
0 0.829705 0.658929 0.112661 0.149366
0 0.617420 0.548338 0.041173 0.066017
0 0.899553 0.856836 0.165358 0.246833
0 0.463350 0.608065 0.046322 0.093968
0 0.337036 0.522831 0.061439 0.068307
0 0.564910 0.459795 0.029615 0.070128
0 0.371847 0.481634 0.043516 0.056056
2 0.630396 0.755708 0.121104 0.366216
1 0.785811 0.934781 0.123800 0.127087
0 0.393569 0.451200 0.031287 0.038699
0 0.690568 0.487360 0.031575 0.044903
0 0.785804 0.935421 0.123299 0.126560
0 0.487909 0.414015 0.021815 0.042861
0 0.412655 0.425343 0.028760 0.042217
4 0.787824 0.666125 0.021694 0.077360