0 0.619429 0.699133 0.070103 0.167192
0 0.456160 0.751983 0.069774 0.162029
0 0.220965 0.672512 0.109928 0.118838
0 0.192968 0.823245 0.137447 0.177943
2 0.497072 0.457092 0.041626 0.111934
0 0.290885 0.587703 0.080804 0.096458
0 0.390537 0.704774 0.070320 0.135788
0 0.411698 0.548514 0.043451 0.082242
0 0.680840 0.523901 0.053575 0.076244
0 0.587572 0.533029 0.040561 0.093105
1 0.756501 0.827816 0.121752 0.246801
0 0.751472 0.548022 0.076049 0.098186
0 0.338450 0.519935 0.058228 0.073067
1 0.858601 0.806093 0.142687 0.218185
0 0.587039 0.456365 0.028408 0.049224
0 0.463051 0.456373 0.023903 0.047859
0 0.790931 0.658543 0.124941 0.139834
0 0.441109 0.437087 0.029005 0.049324
0 0.643898 0.474652 0.034077 0.065387
0 0.988031 0.884385 0.023467 0.147703
0 0.214437 0.979530 0.119193 0.039121
0 0.956485 0.790679 0.086480 0.148515
0 0.392308 0.450520 0.031278 0.044319