0 0.648381 0.599111 0.058912 0.117212
0 0.290787 0.574654 0.081142 0.093111
0 0.581808 0.531459 0.042248 0.092379
1 0.852007 0.785748 0.139028 0.209925
0 0.749336 0.529222 0.076276 0.082903
0 0.680786 0.512276 0.054337 0.079974
0 0.221250 0.666931 0.110527 0.127331
0 0.417979 0.522465 0.050888 0.084926
0 0.337015 0.510771 0.059211 0.070225
0 0.758889 0.629607 0.082495 0.131244
0 0.475091 0.539517 0.036981 0.089982
0 0.829697 0.634745 0.107274 0.138574
2 0.668855 0.942170 0.099413 0.112397
0 0.274756 0.801316 0.112191 0.180299
0 0.371016 0.468384 0.043268 0.055322
0 0.596507 0.456066 0.029887 0.062478
1 0.389906 0.654336 0.088883 0.173189
1 0.274583 0.802141 0.111681 0.180657
0 0.560120 0.451869 0.027059 0.062489
0 0.943871 0.965138 0.111471 0.067891
0 0.669487 0.942852 0.102055 0.114084
1 0.486876 0.407583 0.026311 0.081873
0 0.984737 0.864831 0.029564 0.154452