0 0.451269 0.665522 0.060382 0.120910
0 0.221544 0.671165 0.111416 0.118442
0 0.193280 0.820433 0.137610 0.179573
0 0.291760 0.582436 0.078438 0.093069
0 0.631798 0.870041 0.090738 0.251924
0 0.332049 0.899070 0.125525 0.192527
0 0.681655 0.521491 0.053451 0.081052
0 0.437064 0.913203 0.097024 0.171540
0 0.325763 0.710295 0.090463 0.153828
0 0.586085 0.540361 0.041688 0.083691
0 0.484381 0.551969 0.039516 0.079742
0 0.750861 0.545045 0.075718 0.098415
0 0.563663 0.457833 0.029481 0.061432
0 0.922486 0.952820 0.152484 0.091613
0 0.338189 0.516090 0.056834 0.073392
2 0.458930 0.385061 0.039002 0.078774
0 0.797967 0.656768 0.138836 0.142203
1 0.854891 0.795145 0.140756 0.212143
0 0.954683 0.791683 0.090280 0.160960
0 0.740765 0.862460 0.117540 0.263428
0 0.491368 0.443895 0.023689 0.048501
0 0.854545 0.795228 0.140352 0.212001
0 0.051765 0.950710 0.099747 0.096400
0 0.369852 0.474912 0.041761 0.052199
1 0.741481 0.862817 0.117152 0.262665
0 0.987503 0.880653 0.024077 0.158658
1 0.645167 0.470478 0.031917 0.065209
0 0.602664 0.464872 0.028360 0.063924
0 0.830264 0.646941 0.106145 0.140074