0 0.074107 0.656767 0.147752 0.198065
1 0.927385 0.600694 0.103745 0.256351
3 0.296279 0.782119 0.105776 0.260697
0 0.706127 0.636028 0.076995 0.137780
0 0.368626 0.619699 0.106729 0.165592
0 0.163223 0.612243 0.077522 0.086667
4 0.835407 0.690520 0.081844 0.263895
3 0.437132 0.820428 0.132958 0.352054
4 0.294723 0.689010 0.095747 0.288385
3 0.834778 0.774766 0.065303 0.224392
3 0.747980 0.727980 0.061134 0.192450
0 0.639553 0.614813 0.056010 0.116792
4 0.759491 0.673684 0.074081 0.234010
4 0.436577 0.722282 0.122175 0.358179
4 0.547205 0.660477 0.063870 0.244245
3 0.546429 0.741084 0.060303 0.223500
3 0.600400 0.663077 0.046930 0.108142
0 0.688156 0.599538 0.050455 0.085985
4 0.603189 0.623525 0.048888 0.137590
0 0.860194 0.588491 0.036144 0.062178
3 0.550550 0.749466 0.042530 0.206298
3 0.591921 0.662227 0.038153 0.110528
4 0.790612 0.594311 0.031715 0.077286