0 0.222104 0.672971 0.110293 0.117989
0 0.294018 0.586890 0.077277 0.092814
0 0.190944 0.824126 0.132410 0.175470
0 0.753481 0.558833 0.074788 0.105977
0 0.339947 0.522989 0.057676 0.072001
0 0.829833 0.645074 0.114577 0.127631
0 0.448264 0.527646 0.043694 0.075414
0 0.866936 0.804204 0.145843 0.212879
0 0.439458 0.456837 0.025823 0.046911
0 0.394030 0.452930 0.032186 0.040053
0 0.373484 0.480182 0.043762 0.052775
0 0.646515 0.476630 0.034379 0.068629
0 0.680885 0.517177 0.049089 0.060066
0 0.690626 0.541608 0.039335 0.060654
0 0.582815 0.411007 0.019203 0.038042
0 0.625007 0.830852 0.088073 0.265240
0 0.681897 0.529493 0.053460 0.080937
0 0.493925 0.382837 0.017869 0.033854
1 0.625173 0.831244 0.087985 0.264792
0 0.989666 0.891896 0.019837 0.143429