0 0.620994 0.908096 0.059726 0.073156
0 0.425069 0.761589 0.050128 0.059508
0 0.804429 0.958816 0.067421 0.082367
0 0.691852 0.781845 0.048242 0.071399
0 0.051763 0.837624 0.060985 0.059824
0 0.544104 0.702982 0.038027 0.049246
0 0.294675 0.907144 0.062000 0.083432
0 0.810523 0.850752 0.056329 0.084465
0 0.600611 0.964281 0.064076 0.071438
0 0.663265 0.599880 0.027463 0.036771
0 0.108628 0.938010 0.064915 0.066405
0 0.259365 0.891714 0.073063 0.094425
0 0.518045 0.696136 0.032978 0.052082
0 0.046508 0.918282 0.053989 0.047695
0 0.645749 0.722561 0.028413 0.062966
0 0.843248 0.941649 0.067204 0.085501
0 0.375231 0.849111 0.049971 0.069747
0 0.898358 0.923660 0.071499 0.096096
0 0.467820 0.768635 0.042569 0.065969
4 0.605680 0.815706 0.011074 0.050409
0 0.636374 0.663730 0.030817 0.049085
0 0.178317 0.837093 0.060661 0.061773
0 0.690413 0.972786 0.080256 0.053481
0 0.225793 0.967805 0.069620 0.064390
0 0.670079 0.658245 0.023549 0.050794
0 0.483675 0.561294 0.019039 0.032543
4 0.741926 0.784310 0.015036 0.054793
0 0.118579 0.974279 0.074261 0.051442