0 0.621500 0.617299 0.093462 0.187307
0 0.169127 0.608310 0.134130 0.141898
0 0.910808 0.573078 0.106880 0.172465
0 0.960188 0.774064 0.078560 0.263964
0 0.698550 0.860234 0.112298 0.270156
0 0.355427 0.606442 0.100250 0.127615
0 0.842948 0.420074 0.063894 0.097981
0 0.076944 0.841084 0.152980 0.256672
4 0.246669 0.634013 0.025685 0.109719
0 0.317387 0.451501 0.072052 0.073683
1 0.772541 0.549197 0.086173 0.245149
0 0.259315 0.509593 0.084607 0.098759
0 0.311137 0.537093 0.107270 0.112711
3 0.876452 0.857831 0.064736 0.155186
1 0.205678 0.901394 0.252657 0.186983
0 0.055333 0.718306 0.109962 0.093655
4 0.715557 0.689246 0.038989 0.088242
4 0.601150 0.881663 0.048290 0.143099
0 0.611327 0.294094 0.032514 0.049484
4 0.878955 0.787782 0.061636 0.131154
4 0.962949 0.948397 0.063255 0.100972
0 0.757073 0.939673 0.150898 0.117163
3 0.600579 0.921105 0.048931 0.096991
0 0.818305 0.381520 0.048800 0.080282
2 0.747933 0.321784 0.071737 0.132373
0 0.668721 0.350721 0.034581 0.070896
0 0.700028 0.270458 0.030771 0.067412
4 0.178324 0.724728 0.028565 0.076252
0 0.397199 0.388219 0.052600 0.067666
0 0.698087 0.454406 0.064665 0.162173
0 0.524458 0.977214 0.103349 0.045571
0 0.587631 0.275482 0.025513 0.050436
1 0.925424 0.353569 0.147400 0.311717
0 0.373010 0.435184 0.046782 0.097215
3 0.368599 0.796072 0.048591 0.123568
0 0.680715 0.261523 0.026822 0.051649
0 0.421070 0.354693 0.041436 0.056893
4 0.367715 0.753601 0.040207 0.099247
4 0.451669 0.389543 0.015157 0.064767
0 0.813753 0.319383 0.039361 0.056845
4 0.163452 0.754252 0.034223 0.080903
4 0.161896 0.770330 0.036382 0.111873
0 0.355931 0.401539 0.056392 0.043486
3 0.600744 0.941139 0.045174 0.112350