0 0.123604 0.913148 0.124243 0.168099
2 0.713156 0.430417 0.092447 0.239952
0 0.387594 0.545905 0.073149 0.104517
0 0.863281 0.941536 0.091414 0.116786
2 0.148231 0.169934 0.078656 0.082859
0 0.969362 0.803594 0.060145 0.111516
2 0.681364 0.276980 0.065659 0.169124
0 0.891682 0.707241 0.060548 0.120611
2 0.567631 0.400356 0.066293 0.114620
0 0.332623 0.906068 0.107943 0.157532
0 0.261617 0.970658 0.096298 0.056169
2 0.592045 0.739511 0.105512 0.217463
0 0.384409 0.041860 0.027114 0.045391
0 0.400356 0.099657 0.031273 0.057630
4 0.951600 0.901041 0.023661 0.118916
2 0.396581 0.758583 0.093680 0.176970
0 0.870799 0.563046 0.046942 0.082462
0 0.576187 0.829866 0.080889 0.136941
0 0.885008 0.812104 0.070557 0.130413
4 0.193315 0.574481 0.021983 0.104347
4 0.103759 0.815286 0.036317 0.066154
2 0.670123 0.688820 0.061962 0.151106
4 0.095976 0.565170 0.021116 0.107903
2 0.679236 0.553769 0.075551 0.136161
0 0.018378 0.321217 0.036427 0.111115
0 0.052131 0.324265 0.034458 0.065727
0 0.010811 0.495094 0.021295 0.110921
4 0.954490 0.609354 0.020169 0.089476
0 0.339269 0.498315 0.048648 0.118034
0 0.367556 0.975801 0.083544 0.047123
4 0.090061 0.710964 0.027870 0.121015
0 0.879256 0.860021 0.072077 0.092402
0 0.280312 0.616871 0.062628 0.125915
4 0.029622 0.772866 0.031495 0.115140
0 0.901610 0.598320 0.053807 0.109784
2 0.424774 0.351985 0.051844 0.119551