0 0.619321 0.791431 0.056360 0.069392
0 0.118278 0.813480 0.065073 0.067867
0 0.264882 0.776831 0.063249 0.079255
0 0.688043 0.868730 0.069636 0.083334
0 0.059338 0.717784 0.060555 0.056305
0 0.156517 0.852101 0.068971 0.097412
0 0.830232 0.881999 0.085244 0.099182
0 0.593834 0.941224 0.082393 0.107739
0 0.762917 0.937792 0.081890 0.089905
0 0.598872 0.852853 0.059940 0.081991
0 0.247435 0.936631 0.082336 0.113908
0 0.728669 0.767170 0.060156 0.092380
0 0.670810 0.937344 0.071420 0.092913
0 0.169762 0.900043 0.115087 0.157813
0 0.484156 0.512738 0.035598 0.041323
0 0.184278 0.719798 0.057964 0.060462
4 0.333247 0.949623 0.012702 0.060454
0 0.149792 0.928392 0.076078 0.099977
0 0.892040 0.812023 0.069997 0.094791
0 0.298022 0.870400 0.078495 0.127248
0 0.544480 0.744867 0.043145 0.062661
0 0.625186 0.582325 0.028326 0.054305
1 0.891946 0.811529 0.070442 0.095391
0 0.487535 0.642575 0.040983 0.062369
0 0.052962 0.796423 0.060820 0.047023
1 0.318922 0.753721 0.070091 0.109384