2 0.813080 0.535632 0.173699 0.337836
0 0.772630 0.245635 0.050308 0.073871
0 0.659814 0.353199 0.057438 0.108781
0 0.280664 0.646278 0.115269 0.149733
0 0.232373 0.578495 0.083901 0.128615
0 0.038605 0.922156 0.076749 0.145165
0 0.390335 0.635432 0.114597 0.141611
0 0.599623 0.814413 0.087518 0.148514
0 0.495333 0.238721 0.068088 0.080381
2 0.108463 0.665185 0.216004 0.327203
0 0.041646 0.514336 0.083291 0.089225
0 0.102084 0.394007 0.096531 0.095682
4 0.370078 0.787249 0.026355 0.116647
2 0.743781 0.125019 0.119107 0.134118
0 0.087833 0.479067 0.098812 0.090048
0 0.241023 0.378607 0.082311 0.089932
0 0.146442 0.800820 0.156715 0.213735
0 0.668030 0.640882 0.070535 0.161601
0 0.159088 0.434478 0.093469 0.087320
0 0.308903 0.330859 0.073823 0.073252
4 0.881327 0.449329 0.021215 0.109619
0 0.138567 0.462390 0.077195 0.095393
0 0.271373 0.354930 0.061923 0.080208
4 0.672660 0.803784 0.027492 0.108389
0 0.219411 0.479428 0.085453 0.087085
0 0.142005 0.448791 0.083486 0.090393
0 0.176773 0.348756 0.071622 0.085284
0 0.462722 0.476803 0.120296 0.130783