0 0.073018 0.808561 0.145490 0.336906
0 0.770324 0.482379 0.245035 0.242278
0 0.340503 0.772008 0.247558 0.311779
0 0.095203 0.635981 0.189700 0.247094
0 0.197355 0.876252 0.238713 0.242315
0 0.414033 0.884322 0.197678 0.223428
0 0.573707 0.862693 0.195719 0.263780
0 0.451305 0.246926 0.146301 0.244239
0 0.366822 0.622198 0.207222 0.259096
0 0.568926 0.725544 0.207354 0.235534
4 0.786479 0.651446 0.056444 0.248611
4 0.044764 0.259757 0.070424 0.245246
4 0.739397 0.590908 0.040746 0.264090
4 0.818045 0.517952 0.042102 0.209819
4 0.506183 0.339589 0.037530 0.178223
4 0.622848 0.336293 0.039425 0.143020
4 0.983371 0.699687 0.032576 0.250071
4 0.239665 0.597473 0.048233 0.202428
4 0.671380 0.374977 0.052722 0.225096
4 0.863947 0.690012 0.056534 0.156659
4 0.859995 0.537072 0.050267 0.147961
4 0.432463 0.303128 0.041780 0.219340
0 0.837831 0.875362 0.306867 0.236345
4 0.940295 0.689385 0.056910 0.147735
0 0.080160 0.192397 0.153987 0.203915
4 0.136001 0.330941 0.059366 0.201548
4 0.914936 0.365513 0.042999 0.160522
4 0.931209 0.787797 0.059377 0.164017