0 0.430399 0.848393 0.244622 0.293473
0 0.444300 0.243633 0.165119 0.238246
0 0.373139 0.463481 0.203425 0.261081
0 0.210187 0.879200 0.188920 0.227833
0 0.470358 0.619548 0.166363 0.243805
0 0.260017 0.254980 0.173468 0.209507
0 0.781484 0.457243 0.167289 0.178247
0 0.068845 0.802783 0.137385 0.298220
0 0.676794 0.826956 0.250368 0.317930
0 0.036523 0.307219 0.072824 0.188946
0 0.200415 0.619902 0.201771 0.251557
4 0.077805 0.906061 0.047187 0.187877
4 0.208445 0.089525 0.040815 0.174128
4 0.093980 0.422346 0.043319 0.232194
4 0.779142 0.679540 0.055534 0.265818
4 0.641951 0.601675 0.049022 0.163637
4 0.702930 0.491315 0.049843 0.172664
4 0.026501 0.526826 0.052895 0.219105
4 0.558369 0.447306 0.056031 0.141367
4 0.726817 0.642440 0.055636 0.210106
4 0.960734 0.335883 0.043388 0.135946
4 0.307943 0.099487 0.038332 0.156167
3 0.228162 0.417793 0.075708 0.170279
4 0.077077 0.587676 0.058041 0.127100
4 0.103339 0.225414 0.071359 0.218682
4 0.270340 0.085941 0.040303 0.136468