0 0.756103 0.688962 0.098439 0.185268
0 0.155633 0.913415 0.171473 0.146729
0 0.733908 0.500754 0.066272 0.156890
2 0.203589 0.445849 0.092568 0.161199
0 0.660829 0.448972 0.050989 0.145261
0 0.544205 0.398320 0.069100 0.092872
0 0.094915 0.836316 0.138573 0.166688
1 0.325333 0.607124 0.112915 0.204297
0 0.416453 0.647665 0.075247 0.138806
0 0.766665 0.250835 0.045126 0.070511
0 0.508067 0.364901 0.063737 0.081312
0 0.455912 0.347562 0.068522 0.082293
0 0.592731 0.499645 0.060984 0.157443
0 0.110392 0.711007 0.122566 0.154599
0 0.745980 0.308605 0.037670 0.075920
0 0.461053 0.424778 0.083644 0.091851
0 0.358813 0.475834 0.084312 0.084494
4 0.621454 0.740090 0.021852 0.101716
2 0.302315 0.143387 0.106754 0.104398
0 0.142582 0.548477 0.119410 0.125086
0 0.551143 0.821954 0.083466 0.171561
4 0.882796 0.500246 0.017775 0.076610
2 0.191891 0.180066 0.121278 0.141442
0 0.691267 0.234034 0.033551 0.083285
0 0.160013 0.602710 0.075562 0.108165
0 0.102455 0.392750 0.095645 0.097255