0 0.778141 0.472598 0.228249 0.217696
0 0.333655 0.887322 0.172276 0.220811
2 0.110074 0.648400 0.219332 0.445736
4 0.818268 0.513713 0.043313 0.207954
4 0.679160 0.595997 0.058365 0.250453
4 0.767332 0.686691 0.056872 0.274040
0 0.445068 0.247645 0.162091 0.245070
4 0.917221 0.746595 0.068109 0.282455
4 0.738672 0.594620 0.037951 0.266899
3 0.396982 0.630175 0.086364 0.212973
4 0.257026 0.169272 0.046817 0.208125
0 0.059067 0.337801 0.118133 0.225620
4 0.465388 0.313576 0.039259 0.211969
4 0.613913 0.365505 0.047977 0.219802
0 0.028218 0.151606 0.056097 0.157761
4 0.046392 0.952768 0.052483 0.094463
3 0.954924 0.517102 0.089472 0.161745
4 0.207975 0.241150 0.048093 0.219347
4 0.548040 0.467961 0.050297 0.183456
4 0.326069 0.096200 0.043360 0.192163
4 0.559804 0.240045 0.043043 0.224629
3 0.252850 0.494893 0.074109 0.227406
4 0.616284 0.235981 0.050922 0.186873
4 0.010159 0.950828 0.020318 0.096898
0 0.128555 0.901796 0.149687 0.191133