0 0.699269 0.840061 0.110995 0.189079
2 0.510948 0.418490 0.105674 0.218603
0 0.421719 0.386187 0.055321 0.085831
4 0.620962 0.821396 0.044089 0.184835
0 0.684774 0.397652 0.051113 0.081386
3 0.684216 0.293809 0.016678 0.056622
0 0.900365 0.913923 0.199013 0.145070
0 0.909959 0.959657 0.178762 0.071045
0 0.413926 0.328481 0.052942 0.082151
3 0.680476 0.523635 0.025053 0.077169
4 0.515541 0.560793 0.032023 0.100845
3 0.551653 0.583167 0.035992 0.095471
4 0.680339 0.491167 0.031408 0.081738
0 0.898344 0.884452 0.203312 0.123401
0 0.757381 0.732505 0.092070 0.126463
0 0.803090 0.618623 0.102369 0.144651
0 0.859270 0.789043 0.188915 0.171119
1 0.136206 0.567264 0.065654 0.113229
0 0.298551 0.330316 0.038422 0.061820
4 0.851276 0.607202 0.026476 0.125507
3 0.516549 0.585202 0.032577 0.096767
0 0.790100 0.558845 0.078481 0.112174
3 0.670589 0.239805 0.017515 0.037124
0 0.883244 0.810552 0.205342 0.124415
4 0.774408 0.606219 0.038196 0.081090
0 0.887508 0.462308 0.119917 0.086146
0 0.780541 0.313691 0.043584 0.064315
0 0.855580 0.428600 0.090972 0.088141
2 0.375100 0.118940 0.083259 0.044406
0 0.891576 0.845335 0.214346 0.165262
0 0.507150 0.277039 0.062936 0.089785
0 0.783814 0.445536 0.058555 0.111781