0 0.841524 0.782676 0.141452 0.195270
0 0.294834 0.811172 0.111250 0.168012
0 0.122892 0.726575 0.165459 0.166683
0 0.356555 0.489175 0.096553 0.112182
0 0.784685 0.507257 0.059006 0.124754
0 0.526585 0.408284 0.078038 0.098280
0 0.747632 0.572312 0.076279 0.138189
1 0.141664 0.535515 0.116211 0.187862
0 0.545839 0.333077 0.064209 0.072412
0 0.042683 0.595562 0.085096 0.124371
0 0.599715 0.876083 0.127117 0.194538
0 0.272184 0.485871 0.095133 0.098653
0 0.696509 0.338797 0.047963 0.092677
0 0.658499 0.557851 0.058771 0.161668
0 0.477198 0.382858 0.074225 0.085886
2 0.192472 0.182743 0.120421 0.144598
0 0.358987 0.375997 0.082406 0.108230
0 0.103259 0.393619 0.093594 0.096255
4 0.812205 0.627944 0.021351 0.076298
0 0.052203 0.710639 0.103869 0.139882
4 0.302813 0.953258 0.020518 0.090277
2 0.302236 0.146607 0.106441 0.106697
0 0.445947 0.469450 0.091826 0.124694
0 0.795913 0.234448 0.038157 0.075606
0 0.779650 0.124711 0.039021 0.047618
0 0.446373 0.338875 0.085826 0.089810