0 0.217893 0.690802 0.190609 0.338538
0 0.781918 0.465961 0.221403 0.205423
0 0.444459 0.247717 0.162335 0.245602
0 0.383485 0.560161 0.173715 0.283733
4 0.975686 0.694906 0.047948 0.252880
0 0.038333 0.612745 0.076154 0.279799
0 0.097359 0.833085 0.191850 0.292926
3 0.794070 0.880513 0.239587 0.233439
4 0.827710 0.528186 0.034459 0.179982
4 0.030522 0.311198 0.050261 0.226375
0 0.160290 0.432935 0.139523 0.310066
4 0.796111 0.657086 0.040780 0.249294
4 0.310444 0.950625 0.048351 0.098750
4 0.280955 0.210408 0.041990 0.215995
4 0.710790 0.643555 0.046602 0.232918
4 0.012648 0.345410 0.024605 0.206603
4 0.782018 0.308720 0.029439 0.128912
4 0.956117 0.339008 0.056935 0.129816
3 0.956589 0.510121 0.086293 0.123673
4 0.352612 0.358445 0.045717 0.148212
3 0.343434 0.684013 0.079439 0.238013
0 0.508543 0.877403 0.202290 0.239411
4 0.693278 0.575843 0.044063 0.212692
4 0.751410 0.475693 0.037973 0.125639
4 0.746751 0.633082 0.043721 0.252939
4 0.552042 0.346593 0.039939 0.207578
4 0.616687 0.378428 0.051138 0.127414
4 0.515349 0.423750 0.046319 0.212978
4 0.698854 0.247249 0.039536 0.192785
4 0.326682 0.212679 0.036992 0.197371