2 0.714265 0.438331 0.094625 0.247411
0 0.863737 0.941859 0.089871 0.116216
0 0.891967 0.709938 0.058973 0.111776
4 0.069103 0.720036 0.029517 0.131004
0 0.382526 0.964363 0.083598 0.071274
2 0.682632 0.288089 0.068958 0.171718
4 0.064155 0.929465 0.031934 0.128419
1 0.363678 0.818942 0.094810 0.209759
0 0.320356 0.925893 0.106056 0.138999
0 0.171206 0.307293 0.031556 0.050198
0 0.884278 0.811089 0.070619 0.126385
0 0.902884 0.600825 0.058132 0.110632
4 0.171435 0.506841 0.019294 0.099249
0 0.980159 0.950713 0.038722 0.092214
4 0.908591 0.515172 0.017388 0.051003
0 0.452115 0.165037 0.033861 0.068817
0 0.879196 0.858559 0.071749 0.088876
4 0.211453 0.750751 0.031041 0.098970
0 0.568263 0.890318 0.084259 0.155543
0 0.871024 0.562046 0.049001 0.081552
0 0.258855 0.972937 0.100654 0.053327
2 0.432077 0.912631 0.078713 0.159746
2 0.576956 0.795767 0.102647 0.238804
1 0.376750 0.477306 0.046394 0.110187
2 0.690852 0.541201 0.061360 0.156851
1 0.374468 0.051482 0.029627 0.076164
0 0.887177 0.642523 0.064615 0.102466
4 0.540518 0.974051 0.027080 0.049790
2 0.453178 0.661722 0.098455 0.153315
0 0.018094 0.310942 0.035875 0.078164