0 0.701310 0.432813 0.051438 0.127857
0 0.751200 0.252569 0.061767 0.076865
0 0.579296 0.380295 0.054777 0.114856
0 0.511134 0.364797 0.064962 0.084258
0 0.155402 0.917410 0.172840 0.155715
2 0.203510 0.444692 0.092189 0.160818
0 0.753358 0.329603 0.050779 0.074610
0 0.629922 0.268371 0.053387 0.082223
1 0.325798 0.606398 0.113765 0.206335
0 0.415855 0.647410 0.074193 0.138759
0 0.724530 0.591125 0.066817 0.150033
0 0.460047 0.423507 0.085246 0.091786
0 0.094582 0.836171 0.138796 0.167395
0 0.454916 0.357368 0.069830 0.102687
0 0.552003 0.482226 0.064071 0.092256
0 0.363459 0.476126 0.091685 0.083977
4 0.887996 0.755159 0.027483 0.091963
0 0.110702 0.711810 0.122490 0.154637
0 0.494336 0.236906 0.066559 0.073170
2 0.378313 0.375499 0.080657 0.134253
4 0.882827 0.495982 0.018281 0.083152
0 0.142723 0.548167 0.119290 0.124263
0 0.547107 0.812233 0.071256 0.170858
2 0.192026 0.179053 0.121276 0.139383
0 0.536392 0.583857 0.052098 0.127797
0 0.642854 0.495054 0.046076 0.148245
0 0.157779 0.604795 0.075436 0.107305
0 0.102687 0.392631 0.095949 0.096986
2 0.302450 0.143033 0.107121 0.105864
0 0.442232 0.738607 0.072089 0.151034
0 0.155867 0.738117 0.117695 0.126520
0 0.069391 0.614735 0.121582 0.123932