0 0.317854 0.757778 0.061502 0.072157
0 0.057549 0.826283 0.090330 0.082197
0 0.736757 0.903830 0.064992 0.084871
0 0.162721 0.770702 0.051670 0.062583
0 0.559493 0.540274 0.030717 0.030612
0 0.517925 0.566849 0.039432 0.038104
0 0.013405 0.882488 0.026731 0.066990
0 0.406472 0.547009 0.027305 0.042969
0 0.640398 0.636887 0.048810 0.047594
0 0.672878 0.900304 0.046417 0.102613
0 0.492643 0.538989 0.029614 0.034118
0 0.591024 0.501582 0.018770 0.029447
0 0.118665 0.885585 0.075518 0.083749
0 0.126211 0.881385 0.092858 0.100137
0 0.674264 0.914995 0.047667 0.074878
0 0.728453 0.602779 0.037318 0.052859
0 0.747473 0.967576 0.069198 0.064349
4 0.595013 0.964819 0.013822 0.060567
0 0.919212 0.794270 0.055429 0.065644
0 0.465771 0.527819 0.019171 0.025254
2 0.436774 0.375670 0.057737 0.063260
4 0.718062 0.770246 0.009688 0.050576