2 0.157342 0.630279 0.273268 0.322368
2 0.810482 0.536646 0.177236 0.339543
2 0.113169 0.520142 0.226339 0.242863
0 0.580771 0.337383 0.076766 0.178801
0 0.721113 0.633017 0.097230 0.204150
0 0.351873 0.762971 0.077492 0.176788
0 0.659377 0.336281 0.065363 0.169001
0 0.729401 0.303102 0.046468 0.113195
0 0.496251 0.238464 0.068518 0.077064
2 0.672787 0.168885 0.108258 0.140445
0 0.353769 0.576360 0.094451 0.138503
0 0.662198 0.485982 0.050521 0.147414
0 0.009958 0.844449 0.019572 0.105823
4 0.086423 0.872903 0.030457 0.117210
0 0.102480 0.394408 0.095048 0.096770
0 0.307227 0.335303 0.068319 0.079455
2 0.192908 0.178931 0.119967 0.140593
0 0.358226 0.293123 0.091409 0.075779
2 0.301387 0.144205 0.110624 0.105377
0 0.397786 0.425453 0.081656 0.106131
0 0.739831 0.367185 0.045080 0.091080
0 0.031941 0.454185 0.063549 0.077939
0 0.240755 0.378082 0.073428 0.087555
0 0.175299 0.348459 0.071920 0.088234
2 0.082479 0.228148 0.103575 0.125789
0 0.272489 0.359376 0.066189 0.091218
4 0.317242 0.434053 0.018208 0.078339
2 0.015924 0.690220 0.031554 0.126999
0 0.758017 0.230884 0.051589 0.065983
0 0.114070 0.287368 0.096882 0.089219
0 0.628922 0.672953 0.049292 0.144861