2 0.812825 0.535616 0.175217 0.338299
0 0.495672 0.389529 0.099283 0.097375
0 0.494794 0.238867 0.066273 0.075205
4 0.166349 0.916085 0.027141 0.053766
0 0.102089 0.392846 0.094167 0.097058
0 0.044612 0.514265 0.087492 0.093433
0 0.658246 0.475043 0.061023 0.143260
0 0.154806 0.437892 0.106634 0.098717
2 0.192514 0.181345 0.120984 0.144296
0 0.088301 0.481991 0.104900 0.095496
1 0.157827 0.963492 0.095477 0.068172
0 0.015818 0.551291 0.031534 0.083748
4 0.564847 0.908597 0.020332 0.119041
0 0.175672 0.347395 0.071986 0.087430
4 0.402510 0.950668 0.019123 0.098213
0 0.213348 0.400933 0.074220 0.088897
0 0.114285 0.287469 0.094356 0.086627
0 0.031776 0.448902 0.063108 0.068614
4 0.583835 0.920813 0.023213 0.113076
0 0.218161 0.722901 0.096035 0.160634
2 0.301978 0.144230 0.109018 0.102839
0 0.241700 0.377605 0.072058 0.087177
0 0.348244 0.295939 0.073773 0.075274
0 0.717294 0.201505 0.050112 0.093066
4 0.421826 0.946605 0.018469 0.099711