0 0.778378 0.465953 0.231368 0.206907
4 0.046468 0.453507 0.052263 0.258392
0 0.175136 0.503284 0.133578 0.282659
4 0.325856 0.291262 0.050210 0.231548
4 0.637449 0.435379 0.047461 0.232652
4 0.518049 0.363188 0.049996 0.229157
0 0.272919 0.825111 0.274263 0.328729
3 0.951648 0.500341 0.095509 0.169853
4 0.760322 0.633750 0.045003 0.242953
4 0.699662 0.655928 0.052972 0.230329
0 0.445879 0.242764 0.151508 0.232949
4 0.931886 0.763495 0.070684 0.307548
4 0.815863 0.643562 0.044594 0.213575
4 0.457074 0.309454 0.035036 0.218492
4 0.672808 0.578677 0.058582 0.223543
0 0.075773 0.209829 0.135732 0.251164
4 0.401733 0.283386 0.040118 0.189409
0 0.578750 0.949566 0.140011 0.099795
4 0.293161 0.134800 0.044217 0.216555
4 0.253967 0.595914 0.048078 0.182964
4 0.813771 0.500593 0.039846 0.179352
4 0.719520 0.346873 0.061649 0.108808
4 0.841247 0.509376 0.032838 0.213954
4 0.557056 0.312958 0.040505 0.155891
4 0.224997 0.259946 0.057869 0.222949
4 0.947150 0.769362 0.094491 0.313699
3 0.910297 0.748340 0.179143 0.147867
4 0.350263 0.256027 0.042193 0.233984
4 0.435831 0.301409 0.032734 0.209145
4 0.736748 0.577667 0.032680 0.252857
4 0.564708 0.419604 0.044054 0.195196