2 0.807291 0.541210 0.174819 0.338598
0 0.064881 0.727098 0.129762 0.152323
0 0.167052 0.628272 0.106160 0.141870
0 0.634359 0.920792 0.133105 0.154918
0 0.341561 0.478908 0.098275 0.115957
0 0.612259 0.682808 0.121593 0.205438
0 0.268660 0.546364 0.101732 0.140907
0 0.250071 0.488225 0.082076 0.106582
0 0.676469 0.653721 0.090101 0.154128
0 0.048641 0.636320 0.096911 0.149772
4 0.239685 0.764254 0.024388 0.113760
0 0.407487 0.400780 0.069853 0.098879
0 0.593525 0.359897 0.059718 0.104245
0 0.144027 0.578802 0.101744 0.128629
4 0.403146 0.909531 0.024556 0.127306
4 0.574266 0.949392 0.035762 0.101006
0 0.100936 0.393172 0.094787 0.098359
4 0.259261 0.885644 0.025480 0.061703
4 0.458372 0.944672 0.027733 0.105447
2 0.527706 0.713312 0.091437 0.130030
0 0.684017 0.463057 0.048831 0.119110
0 0.426584 0.344463 0.067287 0.092975
0 0.122470 0.540650 0.090037 0.107166
1 0.268508 0.950487 0.094606 0.095314