0 0.215488 0.732816 0.187088 0.308230
0 0.774370 0.470951 0.235629 0.206862
0 0.094202 0.852559 0.178813 0.280571
0 0.438803 0.218821 0.151084 0.185949
0 0.485631 0.372124 0.143034 0.181047
1 0.146181 0.131453 0.167468 0.250599
4 0.891107 0.704801 0.048333 0.277422
4 0.696072 0.672352 0.049281 0.246248
0 0.466665 0.526689 0.170199 0.247017
4 0.977784 0.840935 0.043988 0.287433
4 0.761591 0.539144 0.058011 0.254894
0 0.158105 0.368893 0.147018 0.226961
0 0.050367 0.430872 0.100456 0.216081
4 0.654267 0.668275 0.057101 0.258875
4 0.930468 0.729721 0.053121 0.242452
3 0.312587 0.332553 0.079658 0.206807
4 0.806941 0.669016 0.054720 0.272375
4 0.588363 0.470928 0.047322 0.203891
4 0.712970 0.519087 0.040295 0.213791
0 0.033943 0.126589 0.067390 0.181001
3 0.953752 0.518709 0.091895 0.147039
4 0.416113 0.636111 0.057641 0.135685
4 0.422006 0.819112 0.062850 0.284962
4 0.460437 0.824822 0.052836 0.276634
4 0.635218 0.490027 0.050691 0.148415
0 0.032169 0.684681 0.064051 0.219220
4 0.960787 0.334811 0.042892 0.123140