0 0.054171 0.813228 0.060777 0.058698
0 0.622022 0.883519 0.056574 0.073503
0 0.109098 0.910947 0.061057 0.068274
0 0.690063 0.960857 0.079125 0.077224
0 0.600786 0.944597 0.062451 0.084366
0 0.355428 0.795425 0.065843 0.081505
0 0.254072 0.928357 0.063605 0.091943
0 0.477587 0.744989 0.041533 0.063557
0 0.804193 0.886870 0.068629 0.088837
0 0.623810 0.582524 0.027803 0.039171
0 0.180530 0.812748 0.060891 0.060537
0 0.049273 0.894862 0.056492 0.049873
0 0.544663 0.833873 0.042505 0.063173
0 0.683418 0.544259 0.024887 0.038775
0 0.447490 0.727849 0.049387 0.061508
0 0.217620 0.900431 0.063791 0.089369
0 0.294760 0.952697 0.080934 0.094605
0 0.659112 0.656914 0.032377 0.049398
0 0.848688 0.959988 0.084055 0.080024
0 0.422119 0.777454 0.042571 0.064735
2 0.605455 0.476653 0.044289 0.074536
0 0.507051 0.698119 0.038507 0.053527
0 0.341618 0.857974 0.057538 0.074931
0 0.675807 0.747412 0.035054 0.062100
1 0.803976 0.886793 0.068438 0.089084
4 0.759745 0.930062 0.014050 0.059150
0 0.687268 0.491234 0.037245 0.064171