0 0.775225 0.485408 0.236114 0.236838
0 0.447663 0.247846 0.155627 0.244766
4 0.452107 0.732099 0.071364 0.229244
4 0.304804 0.826378 0.073464 0.222503
0 0.087108 0.823578 0.165583 0.267876
0 0.312094 0.433789 0.185119 0.207480
4 0.637768 0.544767 0.050137 0.232827
4 0.281855 0.242054 0.050309 0.188277
0 0.153717 0.603943 0.183193 0.303290
4 0.864729 0.747858 0.052774 0.258233
0 0.032913 0.490814 0.065538 0.266139
4 0.946571 0.520328 0.073924 0.185883
4 0.322356 0.268258 0.040140 0.145991
4 0.366530 0.739045 0.055837 0.209499
4 0.723005 0.576743 0.052417 0.261043
4 0.834539 0.531054 0.043822 0.171123
4 0.800726 0.658263 0.035765 0.255981
4 0.376302 0.653127 0.056253 0.173516
4 0.487932 0.401541 0.048166 0.142711
3 0.364171 0.838509 0.042657 0.134981
4 0.578940 0.490434 0.052086 0.132938
0 0.626183 0.821295 0.210850 0.344216
3 0.446332 0.902680 0.081073 0.194089
4 0.751769 0.515752 0.038912 0.201819