0 0.770557 0.485532 0.246623 0.235026
0 0.050657 0.122966 0.100673 0.233339
0 0.090462 0.507851 0.178865 0.214340
4 0.897283 0.825299 0.060958 0.289888
0 0.232538 0.832919 0.167928 0.277575
0 0.446405 0.242470 0.160373 0.233067
4 0.782061 0.639550 0.064712 0.283140
4 0.820968 0.518257 0.043924 0.211459
4 0.914248 0.439778 0.058934 0.213323
4 0.740591 0.578356 0.037608 0.273286
4 0.860371 0.727644 0.057994 0.284044
4 0.559210 0.258023 0.033884 0.199284
3 0.955775 0.508845 0.087857 0.154307
4 0.349722 0.217106 0.049399 0.107870
3 0.612226 0.295983 0.054041 0.101222
4 0.973442 0.845770 0.052123 0.294692
4 0.142953 0.969585 0.048982 0.059154
3 0.618720 0.627655 0.049839 0.172480
4 0.253782 0.097496 0.036860 0.191981
4 0.190073 0.317875 0.056998 0.171407
0 0.093072 0.779128 0.152642 0.259992
4 0.662384 0.402845 0.041643 0.203226
4 0.398043 0.082630 0.045246 0.130432
4 0.350288 0.103093 0.037171 0.173858
4 0.614677 0.229070 0.048979 0.175506
0 0.410703 0.814842 0.273408 0.359439
4 0.617968 0.542685 0.054565 0.199541
0 0.052062 0.335309 0.069092 0.145561
4 0.438225 0.228750 0.033045 0.065094
4 0.624879 0.420699 0.044725 0.154050
4 0.191099 0.633339 0.048786 0.208659
4 0.716831 0.543272 0.030639 0.205131