2 0.713245 0.429965 0.092680 0.240233
0 0.472313 0.339823 0.045735 0.090216
0 0.891726 0.709548 0.060084 0.112386
0 0.863412 0.941177 0.090960 0.116527
2 0.681891 0.275182 0.065955 0.151615
0 0.878468 0.862517 0.070997 0.094573
0 0.171134 0.308867 0.034762 0.055376
0 0.884053 0.811495 0.072220 0.127833
4 0.151648 0.504368 0.019632 0.098341
0 0.422834 0.739121 0.069976 0.132916
0 0.362820 0.965279 0.101294 0.069442
0 0.870999 0.562609 0.047150 0.082846
4 0.303576 0.610075 0.027385 0.071162
0 0.575436 0.861674 0.077784 0.140919
0 0.398813 0.280626 0.035649 0.075248
4 0.211905 0.450423 0.018372 0.092517
0 0.458272 0.223214 0.037674 0.063793
0 0.901364 0.601759 0.058222 0.112326
2 0.605771 0.149427 0.048175 0.100908
2 0.565679 0.405944 0.064904 0.109055
0 0.257698 0.972196 0.099713 0.053346
0 0.018732 0.321277 0.037188 0.108064
2 0.437335 0.148539 0.040891 0.104067
4 0.180329 0.708002 0.031968 0.084280
4 0.087518 0.872858 0.048449 0.119933
2 0.366722 0.818761 0.095538 0.211712
2 0.444936 0.872862 0.080918 0.145783
4 0.943963 0.563952 0.018746 0.087532
0 0.470566 0.251226 0.019982 0.054070
2 0.625920 0.246418 0.041224 0.087160
2 0.584674 0.766615 0.100060 0.213440
0 0.318344 0.922899 0.100044 0.138455
0 0.019653 0.485569 0.037585 0.083236
4 0.043571 0.353293 0.013543 0.056980
0 0.417186 0.236441 0.029817 0.075682
2 0.554020 0.220660 0.049496 0.089860
2 0.571500 0.323993 0.066151 0.146915
2 0.576059 0.567184 0.070730 0.090825
3 0.303256 0.653448 0.025889 0.054215
2 0.642597 0.424223 0.050999 0.143607
4 0.121135 0.536838 0.019503 0.101354