2 0.812403 0.536169 0.173444 0.338220
0 0.431217 0.357728 0.061707 0.091860
0 0.658470 0.635839 0.081653 0.157109
0 0.577314 0.406589 0.056774 0.123460
0 0.084377 0.484949 0.108734 0.102062
0 0.495175 0.240823 0.064814 0.082091
4 0.329257 0.473953 0.018427 0.092803
0 0.043247 0.513973 0.085026 0.094136
0 0.102152 0.392918 0.094499 0.099170
4 0.154019 0.523516 0.023793 0.117335
0 0.305071 0.331772 0.063049 0.070674
0 0.153623 0.434232 0.105922 0.090620
4 0.153818 0.918102 0.028308 0.058605
4 0.479223 0.393659 0.032197 0.111210
0 0.016247 0.552382 0.032361 0.085752
4 0.221504 0.481139 0.019893 0.089389
0 0.176239 0.348946 0.068750 0.083985
0 0.672282 0.477235 0.051123 0.129903
2 0.192117 0.177841 0.122007 0.138513
4 0.240405 0.474548 0.019288 0.081347
0 0.239584 0.377196 0.084568 0.087778
0 0.573223 0.250837 0.087185 0.131093
0 0.019186 0.771999 0.038137 0.127312
0 0.114043 0.287653 0.095383 0.087663
0 0.031979 0.450119 0.063651 0.068993
1 0.157169 0.963005 0.094550 0.068897
0 0.275377 0.356974 0.066667 0.084074
0 0.437087 0.241440 0.055970 0.065699