0 0.722865 0.916524 0.130393 0.166952
0 0.576205 0.531556 0.070568 0.120799
0 0.641204 0.443736 0.052033 0.103932
0 0.385850 0.426980 0.052388 0.088719
3 0.312811 0.780551 0.044575 0.132912
4 0.312518 0.742408 0.046973 0.130562
0 0.792669 0.570930 0.083530 0.139636
3 0.358134 0.494809 0.032434 0.069091
4 0.456455 0.867293 0.054670 0.166930
3 0.454788 0.918941 0.046549 0.137037
0 0.810415 0.628554 0.079026 0.138586
3 0.405852 0.610256 0.035207 0.075961
0 0.911702 0.959420 0.175349 0.071614
4 0.485275 0.772277 0.048818 0.149712
0 0.277950 0.346521 0.041594 0.067759
0 0.744577 0.414373 0.063409 0.076763
0 0.397280 0.735540 0.076021 0.180090
3 0.485460 0.798342 0.044151 0.113736
0 0.618056 0.249858 0.033615 0.048880
0 0.207253 0.948786 0.111374 0.100047
0 0.436055 0.455722 0.062563 0.133400
4 0.799485 0.921764 0.038209 0.156473
0 0.904640 0.917338 0.190720 0.140317
0 0.759665 0.721062 0.085406 0.110927
0 0.606896 0.487862 0.051162 0.107278
4 0.404921 0.589444 0.038363 0.112132
1 0.534115 0.442605 0.059027 0.150173
4 0.855305 0.655080 0.025188 0.100627
1 0.410064 0.330139 0.043398 0.109093
4 0.487442 0.531339 0.029264 0.095460
3 0.487066 0.563524 0.031198 0.078785
1 0.436537 0.454824 0.061347 0.131945
3 0.490914 0.365674 0.017068 0.059085
0 0.781670 0.310286 0.045742 0.067616
2 0.937528 0.654336 0.124244 0.207584
0 0.855629 0.776991 0.181361 0.151958
4 0.404623 0.565816 0.036539 0.065599
0 0.145382 0.535963 0.046899 0.124832
1 0.935850 0.652910 0.126291 0.203514