0 0.772710 0.476800 0.240893 0.220127
0 0.232210 0.795722 0.165642 0.302795
0 0.489514 0.756743 0.179084 0.359403
0 0.097639 0.857561 0.178603 0.273195
0 0.297382 0.374660 0.185981 0.254283
4 0.231035 0.080294 0.045571 0.116172
1 0.249551 0.259294 0.163620 0.262974
0 0.439845 0.231157 0.147233 0.213557
0 0.562921 0.619395 0.172120 0.267687
0 0.480365 0.377241 0.152549 0.194631
0 0.026643 0.746530 0.052962 0.230525
0 0.080008 0.631746 0.120400 0.182499
4 0.891305 0.699663 0.041378 0.274737
4 0.747011 0.647555 0.055487 0.245011
4 0.959184 0.720577 0.047019 0.239396
4 0.481577 0.404717 0.040298 0.196958
4 0.795060 0.673519 0.048455 0.263892
4 0.314036 0.832664 0.060299 0.262000
4 0.699664 0.667423 0.039793 0.268923
3 0.954200 0.524191 0.091023 0.146152
0 0.053089 0.500051 0.105523 0.246436
4 0.711546 0.523620 0.051255 0.124344
4 0.961381 0.334304 0.041772 0.115334
4 0.743769 0.481722 0.042034 0.148925
4 0.934709 0.849565 0.054730 0.291402
4 0.668156 0.663814 0.043778 0.264230