0 0.309226 0.760010 0.061237 0.071349
0 0.741125 0.905943 0.065034 0.083744
0 0.058410 0.827074 0.093681 0.080600
0 0.409257 0.550667 0.028342 0.043954
0 0.640740 0.636510 0.048514 0.048987
0 0.672863 0.901221 0.047708 0.103801
0 0.156345 0.776448 0.059757 0.074775
0 0.518259 0.566275 0.039321 0.039067
0 0.099090 0.888374 0.098821 0.109631
0 0.590898 0.501806 0.018884 0.030572
4 0.591298 0.959317 0.012836 0.062460
0 0.444929 0.554441 0.029968 0.042028
0 0.494453 0.539255 0.028929 0.034905
0 0.728821 0.602707 0.036989 0.052474
0 0.918833 0.795157 0.056237 0.067025
1 0.098459 0.887737 0.096448 0.108509
4 0.715695 0.769419 0.012994 0.049241
0 0.429572 0.483011 0.020042 0.029246