2 0.813050 0.535015 0.173494 0.338720
0 0.322535 0.757964 0.088072 0.167021
0 0.065340 0.787896 0.130523 0.198776
0 0.660840 0.438985 0.055027 0.106168
0 0.691624 0.538222 0.056361 0.128577
0 0.147304 0.672442 0.119157 0.146843
0 0.200331 0.550777 0.106135 0.126237
0 0.096501 0.623652 0.117599 0.133088
0 0.686558 0.633088 0.080440 0.144269
0 0.494986 0.238818 0.067979 0.080195
0 0.460845 0.364528 0.078475 0.093463
4 0.590653 0.955476 0.030670 0.086697
2 0.660740 0.283737 0.140657 0.223937
0 0.107736 0.545593 0.127720 0.139064
2 0.314186 0.468465 0.121698 0.173077
0 0.770901 0.154076 0.039256 0.075847
0 0.589254 0.214077 0.056770 0.070513
0 0.757879 0.741972 0.114175 0.182363
0 0.767962 0.077112 0.034069 0.047199
0 0.676330 0.136387 0.052070 0.057448
4 0.626483 0.632124 0.024571 0.101905
0 0.926419 0.832779 0.107535 0.119389
0 0.040248 0.517215 0.080497 0.092616
0 0.028675 0.720544 0.056947 0.100764
4 0.401896 0.951752 0.020489 0.095986
0 0.552796 0.400203 0.060955 0.104285
4 0.358136 0.978695 0.028149 0.042609
0 0.101633 0.393284 0.093239 0.099650
2 0.302036 0.143937 0.108337 0.103130
0 0.723618 0.811720 0.158591 0.199648
2 0.194290 0.182181 0.118005 0.141483
1 0.314499 0.469047 0.122787 0.173044
0 0.153478 0.438150 0.103547 0.098311
4 0.499044 0.407180 0.017231 0.075222
4 0.421848 0.946235 0.020533 0.100325
1 0.406339 0.239338 0.079591 0.103782
4 0.756511 0.295284 0.012480 0.065812
4 0.984851 0.755508 0.019672 0.096010