0 0.863939 0.941882 0.090760 0.116236
2 0.710698 0.450085 0.101598 0.261488
0 0.891534 0.709611 0.059643 0.112671
0 0.555951 0.924816 0.083376 0.143164
4 0.779892 0.531482 0.022391 0.104436
0 0.883433 0.811245 0.072165 0.127090
0 0.871049 0.562892 0.047751 0.081372
0 0.902438 0.600531 0.058240 0.110532
0 0.315507 0.928619 0.118422 0.137457
4 0.097820 0.677306 0.030940 0.128934
1 0.364051 0.805457 0.094602 0.177845
2 0.684404 0.290936 0.067387 0.174926
0 0.879110 0.858534 0.071454 0.089092
4 0.213302 0.647113 0.028445 0.093722
4 0.137879 0.545085 0.020700 0.099977
4 0.306100 0.567227 0.025336 0.076293
0 0.424351 0.098494 0.029035 0.057631
0 0.017692 0.318414 0.034980 0.098041
2 0.627151 0.334288 0.041698 0.092892
0 0.413033 0.930398 0.085899 0.136415
1 0.569680 0.821202 0.107606 0.234669
4 0.197744 0.458213 0.017441 0.091822
4 0.914547 0.513591 0.013798 0.064374
0 0.887000 0.642375 0.064620 0.102364
4 0.006324 0.415494 0.012647 0.119698
0 0.546273 0.496485 0.053527 0.097829
4 0.213087 0.439738 0.016432 0.084739
2 0.558038 0.407589 0.064278 0.140279
0 0.365602 0.980664 0.081566 0.037856
0 0.336924 0.172518 0.029974 0.046284
4 0.393701 0.483159 0.023575 0.090266
4 0.900198 0.511922 0.015783 0.067440
3 0.307248 0.608794 0.024531 0.061511
0 0.413703 0.769524 0.065204 0.154345
2 0.017781 0.320633 0.035308 0.102193