0 0.910715 0.876859 0.093563 0.099402
0 0.620713 0.750179 0.054902 0.070219
0 0.249489 0.895000 0.083391 0.118007
0 0.593287 0.896109 0.082375 0.106534
0 0.757526 0.897319 0.073018 0.091472
0 0.442903 0.587431 0.044095 0.054476
0 0.153098 0.818600 0.081637 0.096140
0 0.194914 0.827511 0.069996 0.094495
0 0.362162 0.691323 0.051900 0.069243
0 0.687182 0.826262 0.070208 0.082997
0 0.120966 0.766823 0.064639 0.068945
0 0.155505 0.961916 0.080063 0.076168
2 0.479974 0.591365 0.052361 0.098722
0 0.598720 0.806884 0.059219 0.083975
0 0.674019 0.893989 0.063289 0.091828
1 0.769469 0.708754 0.076516 0.143519
0 0.747591 0.962411 0.094867 0.069693
0 0.393245 0.637632 0.042798 0.063606
0 0.889983 0.771752 0.069998 0.098500
0 0.031168 0.951508 0.062102 0.090153
0 0.278647 0.741222 0.057671 0.077306
0 0.544844 0.701815 0.042583 0.061841
0 0.063411 0.669953 0.061078 0.055697
4 0.926175 0.833064 0.017042 0.066278
2 0.608490 0.356179 0.044868 0.073483
0 0.863517 0.961632 0.096348 0.076677
0 0.527318 0.417765 0.025574 0.035398
0 0.107198 0.958193 0.081787 0.080394
0 0.059507 0.749438 0.052748 0.044368