0 0.762843 0.698973 0.157153 0.226267
2 0.919419 0.731038 0.160494 0.517865
0 0.656203 0.564530 0.117575 0.197582
0 0.697846 0.378975 0.093830 0.158130
0 0.438766 0.897948 0.174284 0.200995
0 0.597576 0.718141 0.132234 0.260791
0 0.453203 0.663317 0.135897 0.248374
0 0.725964 0.316214 0.086835 0.127331
4 0.811124 0.392939 0.041176 0.081694
0 0.575929 0.426513 0.117278 0.198671
0 0.815649 0.531641 0.113321 0.214551
3 0.543725 0.557590 0.037983 0.103333
0 0.447060 0.504100 0.107156 0.101856
0 0.590820 0.306183 0.073794 0.134696
4 0.788873 0.241978 0.028027 0.117375
4 0.576329 0.671595 0.032713 0.059833
0 0.682950 0.036304 0.038650 0.070018
1 0.654724 0.136911 0.037169 0.105577
4 0.617247 0.230867 0.030101 0.101577
3 0.789324 0.251204 0.026670 0.105293
0 0.610291 0.188124 0.063396 0.125499
4 0.543881 0.503731 0.041776 0.145103
4 0.756136 0.190709 0.022622 0.109953
4 0.756506 0.166837 0.021113 0.061730
3 0.789238 0.265097 0.025124 0.076952