0 0.619331 0.768144 0.058927 0.070746
0 0.760311 0.915678 0.076241 0.095327
0 0.594104 0.917203 0.084254 0.107284
0 0.688874 0.842627 0.067355 0.087337
0 0.062122 0.692346 0.059954 0.057032
0 0.599460 0.828270 0.059567 0.078384
0 0.674256 0.913202 0.064431 0.094474
0 0.239898 0.829745 0.065089 0.094347
0 0.500939 0.601334 0.038017 0.055658
0 0.119446 0.789395 0.062955 0.067587
0 0.248594 0.914396 0.080144 0.120663
0 0.168699 0.841851 0.067964 0.087512
1 0.868393 0.838270 0.105011 0.181682
0 0.366627 0.670911 0.045647 0.062938
0 0.689180 0.744769 0.052145 0.080902
0 0.139072 0.970040 0.112432 0.058571
4 0.341365 0.950889 0.013313 0.057333
0 0.864298 0.961828 0.095821 0.076345
0 0.892600 0.787314 0.066103 0.093262
0 0.048792 0.954779 0.081180 0.086426
0 0.443815 0.627295 0.032478 0.054814
0 0.287344 0.772440 0.056149 0.071627
0 0.186976 0.694309 0.058381 0.057602
0 0.296055 0.825380 0.057258 0.082763
0 0.058208 0.768201 0.054894 0.048475
0 0.639031 0.530708 0.033775 0.049243
0 0.301966 0.716765 0.054558 0.057452