0 0.652153 0.777119 0.052204 0.072367
0 0.215287 0.792333 0.072194 0.087093
0 0.749670 0.894922 0.068245 0.099265
0 0.838271 0.918664 0.073289 0.098093
0 0.743860 0.963178 0.073453 0.073012
0 0.051447 0.817633 0.089029 0.080763
0 0.551014 0.685372 0.039937 0.060936
0 0.524651 0.640131 0.038051 0.057964
0 0.095835 0.845680 0.075360 0.082381
0 0.727152 0.634047 0.041558 0.057155
0 0.171936 0.787528 0.056960 0.074024
0 0.891535 0.880790 0.073792 0.074979
0 0.913609 0.778183 0.052392 0.060183
4 0.666531 0.707336 0.011679 0.057070
0 0.667313 0.904665 0.048222 0.077836
0 0.479931 0.529540 0.029659 0.034294
0 0.942020 0.872631 0.076243 0.080737