0 0.114469 0.616476 0.138105 0.140569
0 0.099949 0.914063 0.198568 0.168166
0 0.640515 0.534636 0.074325 0.157225
0 0.663374 0.694011 0.082630 0.236925
1 0.783594 0.908376 0.162878 0.180782
1 0.779375 0.702884 0.097479 0.251357
4 0.129524 0.729412 0.031457 0.140870
0 0.206316 0.514185 0.083145 0.093584
0 0.930850 0.774401 0.137731 0.268057
0 0.311271 0.412680 0.065046 0.061014
0 0.052236 0.834674 0.104010 0.214391
4 0.211726 0.607938 0.028993 0.113091
0 0.789468 0.427187 0.056922 0.092762
0 0.855465 0.576638 0.101861 0.168945
0 0.534321 0.339196 0.042215 0.057914
0 0.287001 0.563625 0.080701 0.138778
0 0.336780 0.742794 0.158441 0.230046
0 0.557009 0.274262 0.030692 0.044254
0 0.658127 0.408217 0.042009 0.088796
0 0.245700 0.540997 0.083673 0.101584
0 0.026139 0.715129 0.051746 0.063791
0 0.334190 0.578005 0.076960 0.114269
1 0.545845 0.823455 0.082954 0.234582
0 0.261964 0.455679 0.060796 0.072341
0 0.349893 0.393929 0.053670 0.068588
1 0.336980 0.741955 0.158439 0.228486
0 0.546014 0.823966 0.083118 0.234503
0 0.488410 0.617517 0.060347 0.181267
3 0.375508 0.435790 0.022844 0.070673
0 0.722305 0.597114 0.057842 0.152679
0 0.301246 0.456810 0.075025 0.087084