0 0.667362 0.896974 0.162862 0.201979
3 0.774888 0.855794 0.062242 0.179603
0 0.478592 0.777418 0.165708 0.296227
4 0.471382 0.944977 0.081847 0.106382
0 0.474209 0.566255 0.120402 0.179732
0 0.727468 0.592333 0.112413 0.234771
0 0.606760 0.378339 0.083681 0.145506
3 0.884226 0.915568 0.070117 0.165448
0 0.565428 0.469801 0.093031 0.197737
4 0.452838 0.720555 0.037231 0.051508
0 0.676847 0.438069 0.078313 0.168105
4 0.883405 0.877671 0.069844 0.216360
0 0.595798 0.285227 0.077116 0.116750
4 0.768375 0.346967 0.030787 0.129844
3 0.968963 0.661068 0.058430 0.149736
4 0.776472 0.800589 0.065002 0.206988
4 0.831295 0.288450 0.028200 0.093021
4 0.651478 0.747336 0.058824 0.097220
0 0.727597 0.366717 0.076385 0.098725
0 0.682800 0.034724 0.040349 0.066643
1 0.680391 0.229121 0.069198 0.178876
0 0.728484 0.479835 0.113300 0.130944
4 0.689839 0.268008 0.033176 0.096586
4 0.639714 0.886469 0.050708 0.083378
4 0.963138 0.572852 0.046567 0.092958
4 0.774284 0.747618 0.060105 0.103672
4 0.676717 0.308222 0.037235 0.096918
4 0.964145 0.599107 0.048914 0.144599