0 0.863592 0.834454 0.086575 0.094551
0 0.620519 0.741790 0.055445 0.070374
0 0.466367 0.558906 0.040509 0.049247
0 0.593529 0.886947 0.083707 0.107903
0 0.757676 0.887071 0.073641 0.093438
0 0.250815 0.887292 0.081273 0.115857
0 0.687486 0.818691 0.070544 0.080811
0 0.390519 0.663969 0.049345 0.065651
0 0.236710 0.787490 0.064954 0.086428
0 0.203335 0.770932 0.074160 0.088146
0 0.544750 0.694513 0.041553 0.065439
0 0.155106 0.958106 0.083428 0.083789
0 0.598647 0.796856 0.059187 0.085425
0 0.672055 0.885593 0.065474 0.091803
0 0.520658 0.416340 0.021712 0.037629
0 0.749145 0.961236 0.098357 0.077527
0 0.973506 0.947574 0.052229 0.087975
0 0.091130 0.897779 0.081614 0.107350
0 0.063497 0.661522 0.060972 0.051111
0 0.578439 0.503819 0.030521 0.045868
0 0.119016 0.760727 0.059479 0.065277
0 0.863359 0.958713 0.095899 0.082574
0 0.425875 0.604850 0.044610 0.066572
2 0.509699 0.560989 0.052195 0.094813
0 0.890138 0.771520 0.068435 0.106778
2 0.742898 0.672460 0.071993 0.141778
0 0.481590 0.469790 0.039227 0.040019
1 0.742571 0.672779 0.072267 0.139857
0 0.632421 0.637359 0.027688 0.067346
4 0.192673 0.878843 0.014391 0.063485
0 0.862912 0.941080 0.097159 0.117840
0 0.102993 0.952780 0.079042 0.093121