2 0.495210 0.520195 0.140429 0.288418
0 0.698937 0.839969 0.112891 0.187851
0 0.630190 0.477848 0.067607 0.098141
0 0.400079 0.466120 0.069085 0.113307
4 0.612796 0.835706 0.038356 0.188377
2 0.509760 0.322144 0.086366 0.125142
0 0.406548 0.371239 0.049871 0.072392
3 0.481195 0.778274 0.034345 0.111703
0 0.899065 0.912024 0.201595 0.146707
0 0.758780 0.731263 0.087400 0.126770
0 0.910312 0.959557 0.178040 0.070848
4 0.529933 0.728702 0.045761 0.123667
3 0.531741 0.768584 0.042445 0.104308
0 0.781115 0.313319 0.044472 0.063209
0 0.806174 0.623618 0.085781 0.152601
3 0.680310 0.577983 0.029897 0.086842
0 0.897882 0.887297 0.204236 0.125229
4 0.479880 0.724284 0.039364 0.106978
4 0.858655 0.625327 0.028920 0.127837
0 0.791828 0.572622 0.082974 0.140934
0 0.882468 0.810446 0.209025 0.123963
0 0.861591 0.788010 0.193352 0.171745
0 0.886095 0.461220 0.123816 0.086369
4 0.730110 0.610294 0.034172 0.109191
4 0.661820 0.438387 0.022431 0.081502
3 0.712676 0.336599 0.020672 0.068230
3 0.732052 0.643540 0.036956 0.069072
3 0.615433 0.878072 0.028141 0.106335
1 0.938803 0.656322 0.121834 0.198079
1 0.787920 0.430538 0.063645 0.136046
0 0.890181 0.836593 0.217168 0.156349
0 0.858575 0.427520 0.086810 0.089391
4 0.680719 0.548454 0.030598 0.100517
4 0.480030 0.704451 0.038235 0.068451
4 0.681331 0.533413 0.028059 0.070914