0 0.337387 0.491634 0.204924 0.265995
0 0.126901 0.594179 0.158533 0.297320
0 0.218343 0.840506 0.245982 0.299505
0 0.443436 0.246022 0.167158 0.242965
0 0.584633 0.892833 0.165211 0.204614
4 0.484699 0.566299 0.070362 0.190772
4 0.709226 0.649836 0.052755 0.261515
4 0.792141 0.850687 0.045389 0.293137
4 0.173123 0.281492 0.072350 0.163196
4 0.633491 0.538829 0.046006 0.272557
4 0.143357 0.093997 0.052293 0.184879
3 0.481067 0.635292 0.076216 0.159615
4 0.788436 0.618644 0.046233 0.257113
4 0.951744 0.781716 0.075422 0.303008
4 0.872752 0.505499 0.036908 0.212239
4 0.876636 0.861591 0.067543 0.271225
4 0.196040 0.069406 0.044713 0.134604
4 0.675258 0.553807 0.055975 0.192597
4 0.744480 0.621490 0.032767 0.256720
4 0.388770 0.295930 0.045390 0.203259
4 0.579203 0.302367 0.045753 0.216858
3 0.955908 0.516420 0.087600 0.129512
4 0.037381 0.443192 0.071906 0.236661