0 0.153437 0.772686 0.060543 0.076796
0 0.729100 0.833442 0.062448 0.078700
0 0.672619 0.741501 0.049891 0.072149
0 0.808040 0.954700 0.075763 0.089731
0 0.057407 0.821371 0.087192 0.079115
0 0.746522 0.964707 0.072906 0.070587
0 0.529290 0.498622 0.024293 0.030135
0 0.177255 0.830221 0.085527 0.106740
0 0.936820 0.875857 0.077304 0.083841
0 0.449874 0.598712 0.027054 0.050567
0 0.209264 0.767897 0.056078 0.059163
0 0.384620 0.926807 0.059505 0.068055
0 0.672366 0.910384 0.046787 0.079433
4 0.677493 0.689099 0.012669 0.049261
0 0.348499 0.748447 0.065975 0.063786
0 0.879786 0.821886 0.046479 0.046933
0 0.038655 0.913692 0.057479 0.066714
0 0.654786 0.810216 0.054960 0.079548
0 0.917338 0.787381 0.053300 0.061535
0 0.281063 0.728578 0.046292 0.052590
4 0.457220 0.864694 0.018170 0.053927