0 0.812531 0.776493 0.069862 0.087028
0 0.618080 0.729881 0.058291 0.070831
0 0.863344 0.950344 0.097680 0.098740
0 0.749899 0.953454 0.099685 0.091533
0 0.592164 0.873343 0.082897 0.106858
0 0.597611 0.787589 0.059372 0.079673
0 0.189139 0.805149 0.070705 0.093007
0 0.755858 0.875389 0.073149 0.091574
2 0.714094 0.622061 0.065200 0.135071
0 0.688064 0.802782 0.072037 0.089334
0 0.250854 0.872350 0.078518 0.116109
0 0.439164 0.613323 0.044940 0.059674
0 0.130190 0.817673 0.070327 0.095198
0 0.875985 0.871057 0.094041 0.108404
0 0.121022 0.746377 0.061589 0.067672
0 0.063505 0.649324 0.060206 0.055347
0 0.544371 0.682056 0.041798 0.060830
0 0.667568 0.861720 0.072976 0.112292
0 0.476654 0.459424 0.036628 0.041079
0 0.474568 0.557046 0.040733 0.054894
0 0.298313 0.722269 0.059089 0.076432
0 0.153567 0.950914 0.095056 0.098171
0 0.498898 0.518639 0.038825 0.045965
0 0.276888 0.700865 0.064722 0.074774
4 0.969639 0.768625 0.014116 0.045599
4 0.156035 0.888235 0.015535 0.060750
0 0.513062 0.413454 0.018809 0.037949
0 0.888679 0.749977 0.069663 0.092081
0 0.056841 0.932514 0.091335 0.118641
0 0.486579 0.393197 0.018269 0.028760
0 0.607471 0.466776 0.027539 0.037593
4 0.242714 0.975820 0.016073 0.047844
0 0.058358 0.726346 0.056501 0.047180
1 0.547947 0.517614 0.043506 0.082364
0 0.567946 0.450480 0.037986 0.034817