0 0.619189 0.723160 0.056547 0.073864
0 0.235013 0.760771 0.064399 0.088952
0 0.591417 0.864375 0.082321 0.107276
0 0.794041 0.750132 0.064001 0.077644
0 0.756516 0.865103 0.071910 0.095239
0 0.750066 0.949570 0.100906 0.097059
0 0.063661 0.641581 0.060550 0.053845
0 0.125804 0.867490 0.081911 0.102534
0 0.120426 0.737646 0.061329 0.066997
0 0.690562 0.792829 0.078249 0.091489
2 0.702902 0.603963 0.060066 0.123239
0 0.250884 0.864599 0.081597 0.112977
0 0.666638 0.864617 0.074688 0.092261
0 0.862263 0.933674 0.098093 0.132329
0 0.384043 0.674186 0.056564 0.071494
0 0.468532 0.581057 0.041812 0.061284
0 0.544815 0.673773 0.042667 0.064393
0 0.597863 0.779366 0.058299 0.079672
0 0.831533 0.825767 0.075101 0.096433
0 0.625784 0.585159 0.022159 0.067216
0 0.183382 0.769244 0.062299 0.081360
0 0.331418 0.677792 0.057732 0.086849
0 0.145913 0.945321 0.103032 0.109358
0 0.476426 0.451238 0.038733 0.045170
0 0.301876 0.790894 0.077689 0.119598
2 0.608358 0.321081 0.044713 0.077116
0 0.188714 0.642587 0.059198 0.056666
0 0.323378 0.670119 0.074118 0.080686
0 0.888422 0.744385 0.068829 0.091438
0 0.061854 0.719110 0.049294 0.047889
4 0.984282 0.771150 0.015045 0.041673