2 0.807762 0.540611 0.173736 0.338067
0 0.568931 0.607472 0.063275 0.156718
0 0.527781 0.695810 0.090528 0.175882
0 0.248056 0.464122 0.113997 0.117229
1 0.083585 0.586581 0.166990 0.264046
0 0.354918 0.434230 0.081721 0.103592
0 0.217799 0.551589 0.095026 0.111693
0 0.444427 0.398268 0.088133 0.129831
2 0.753039 0.313360 0.088205 0.211567
0 0.378434 0.704024 0.068894 0.120213
0 0.740397 0.670881 0.084474 0.154781
4 0.535211 0.961732 0.023115 0.076470
2 0.568264 0.387540 0.065030 0.154340
0 0.381088 0.834578 0.101319 0.175774
4 0.591909 0.955857 0.029695 0.087250
0 0.681185 0.699703 0.093640 0.126505
0 0.802821 0.849883 0.159216 0.208156
0 0.101773 0.392141 0.092059 0.097160
0 0.494489 0.238095 0.065710 0.077840
0 0.678318 0.548995 0.056961 0.136569
0 0.305146 0.330889 0.066959 0.072269
0 0.654068 0.449929 0.044699 0.107525
4 0.864996 0.328701 0.016615 0.064587
0 0.601089 0.532475 0.046740 0.121576
4 0.305496 0.773993 0.032001 0.109950
4 0.569868 0.868908 0.025928 0.080735
0 0.226976 0.391382 0.101618 0.116669
2 0.192769 0.180875 0.120567 0.143644
0 0.032789 0.452508 0.065289 0.077258
4 0.856422 0.413013 0.015982 0.076790
0 0.114217 0.288615 0.094852 0.089066