0 0.621519 0.875813 0.057415 0.073710
0 0.792861 0.924819 0.071305 0.096670
0 0.361990 0.836638 0.057039 0.075591
0 0.054557 0.807587 0.061818 0.059178
0 0.112929 0.903202 0.066923 0.069807
0 0.383111 0.768358 0.058341 0.077592
0 0.600604 0.937658 0.062232 0.081481
0 0.750959 0.836437 0.059298 0.081464
0 0.492598 0.725321 0.043799 0.060160
0 0.689699 0.954228 0.078926 0.084796
0 0.438450 0.757219 0.044315 0.068007
0 0.271355 0.905575 0.062734 0.093852
0 0.544562 0.827339 0.042115 0.064408
0 0.253973 0.864264 0.060862 0.090819
0 0.632235 0.570237 0.029608 0.040537
0 0.296964 0.946516 0.077194 0.103264
0 0.178193 0.806050 0.054307 0.056208
0 0.811362 0.820561 0.058036 0.084986
0 0.525660 0.677659 0.036943 0.052141
0 0.173712 0.967243 0.065401 0.064931
0 0.645007 0.747861 0.037505 0.061734
0 0.050224 0.885745 0.053969 0.046906
0 0.618664 0.670951 0.023960 0.054587
1 0.897443 0.893145 0.072391 0.102943
0 0.661716 0.641994 0.028423 0.049726
0 0.464268 0.708047 0.047187 0.055104
0 0.687635 0.530784 0.024652 0.035673
0 0.136365 0.955592 0.070022 0.083072