2 0.813179 0.536804 0.173781 0.338266
2 0.118056 0.583613 0.228743 0.263581
0 0.653332 0.603439 0.080391 0.143674
0 0.081312 0.758184 0.136178 0.156006
0 0.458313 0.360779 0.079765 0.092778
0 0.213701 0.911968 0.199091 0.166422
0 0.721569 0.731753 0.100445 0.162165
0 0.495028 0.239186 0.068257 0.080871
0 0.716500 0.421810 0.038039 0.095306
0 0.202162 0.641347 0.125257 0.133366
0 0.766702 0.298261 0.041584 0.076671
0 0.336324 0.432605 0.120558 0.106108
0 0.047766 0.905303 0.095053 0.183585
0 0.304147 0.332370 0.065253 0.073162
2 0.192043 0.184272 0.122375 0.149740
2 0.302514 0.143142 0.108778 0.106133
4 0.521041 0.905138 0.022654 0.116797
0 0.102937 0.393783 0.099068 0.099622
0 0.154325 0.434495 0.106941 0.090594
4 0.375754 0.950084 0.024900 0.099833
4 0.677627 0.403092 0.017885 0.077258
4 0.171565 0.726402 0.033622 0.105494
1 0.120444 0.581818 0.230420 0.264648
4 0.869782 0.400250 0.017309 0.071684
0 0.355504 0.293023 0.085259 0.073229
0 0.069410 0.475974 0.119003 0.084353
0 0.646304 0.334366 0.054022 0.101184
0 0.031960 0.448492 0.063766 0.069827
0 0.655659 0.737762 0.047223 0.117555
0 0.286502 0.537017 0.157655 0.154342
4 0.408670 0.944132 0.021947 0.105951
4 0.493504 0.735474 0.020873 0.115317
0 0.517334 0.363879 0.040672 0.090275
1 0.405445 0.240776 0.079847 0.104981
0 0.165745 0.428827 0.085047 0.075778
0 0.474444 0.477324 0.045305 0.092613
0 0.240124 0.377963 0.076071 0.088978