0 0.622655 0.900017 0.058268 0.075149
0 0.260219 0.886636 0.080664 0.102701
0 0.501074 0.690653 0.039183 0.047933
0 0.053633 0.830254 0.060393 0.058124
0 0.528790 0.703583 0.034955 0.055755
0 0.601826 0.959411 0.062298 0.081178
0 0.292807 0.960469 0.078882 0.079062
0 0.109537 0.927818 0.060914 0.064620
0 0.773579 0.914352 0.063677 0.090253
0 0.659564 0.582094 0.030721 0.043656
0 0.656492 0.702578 0.025642 0.058411
0 0.049845 0.909544 0.054776 0.047701
0 0.370240 0.838887 0.052587 0.069124
0 0.725680 0.824531 0.048974 0.071439
0 0.219572 0.967290 0.054223 0.064385
0 0.435793 0.796879 0.044158 0.066208
0 0.702315 0.967999 0.091309 0.063494
0 0.483955 0.554826 0.020762 0.035716
0 0.697542 0.556397 0.020798 0.030278
0 0.179929 0.830862 0.059400 0.059589
2 0.604758 0.489308 0.042731 0.076073
0 0.460596 0.745760 0.042888 0.053485