0 0.300209 0.531388 0.109054 0.106242
0 0.157425 0.607052 0.135737 0.143578
0 0.561332 0.795011 0.115788 0.296093
0 0.631546 0.489639 0.065095 0.128814
0 0.898064 0.568914 0.106283 0.169092
0 0.341267 0.718521 0.089868 0.205565
0 0.690639 0.705961 0.097217 0.239528
0 0.247103 0.508364 0.082722 0.097664
0 0.090286 0.916256 0.180572 0.162602
4 0.159214 0.741479 0.038690 0.131556
0 0.832312 0.417415 0.059993 0.099007
0 0.953382 0.772360 0.092435 0.269587
0 0.076692 0.821188 0.153021 0.218771
4 0.360950 0.492833 0.020374 0.093557
4 0.840159 0.645266 0.045458 0.086546
4 0.624887 0.606995 0.032776 0.098635
3 0.767634 0.605759 0.033502 0.093526
0 0.539998 0.396986 0.051683 0.078251
0 0.306410 0.447017 0.068689 0.071048
4 0.766101 0.557407 0.037117 0.095767
0 0.428487 0.499145 0.064552 0.115990
1 0.731717 0.288438 0.058194 0.107203
3 0.296692 0.633106 0.041788 0.083602
0 0.384481 0.385386 0.052136 0.063087
4 0.698004 0.536004 0.026969 0.090980
4 0.238126 0.637788 0.024852 0.108406
1 0.740213 0.854496 0.147152 0.283262
0 0.821807 0.762969 0.093986 0.196737
1 0.744872 0.436254 0.059990 0.170051
0 0.440740 0.322090 0.033051 0.051180
0 0.806136 0.376278 0.046036 0.077105
0 0.049113 0.711355 0.097717 0.085462
0 0.410954 0.347623 0.044305 0.052262
0 0.026273 0.711847 0.052196 0.080785
2 0.681654 0.385870 0.050941 0.122630
1 0.154894 0.920317 0.174517 0.156627
0 0.562418 0.462567 0.064281 0.153545
0 0.350388 0.397005 0.062625 0.044534
3 0.624895 0.612677 0.032359 0.101091