2 0.812329 0.535658 0.174588 0.336968
2 0.112645 0.519369 0.223922 0.242276
2 0.257387 0.544360 0.218058 0.286354
0 0.217480 0.713395 0.116868 0.147716
0 0.088938 0.819402 0.138021 0.172365
0 0.329305 0.613410 0.096647 0.132751
2 0.078636 0.691912 0.155630 0.277654
0 0.568186 0.349919 0.075851 0.117597
0 0.599761 0.533410 0.063664 0.175847
0 0.386767 0.447329 0.057634 0.097630
0 0.682050 0.535986 0.062073 0.121028
0 0.490723 0.853137 0.121554 0.159947
0 0.102678 0.394473 0.096171 0.095426
2 0.471999 0.339220 0.096810 0.174031
0 0.655994 0.332149 0.048778 0.075424
2 0.192424 0.182789 0.120766 0.147185
0 0.032026 0.454818 0.063729 0.078530
0 0.779421 0.240243 0.065315 0.084100
0 0.305055 0.334436 0.063389 0.074651
0 0.686522 0.474830 0.068210 0.133729
0 0.433615 0.581870 0.083561 0.134664
2 0.083011 0.228196 0.102468 0.123915
2 0.301076 0.143185 0.110993 0.103247
0 0.604383 0.689671 0.078829 0.170908
0 0.685710 0.228290 0.051536 0.075017
0 0.176621 0.347838 0.073893 0.089784
0 0.398057 0.541500 0.079232 0.120331
0 0.495676 0.228997 0.062975 0.063805
1 0.471614 0.338754 0.096301 0.174768