0 0.554909 0.826487 0.124672 0.315417
0 0.630410 0.498838 0.065902 0.130457
0 0.157685 0.605269 0.133954 0.140260
0 0.692310 0.726159 0.099676 0.252692
0 0.898749 0.569646 0.106291 0.168676
0 0.300545 0.532357 0.107697 0.109121
0 0.362034 0.681490 0.084602 0.187221
0 0.954425 0.770907 0.090657 0.269012
0 0.107958 0.897534 0.195493 0.195658
0 0.833119 0.417632 0.058998 0.097459
0 0.247813 0.507833 0.082358 0.096207
0 0.829108 0.792598 0.098174 0.210800
4 0.167928 0.727327 0.037109 0.128028
0 0.548852 0.382425 0.054106 0.079751
3 0.772254 0.617523 0.037808 0.103143
4 0.846851 0.666661 0.043885 0.089076
1 0.746505 0.445191 0.060200 0.174558
4 0.772226 0.572085 0.037741 0.096164
0 0.305043 0.445762 0.063355 0.068553
4 0.625058 0.621079 0.031365 0.093046
4 0.698674 0.552416 0.028915 0.097316
0 0.075705 0.838546 0.150609 0.248689
4 0.363604 0.487467 0.019626 0.090653
3 0.285178 0.649298 0.041662 0.081484
0 0.807197 0.376493 0.047032 0.076629
0 0.441336 0.323241 0.033556 0.053320
3 0.624831 0.648277 0.031570 0.063410
0 0.738927 0.867273 0.151978 0.254869
2 0.682179 0.391709 0.052054 0.120642
1 0.732672 0.289434 0.057694 0.107449
0 0.385304 0.385162 0.050350 0.063220
0 0.411061 0.346977 0.045656 0.054021
4 0.245215 0.625948 0.020129 0.097620
0 0.049369 0.711800 0.098200 0.085426
1 0.194862 0.892058 0.160912 0.204319
0 0.563983 0.466043 0.064759 0.164482
2 0.732314 0.290112 0.058048 0.108498
4 0.897526 0.756019 0.047968 0.140683
1 0.739323 0.868202 0.153111 0.260507
0 0.802603 0.317668 0.039712 0.060039
0 0.523180 0.298290 0.028168 0.058791
3 0.699338 0.576678 0.027426 0.052125
0 0.541603 0.329853 0.038364 0.060745