0 0.776952 0.491497 0.229228 0.251726
0 0.087250 0.828580 0.173885 0.307472
0 0.448586 0.241516 0.154225 0.232908
0 0.299873 0.897003 0.196955 0.205994
0 0.414603 0.751944 0.256408 0.317798
0 0.391229 0.333168 0.135436 0.283828
4 0.161573 0.910300 0.059470 0.174325
4 0.100049 0.141484 0.046460 0.190762
4 0.078786 0.455157 0.055801 0.240626
2 0.236930 0.449391 0.177795 0.456725
4 0.751290 0.529884 0.041932 0.230151
4 0.951283 0.721372 0.056889 0.273425
4 0.866674 0.688145 0.065783 0.303071
4 0.985083 0.739346 0.029354 0.317750
3 0.599128 0.759833 0.076399 0.195164
4 0.636345 0.579117 0.052395 0.230963
4 0.269243 0.947747 0.068692 0.104507
4 0.603907 0.543515 0.041911 0.193856
4 0.813556 0.655065 0.046339 0.251058
4 0.189440 0.054026 0.029017 0.104228
4 0.343854 0.144303 0.030224 0.186325
4 0.777346 0.310936 0.036021 0.125803
4 0.597006 0.695512 0.075021 0.206010