2 0.807691 0.540062 0.172052 0.337857
0 0.114926 0.696605 0.151818 0.153533
0 0.275346 0.447449 0.095508 0.123235
0 0.377400 0.705917 0.068515 0.125293
0 0.371848 0.824132 0.116365 0.169782
0 0.433467 0.367053 0.077633 0.096413
0 0.688596 0.706547 0.100920 0.167730
0 0.553194 0.480578 0.055328 0.124751
2 0.755695 0.311657 0.085634 0.207403
0 0.732218 0.654597 0.079816 0.151755
0 0.627876 0.580920 0.062262 0.123138
0 0.011899 0.852892 0.023728 0.108773
0 0.100920 0.392300 0.097315 0.098260
0 0.026455 0.580908 0.052496 0.138347
0 0.600613 0.423626 0.041988 0.105680
4 0.245799 0.668918 0.023851 0.105130
0 0.035929 0.510834 0.071857 0.078840
0 0.307982 0.331509 0.071880 0.077031
2 0.193469 0.181830 0.120028 0.146982
1 0.114436 0.553091 0.189755 0.237413
0 0.177524 0.348345 0.071823 0.084586
0 0.032328 0.450389 0.063974 0.071608
0 0.300114 0.480595 0.088479 0.100816
0 0.240227 0.376853 0.075946 0.090214
0 0.986585 0.855810 0.026289 0.131718
0 0.533591 0.292059 0.069586 0.090320
0 0.610597 0.733642 0.101872 0.153536
4 0.283634 0.566137 0.026690 0.091468
0 0.572287 0.627111 0.071902 0.140352
0 0.113632 0.289276 0.098999 0.090209