0 0.621169 0.843696 0.058442 0.072582
0 0.056915 0.771455 0.060685 0.056708
0 0.599768 0.903861 0.061866 0.084876
0 0.724677 0.791514 0.058291 0.085480
0 0.690625 0.917837 0.074238 0.089897
0 0.488661 0.653642 0.044977 0.062841
0 0.257736 0.883046 0.062880 0.090060
0 0.112987 0.871702 0.064402 0.069045
0 0.463486 0.717925 0.043285 0.066453
0 0.361037 0.798410 0.053432 0.077962
0 0.315276 0.796301 0.054462 0.064208
0 0.763500 0.972588 0.072835 0.054302
1 0.125699 0.939901 0.084262 0.120199
0 0.895238 0.859488 0.069947 0.096433
1 0.809883 0.790128 0.056453 0.083371
0 0.591487 0.968126 0.082980 0.063310
0 0.053964 0.851233 0.050469 0.047604
0 0.628985 0.622436 0.025546 0.051505
2 0.605243 0.444147 0.043912 0.065952
0 0.530651 0.649324 0.037584 0.056102
0 0.546723 0.793745 0.047300 0.061998
4 0.980291 0.923114 0.017513 0.048423
0 0.656297 0.631488 0.024191 0.051672
0 0.289023 0.905980 0.060759 0.090555
0 0.648266 0.584526 0.024027 0.040955
0 0.182443 0.772612 0.063590 0.058158