2 0.712840 0.430045 0.092122 0.240804
0 0.863409 0.941175 0.090671 0.116663
0 0.891737 0.709761 0.059946 0.112714
2 0.681947 0.273441 0.066025 0.149423
0 0.480620 0.285497 0.038903 0.083811
0 0.573522 0.862190 0.079814 0.146046
0 0.139708 0.833057 0.077010 0.160890
0 0.171300 0.309730 0.034994 0.057883
0 0.884382 0.811043 0.072166 0.126883
0 0.318062 0.923086 0.098681 0.135191
0 0.870982 0.563546 0.047834 0.084675
4 0.204486 0.464456 0.020161 0.090727
4 0.016555 0.774251 0.033109 0.136782
0 0.356226 0.974045 0.093885 0.051910
2 0.583293 0.768653 0.099872 0.218122
2 0.605848 0.160679 0.046741 0.114156
0 0.259266 0.972231 0.098835 0.053968
0 0.878847 0.860219 0.071318 0.091511
4 0.161004 0.494767 0.019616 0.097728
4 0.269071 0.602461 0.028848 0.082214
0 0.902506 0.601144 0.056493 0.112147
0 0.419316 0.745442 0.073360 0.133255
2 0.443720 0.882435 0.075291 0.151257
0 0.337488 0.172259 0.031557 0.040970
2 0.420349 0.118419 0.035513 0.096649
4 0.639298 0.961059 0.046126 0.075407
2 0.582716 0.573789 0.048383 0.080252
0 0.018441 0.322732 0.036882 0.103639
1 0.018613 0.325198 0.036708 0.109770
4 0.134645 0.524361 0.018303 0.095420
2 0.562845 0.401946 0.065448 0.107574
0 0.446370 0.186164 0.032084 0.060289
0 0.886645 0.643332 0.065472 0.104889
2 0.637945 0.425380 0.060026 0.144155
1 0.989083 0.783269 0.021346 0.121672
3 0.256757 0.720552 0.033599 0.076218
2 0.364458 0.821275 0.094386 0.208398
4 0.042906 0.359580 0.012920 0.056544
0 0.036961 0.457079 0.037502 0.081369