0 0.154433 0.770048 0.064265 0.074817
0 0.260802 0.764066 0.076295 0.092970
0 0.742052 0.885820 0.064025 0.095596
0 0.624140 0.571399 0.041403 0.036952
0 0.066912 0.818136 0.069646 0.076354
0 0.020846 0.901972 0.041289 0.079550
0 0.621342 0.680124 0.039151 0.062727
4 0.668351 0.701660 0.011138 0.053220
0 0.745174 0.964855 0.070185 0.070291
0 0.642356 0.741910 0.046961 0.064099
0 0.307949 0.702639 0.044705 0.052326
0 0.622088 0.765908 0.046895 0.072698
0 0.646781 0.749735 0.038071 0.050298
0 0.650354 0.754372 0.030716 0.040461
4 0.581627 0.968932 0.011822 0.050873
0 0.093882 0.848266 0.034634 0.049008
0 0.542428 0.514313 0.024110 0.038501