2 0.712681 0.429140 0.091567 0.238547
0 0.862859 0.941761 0.089867 0.116154
0 0.958775 0.921391 0.081892 0.139307
2 0.682105 0.275580 0.065095 0.159843
0 0.891638 0.710451 0.060329 0.116282
2 0.382510 0.779980 0.088702 0.175240
0 0.415099 0.491667 0.068726 0.102973
0 0.370650 0.380979 0.040457 0.093744
0 0.322456 0.913670 0.107114 0.136112
0 0.870592 0.562965 0.047678 0.083394
4 0.133295 0.526347 0.019785 0.101559
0 0.884668 0.808265 0.070303 0.121539
2 0.567166 0.400970 0.066641 0.112840
0 0.461971 0.323989 0.047192 0.076449
4 0.095654 0.564168 0.019106 0.094565
0 0.878309 0.860225 0.071318 0.089478
0 0.575271 0.846791 0.079603 0.149158
0 0.397863 0.322722 0.035910 0.085305
2 0.667031 0.700292 0.065064 0.171715
0 0.257937 0.973486 0.100249 0.052033
0 0.377216 0.954242 0.105550 0.087020
0 0.171359 0.310299 0.035658 0.058515
2 0.605690 0.155662 0.052150 0.110898
2 0.641239 0.418887 0.054270 0.142455
0 0.900956 0.600736 0.054464 0.111570
4 0.925625 0.478396 0.015532 0.070984
4 0.944372 0.579571 0.016431 0.088937
4 0.256530 0.463726 0.019395 0.062086
4 0.929513 0.577721 0.016333 0.089067
2 0.576558 0.322018 0.051475 0.139941