0 0.131890 0.610406 0.136803 0.143117
0 0.643045 0.763213 0.113894 0.281030
0 0.222988 0.510440 0.083796 0.099623
0 0.274288 0.539215 0.110303 0.116394
0 0.804728 0.425654 0.063838 0.094795
0 0.939648 0.778465 0.120381 0.267972
0 0.061047 0.835305 0.121462 0.233064
0 0.874893 0.576715 0.094374 0.168023
0 0.305889 0.720867 0.143151 0.220146
0 0.597950 0.464703 0.057153 0.122801
0 0.764030 0.841869 0.092076 0.250637
1 0.750468 0.549939 0.079352 0.206896
0 0.206868 0.963046 0.171413 0.073363
0 0.678535 0.943106 0.104082 0.111289
0 0.034715 0.707948 0.069339 0.066640
4 0.242542 0.602310 0.035199 0.104467
4 0.934089 0.908729 0.061610 0.164870
4 0.845585 0.787897 0.048078 0.130265
1 0.551447 0.681376 0.073146 0.193207
0 0.625450 0.370135 0.045051 0.073521
0 0.551594 0.682183 0.073208 0.195883
4 0.332538 0.511723 0.021678 0.089644
0 0.421377 0.515324 0.102878 0.125647
4 0.087680 0.828067 0.033650 0.120402
0 0.327499 0.404350 0.060862 0.048505
0 0.277998 0.448868 0.058689 0.065798
3 0.057709 0.962649 0.088436 0.073738
4 0.829952 0.653536 0.038307 0.105575
4 0.806104 0.569563 0.032521 0.102507
0 0.780551 0.383047 0.046283 0.077508
3 0.827089 0.695007 0.037692 0.085915
3 0.848374 0.841515 0.053157 0.100389
0 0.405866 0.515232 0.071723 0.127701
2 0.710886 0.337701 0.040685 0.107813
0 0.368141 0.382341 0.055240 0.069100
3 0.854632 0.853968 0.040278 0.107295
0 0.671973 0.521915 0.064027 0.135582