2 0.112931 0.518701 0.224655 0.241480
2 0.257514 0.543971 0.218479 0.285452
2 0.812723 0.536930 0.174978 0.338552
0 0.100637 0.814928 0.139454 0.168977
0 0.217645 0.711813 0.118511 0.149924
2 0.078729 0.695552 0.156643 0.281412
0 0.693465 0.338621 0.077681 0.105172
0 0.492241 0.373081 0.099556 0.102712
0 0.329286 0.611299 0.095994 0.131468
0 0.606338 0.313579 0.071804 0.106103
0 0.668124 0.495468 0.057976 0.124870
0 0.353775 0.762832 0.078438 0.175747
0 0.495013 0.238658 0.068697 0.079883
4 0.548551 0.937970 0.023554 0.120819
0 0.713426 0.711075 0.095910 0.169999
0 0.102436 0.394298 0.095833 0.095184
2 0.192554 0.181267 0.120035 0.142814
2 0.300719 0.144006 0.111076 0.104893
4 0.519559 0.942814 0.023692 0.111590
0 0.032187 0.454830 0.064078 0.080300
4 0.299573 0.831002 0.025247 0.112636
0 0.307380 0.334674 0.068734 0.077204
0 0.359078 0.292143 0.090481 0.074242
2 0.083078 0.228472 0.102587 0.125527
0 0.740827 0.256352 0.044454 0.077715
4 0.275852 0.846150 0.025522 0.113585
0 0.175651 0.348053 0.071965 0.089794
0 0.781338 0.138269 0.028427 0.064742
4 0.387794 0.965601 0.020891 0.067166
0 0.612492 0.794305 0.113726 0.210404