0 0.055212 0.794133 0.059614 0.056709
0 0.619862 0.863947 0.061464 0.072885
0 0.199041 0.949690 0.072217 0.095516
0 0.423202 0.724172 0.052572 0.071281
0 0.865174 0.934945 0.091661 0.107410
0 0.720836 0.843935 0.062175 0.085033
0 0.110440 0.894299 0.061361 0.067271
0 0.690830 0.941830 0.076349 0.085804
0 0.600311 0.925731 0.061743 0.082764
0 0.467364 0.722872 0.042981 0.063045
0 0.052108 0.874588 0.052431 0.046248
0 0.395724 0.798257 0.046285 0.065993
0 0.556801 0.638457 0.033039 0.049427
0 0.497795 0.674448 0.045494 0.058994
0 0.626846 0.633754 0.027649 0.051142
0 0.658308 0.685131 0.022919 0.057350
0 0.895548 0.879524 0.070170 0.097159
0 0.180464 0.793253 0.056780 0.056177
0 0.524919 0.686973 0.038598 0.057989
0 0.627400 0.694985 0.024074 0.060658
0 0.644627 0.548025 0.024931 0.035650
1 0.895544 0.879895 0.070374 0.098832
4 0.764602 0.919187 0.012070 0.059907