0 0.698710 0.839558 0.112829 0.189532
0 0.592338 0.708897 0.103912 0.156835
0 0.344291 0.508708 0.065774 0.114033
0 0.791935 0.576372 0.086204 0.145234
0 0.640829 0.245249 0.032683 0.045126
0 0.290184 0.323026 0.045222 0.060301
1 0.394152 0.769888 0.194742 0.429299
4 0.779440 0.954467 0.043391 0.091065
0 0.910212 0.960122 0.178248 0.069991
3 0.694353 0.541983 0.029871 0.086948
0 0.754380 0.370132 0.050151 0.072412
0 0.669091 0.395889 0.052548 0.082806
0 0.661684 0.310352 0.041906 0.064567
0 0.901004 0.911684 0.197860 0.146716
0 0.857546 0.790355 0.184963 0.165812
4 0.560157 0.784978 0.048881 0.124316
3 0.735063 0.428109 0.032921 0.053523
0 0.834469 0.365200 0.048316 0.056010
0 0.899255 0.882739 0.201490 0.120052
0 0.123979 0.576691 0.065323 0.107904
0 0.751452 0.681065 0.115260 0.134668
0 0.886233 0.810659 0.205201 0.124278
0 0.781578 0.312383 0.045113 0.064393
3 0.599753 0.591012 0.030401 0.082674
0 0.892668 0.841300 0.211973 0.169700
2 0.935399 0.654447 0.128539 0.205156
0 0.404621 0.267781 0.027246 0.053562
4 0.857371 0.683303 0.021603 0.050269
1 0.837059 0.472623 0.059705 0.154937
3 0.735193 0.416824 0.033147 0.073021
0 0.576870 0.194182 0.026735 0.028790
1 0.123967 0.575886 0.065484 0.110783
3 0.513207 0.637582 0.029913 0.108659
0 0.598399 0.202828 0.024766 0.048765