0 0.698395 0.839314 0.112470 0.189196
0 0.317158 0.688264 0.101542 0.184311
1 0.769500 0.407102 0.058484 0.136076
2 0.486349 0.283575 0.067002 0.130535
4 0.695093 0.717528 0.035315 0.057795
3 0.496267 0.653015 0.039367 0.089485
0 0.806467 0.625334 0.092218 0.158809
0 0.636065 0.251177 0.034635 0.050647
0 0.427402 0.561833 0.068104 0.153448
3 0.369630 0.531492 0.030638 0.074177
2 0.495100 0.520525 0.054630 0.150083
0 0.899643 0.913596 0.200471 0.147076
0 0.909778 0.960100 0.179140 0.070382
3 0.714256 0.569834 0.039344 0.072735
0 0.759413 0.724797 0.086480 0.137904
0 0.864394 0.791769 0.195190 0.168523
4 0.708548 0.531353 0.028435 0.096423
0 0.886384 0.460833 0.118150 0.084295
4 0.498378 0.595562 0.036766 0.077945
0 0.790365 0.570746 0.081147 0.136704
4 0.860936 0.571794 0.025857 0.114459
0 0.898029 0.887364 0.203943 0.121567
4 0.740871 0.749404 0.027301 0.087024
0 0.883618 0.810613 0.207036 0.125249
0 0.854411 0.427438 0.090371 0.088513
4 0.497127 0.608693 0.039232 0.106987
0 0.889787 0.834978 0.217319 0.164304
2 0.375432 0.114298 0.084458 0.039013
4 0.369698 0.498125 0.030763 0.087133
1 0.938288 0.654228 0.122216 0.189508