0 0.620221 0.840807 0.059393 0.073146
0 0.056437 0.768162 0.060391 0.054271
0 0.691380 0.917840 0.073625 0.084888
0 0.367411 0.791197 0.053833 0.075443
0 0.599776 0.900732 0.061523 0.083899
0 0.265360 0.875000 0.061049 0.085753
0 0.716603 0.779779 0.055681 0.082517
0 0.895026 0.858375 0.070173 0.098195
1 0.125287 0.937121 0.093019 0.124192
0 0.471620 0.711937 0.043668 0.062963
0 0.114414 0.868014 0.064762 0.068236
0 0.496107 0.646323 0.045499 0.062833
0 0.183060 0.770081 0.063682 0.059934
0 0.591713 0.968361 0.078515 0.063013
0 0.763080 0.970837 0.074259 0.058248
0 0.052269 0.849200 0.053833 0.046752
0 0.324976 0.786760 0.053535 0.067679
0 0.172669 0.898254 0.044877 0.072754
0 0.629932 0.614696 0.026497 0.051216
0 0.851461 0.879896 0.029589 0.050393
0 0.290274 0.905423 0.063469 0.092363
1 0.809913 0.788021 0.057942 0.084255
2 0.605537 0.438939 0.044093 0.069131
0 0.543297 0.790228 0.040569 0.059701
4 0.780481 0.914641 0.013042 0.054413
0 0.628141 0.530976 0.027995 0.038118