0 0.175282 0.609054 0.129896 0.137038
0 0.606732 0.717554 0.113103 0.246593
0 0.916820 0.574929 0.109566 0.173963
1 0.392801 0.666731 0.126119 0.236463
0 0.963014 0.773490 0.072804 0.260404
0 0.847141 0.420044 0.069197 0.098841
0 0.315337 0.542713 0.109750 0.122058
0 0.428692 0.495712 0.069616 0.096009
1 0.793190 0.609652 0.107442 0.318368
0 0.704113 0.871590 0.118299 0.249940
0 0.265946 0.511971 0.084547 0.101376
0 0.667175 0.391516 0.039941 0.083940
0 0.070256 0.847182 0.140288 0.245336
2 0.766246 0.354955 0.083668 0.163798
0 0.057350 0.722719 0.114188 0.100260
0 0.324117 0.454240 0.078032 0.075147
1 0.578145 0.340812 0.042506 0.093563
0 0.701860 0.504774 0.070540 0.189279
0 0.426282 0.357234 0.041480 0.059229
0 0.763658 0.956626 0.151965 0.083213
0 0.632082 0.258438 0.025267 0.035796
0 0.826326 0.376174 0.045272 0.077011
1 0.244447 0.908698 0.240233 0.173485
0 0.595857 0.293865 0.031306 0.044620
0 0.400609 0.389127 0.051358 0.066229
0 0.625077 0.518675 0.042647 0.114093
0 0.820754 0.313057 0.039454 0.048048
0 0.365177 0.402446 0.062811 0.044800
0 0.554792 0.238754 0.029659 0.036294
0 0.508953 0.280974 0.029966 0.058309