0 0.784237 0.758593 0.166863 0.240398
0 0.674261 0.620216 0.123240 0.209879
0 0.614885 0.805184 0.149166 0.293753
0 0.711409 0.421802 0.101603 0.167996
0 0.433218 0.955747 0.146303 0.088058
0 0.452722 0.733727 0.148627 0.261259
0 0.841410 0.580172 0.124493 0.209969
1 0.934243 0.765355 0.130927 0.450058
3 0.556417 0.610821 0.041599 0.130804
0 0.744674 0.352705 0.092430 0.138198
4 0.830749 0.436301 0.042570 0.090798
0 0.596194 0.330322 0.078696 0.140389
0 0.583442 0.485489 0.122134 0.218404
4 0.555144 0.553411 0.046542 0.152345
0 0.447730 0.569613 0.110227 0.133345
0 0.683819 0.035982 0.039469 0.069189
4 0.422602 0.667353 0.031832 0.052688
4 0.794353 0.256760 0.029523 0.116027
1 0.643261 0.147203 0.067537 0.113473
4 0.762567 0.183016 0.021876 0.086088
3 0.795546 0.282691 0.026397 0.074271
3 0.794700 0.262834 0.028108 0.110399
4 0.763015 0.200183 0.022665 0.119000