2 0.812848 0.536542 0.174367 0.338082
2 0.117956 0.547811 0.234660 0.319624
0 0.804429 0.874254 0.160016 0.222552
0 0.296813 0.765933 0.123264 0.161234
0 0.707798 0.946757 0.115037 0.104246
0 0.715918 0.420981 0.039166 0.094628
0 0.494657 0.239270 0.067378 0.079806
0 0.183296 0.772853 0.159715 0.201652
0 0.363274 0.459375 0.121489 0.127444
0 0.206566 0.902835 0.173686 0.149824
0 0.550981 0.364849 0.069844 0.106196
0 0.102913 0.395059 0.097373 0.100962
1 0.224022 0.527353 0.148907 0.220322
0 0.372398 0.584446 0.115647 0.171081
0 0.203029 0.657815 0.111641 0.122636
2 0.223548 0.525587 0.148781 0.216532
0 0.033394 0.452126 0.066354 0.078705
0 0.552986 0.206120 0.048791 0.068911
0 0.427863 0.382417 0.069517 0.103488
0 0.748356 0.215198 0.049863 0.064214
0 0.767914 0.124663 0.057336 0.063105
0 0.619448 0.240353 0.075115 0.101571
0 0.668462 0.333712 0.080327 0.130414
0 0.312470 0.328585 0.095809 0.078064
4 0.756627 0.319880 0.013042 0.062798
4 0.893353 0.259244 0.012031 0.055219
2 0.301884 0.144080 0.107993 0.106180
2 0.192726 0.183243 0.120497 0.146725
4 0.868188 0.404007 0.013627 0.077373
0 0.013645 0.923791 0.027090 0.129177
0 0.348983 0.295354 0.075601 0.075271
4 0.673555 0.676579 0.028060 0.091477
0 0.578774 0.173754 0.054070 0.064206
4 0.450687 0.905024 0.021494 0.108629
0 0.066111 0.700726 0.131969 0.139122