2 0.712990 0.429670 0.091554 0.238919
0 0.206475 0.814447 0.107268 0.166602
0 0.863524 0.941963 0.091412 0.115924
0 0.968078 0.827132 0.063682 0.119887
2 0.393263 0.763426 0.094293 0.177689
0 0.891661 0.707422 0.060326 0.118139
0 0.331942 0.906242 0.107877 0.148926
2 0.681153 0.276506 0.065627 0.164403
0 0.406421 0.499542 0.071436 0.100861
2 0.148751 0.170294 0.081469 0.085108
0 0.017766 0.481396 0.035044 0.088020
2 0.592462 0.739569 0.103121 0.220806
0 0.260609 0.972732 0.093909 0.054537
0 0.391240 0.081569 0.031761 0.051845
2 0.315001 0.567682 0.051808 0.121589
4 0.956991 0.906682 0.024985 0.125450
0 0.576351 0.832812 0.078281 0.138919
4 0.101686 0.558744 0.020685 0.104290
0 0.870623 0.563261 0.047258 0.083298
0 0.884843 0.809877 0.070526 0.125073
4 0.200341 0.555937 0.021077 0.104499
4 0.069428 0.749322 0.024930 0.130439
0 0.878770 0.860513 0.070888 0.091357
2 0.670249 0.687710 0.061056 0.151826
0 0.018288 0.321225 0.036306 0.111135
2 0.681297 0.553706 0.080895 0.137464
0 0.352460 0.460867 0.043837 0.100611
2 0.446354 0.190663 0.029916 0.070800
0 0.901139 0.598749 0.054775 0.111159
2 0.568466 0.401292 0.066368 0.116152
0 0.374662 0.028464 0.026264 0.044369
0 0.368202 0.976940 0.083293 0.045215
0 0.886454 0.643476 0.063771 0.103593
4 0.938692 0.601356 0.018275 0.090726
2 0.567501 0.427091 0.067843 0.162257
0 0.048687 0.322497 0.028916 0.068626
2 0.604097 0.156175 0.050590 0.118484
2 0.630546 0.409066 0.057183 0.171932