2 0.806668 0.538642 0.173516 0.338751
0 0.064320 0.726267 0.128509 0.151962
0 0.628416 0.921604 0.139298 0.155970
0 0.240379 0.712749 0.113157 0.156044
0 0.809226 0.782709 0.142292 0.230130
0 0.603139 0.618717 0.065465 0.141122
0 0.206661 0.652945 0.125433 0.171526
0 0.381493 0.729666 0.096910 0.149799
0 0.056817 0.900804 0.113633 0.161738
0 0.662328 0.529639 0.049869 0.122813
2 0.494917 0.251159 0.093533 0.128709
0 0.485358 0.796038 0.104130 0.165910
0 0.652130 0.449125 0.049905 0.120751
0 0.179350 0.483507 0.090026 0.120102
0 0.644805 0.743268 0.077856 0.169494
0 0.248430 0.488201 0.089091 0.109152
0 0.162929 0.634316 0.098257 0.150014
0 0.586118 0.431383 0.060560 0.127034
0 0.118066 0.778228 0.129536 0.141783
2 0.313857 0.601411 0.106600 0.199617
0 0.868930 0.762590 0.117426 0.125389
2 0.365370 0.480550 0.106647 0.169278
0 0.479774 0.350238 0.073191 0.082642
0 0.311308 0.427571 0.071540 0.100809
4 0.671964 0.835630 0.029195 0.119364
0 0.937659 0.914244 0.123945 0.166018
2 0.192759 0.183867 0.121088 0.152290
0 0.370873 0.378640 0.065648 0.094120
0 0.040434 0.515387 0.080385 0.093406
0 0.100441 0.391313 0.096463 0.101389
0 0.589854 0.527448 0.061441 0.090680