0 0.312471 0.673468 0.116814 0.157025
0 0.627448 0.579275 0.085997 0.165559
0 0.907199 0.572307 0.107056 0.171339
0 0.840253 0.420187 0.063880 0.098485
0 0.958428 0.773803 0.082582 0.266018
0 0.166151 0.608491 0.131479 0.141444
1 0.764877 0.519793 0.080596 0.224680
0 0.307720 0.541452 0.110012 0.119315
0 0.695619 0.853345 0.109033 0.283307
0 0.079246 0.844974 0.157702 0.262303
0 0.601142 0.314185 0.037903 0.054465
0 0.256053 0.510521 0.082882 0.099229
0 0.531372 0.941169 0.125808 0.114702
3 0.605317 0.871403 0.039051 0.135590
3 0.847125 0.786706 0.048820 0.130184
3 0.205791 0.755657 0.057432 0.111250
0 0.693558 0.437881 0.061028 0.148045
0 0.576285 0.289937 0.028870 0.055223
0 0.704680 0.270198 0.029990 0.054228
0 0.053557 0.716278 0.106425 0.089033
0 0.816397 0.381215 0.051042 0.082714
0 0.315400 0.450187 0.073947 0.072452
4 0.845854 0.722082 0.054546 0.116792
4 0.709238 0.663488 0.036692 0.102620
4 0.605017 0.792445 0.043139 0.119679
0 0.669194 0.333730 0.035125 0.065101
0 0.895045 0.955650 0.122434 0.087380
4 0.201568 0.701564 0.037682 0.096695
2 0.741699 0.311045 0.067263 0.126686
4 0.221457 0.668007 0.028192 0.090816
1 0.418049 0.691951 0.083726 0.187686
0 0.680942 0.259052 0.027628 0.051326
0 0.418061 0.691766 0.082542 0.188447
0 0.395286 0.385772 0.055623 0.063772
0 0.416841 0.353688 0.048036 0.058749
4 0.445329 0.397260 0.013854 0.064264
0 0.752643 0.934330 0.152939 0.126836
4 0.924358 0.883623 0.060648 0.148629
0 0.357497 0.404216 0.062374 0.050689
3 0.709938 0.689928 0.035494 0.056071
0 0.448327 0.325068 0.032357 0.054307
0 0.811272 0.322053 0.041977 0.059930