0 0.795638 0.806122 0.171062 0.258639
0 0.722121 0.454895 0.106975 0.174915
0 0.686186 0.658217 0.126315 0.212054
0 0.452142 0.796838 0.160516 0.283466
0 0.586842 0.529123 0.128673 0.224421
0 0.623015 0.859267 0.161244 0.277250
0 0.598229 0.350256 0.081271 0.148944
0 0.753902 0.381689 0.105329 0.147011
0 0.864807 0.628021 0.146901 0.237023
4 0.849721 0.469482 0.049409 0.095392
4 0.565341 0.594371 0.047004 0.160167
2 0.946868 0.799896 0.105461 0.388738
3 0.566057 0.658592 0.042558 0.127758
0 0.447229 0.627092 0.135120 0.172148
0 0.683249 0.036887 0.040131 0.071065
3 0.798746 0.284186 0.028945 0.098555
4 0.633841 0.278553 0.031127 0.110329
4 0.798456 0.267697 0.029850 0.122177
2 0.449032 0.448910 0.099528 0.194975
1 0.645422 0.158942 0.066453 0.112554
0 0.618060 0.216562 0.064697 0.120732
4 0.764942 0.211201 0.025959 0.124127
1 0.946797 0.799862 0.105491 0.387443
4 0.430376 0.599926 0.031714 0.049278