0 0.445390 0.861362 0.154141 0.263847
0 0.773491 0.617247 0.125846 0.212644
0 0.749976 0.854848 0.159770 0.283308
0 0.825236 0.524374 0.129046 0.183614
0 0.929964 0.792460 0.138921 0.278757
0 0.607948 0.446050 0.091441 0.182440
4 0.602078 0.797313 0.062684 0.208697
2 0.517764 0.544465 0.080312 0.209226
2 0.444605 0.610068 0.113222 0.245937
0 0.598298 0.706310 0.163264 0.277580
3 0.663743 0.388592 0.031836 0.091618
3 0.603081 0.873213 0.053568 0.170801
0 0.822440 0.967073 0.159094 0.064189
0 0.681429 0.034532 0.039277 0.066608
4 0.919874 0.735400 0.038545 0.055237
4 0.934275 0.613893 0.059372 0.094910
4 0.661744 0.358176 0.038869 0.127880
4 0.564795 0.647586 0.034167 0.055701
0 0.633533 0.282783 0.072096 0.144355
3 0.772368 0.423975 0.036513 0.097792
4 0.775956 0.239466 0.025731 0.134491
3 0.819467 0.344337 0.030605 0.101970
4 0.444292 0.596591 0.041565 0.067849
4 0.771371 0.377796 0.041647 0.090580
0 0.574488 0.223414 0.055688 0.082673
3 0.599391 0.884170 0.042790 0.148929