0 0.140929 0.608421 0.135381 0.139707
0 0.592695 0.529332 0.071577 0.155786
0 0.284304 0.537488 0.107843 0.115990
0 0.066229 0.836134 0.131824 0.239198
0 0.812985 0.420523 0.063375 0.096090
0 0.945605 0.773565 0.107855 0.270001
0 0.880819 0.573274 0.106025 0.171506
0 0.232075 0.510056 0.084875 0.098811
0 0.639935 0.890709 0.143292 0.210253
1 0.780287 0.647890 0.095831 0.256776
0 0.626909 0.401487 0.051366 0.086873
0 0.040011 0.707543 0.079600 0.069502
0 0.190915 0.955307 0.202451 0.086212
0 0.381277 0.700424 0.125812 0.183335
4 0.376748 0.473384 0.020489 0.090660
0 0.789806 0.381141 0.047609 0.081516
4 0.161387 0.744591 0.033149 0.131661
0 0.558703 0.326778 0.043291 0.067169
1 0.959729 0.408180 0.079499 0.281959
0 0.567313 0.694054 0.071475 0.190148
0 0.289229 0.449456 0.070216 0.071643
0 0.332496 0.402971 0.060111 0.050990
4 0.870326 0.702273 0.041213 0.119100
0 0.373057 0.383599 0.059058 0.069059
2 0.719072 0.356153 0.044549 0.124438
3 0.903671 0.935016 0.057004 0.126933
0 0.434152 0.515215 0.084886 0.136889
0 0.472060 0.962656 0.106265 0.074687
4 0.358569 0.478387 0.023109 0.097283
0 0.688373 0.639763 0.087793 0.178725
0 0.799273 0.966057 0.106743 0.064739
3 0.868985 0.761392 0.044037 0.112783
4 0.912919 0.874560 0.045786 0.168965
3 0.337869 0.619656 0.043859 0.106398
1 0.566872 0.694301 0.071375 0.190763
0 0.425575 0.322365 0.031486 0.047591
0 0.551051 0.462351 0.066349 0.150489
3 0.867928 0.745761 0.041318 0.087583
3 0.358647 0.494924 0.023820 0.072319