0 0.412427 0.798971 0.117691 0.188370
0 0.699825 0.840290 0.114136 0.189384
0 0.684979 0.643135 0.119462 0.146379
0 0.457824 0.493117 0.079417 0.122122
0 0.555324 0.531224 0.080883 0.116023
0 0.378971 0.550947 0.076952 0.136999
0 0.711131 0.364863 0.050872 0.078285
3 0.468491 0.690543 0.037857 0.123251
3 0.317918 0.725896 0.032222 0.106184
4 0.471676 0.969349 0.042902 0.059117
1 0.516113 0.307719 0.042508 0.103259
0 0.910173 0.959847 0.178350 0.071470
4 0.317068 0.688997 0.035831 0.136502
4 0.670691 0.538748 0.033678 0.065601
4 0.467048 0.644878 0.040828 0.123699
0 0.903486 0.910569 0.192871 0.148765
1 0.257010 0.750593 0.105539 0.222052
0 0.781811 0.312439 0.044391 0.064562
0 0.256809 0.750442 0.105068 0.222568
3 0.643823 0.463860 0.025297 0.062277
2 0.418432 0.269939 0.049064 0.125471
0 0.792502 0.572408 0.085211 0.134548
3 0.526545 0.587877 0.032845 0.086493
4 0.589253 0.768160 0.035890 0.171212
2 0.936362 0.654800 0.126639 0.208835
1 0.491060 0.275874 0.043982 0.108762
0 0.804223 0.525918 0.108596 0.103746
0 0.283667 0.345637 0.043756 0.069302
0 0.644884 0.295863 0.036812 0.058288
0 0.411112 0.351586 0.033714 0.071431
0 0.834891 0.368007 0.050156 0.060432
4 0.704944 0.300653 0.013062 0.050289
0 0.430763 0.156886 0.022112 0.030072
4 0.802857 0.822170 0.031767 0.149406