0 0.112617 0.618985 0.138436 0.141612
0 0.929747 0.772003 0.139844 0.262840
1 0.774645 0.666788 0.097667 0.227940
0 0.639792 0.515908 0.071407 0.145689
1 0.776908 0.882536 0.165968 0.221292
0 0.660493 0.663527 0.081686 0.221843
4 0.196666 0.626179 0.027772 0.116232
4 0.115784 0.763094 0.043498 0.155312
0 0.851945 0.574814 0.099131 0.164459
0 0.205380 0.519467 0.082739 0.099002
0 0.785664 0.427683 0.058806 0.091898
0 0.050838 0.822095 0.101189 0.218322
0 0.063098 0.970517 0.124903 0.054922
0 0.309504 0.412635 0.062536 0.059693
0 0.298697 0.817347 0.182578 0.271897
0 0.284723 0.640726 0.091295 0.142795
4 0.905094 0.891594 0.054805 0.149452
0 0.257250 0.457661 0.057550 0.073688
1 0.552644 0.755615 0.072239 0.212841
4 0.786320 0.528743 0.027836 0.061959
0 0.524915 0.354000 0.044592 0.065669
3 0.899874 0.940069 0.056646 0.116894
0 0.346333 0.394656 0.056155 0.063338
0 0.547784 0.283405 0.032592 0.046180
0 0.261461 0.554241 0.113303 0.129648
0 0.656902 0.401351 0.043942 0.093493
1 0.298453 0.817879 0.181798 0.273967
0 0.717752 0.563892 0.054641 0.133502
0 0.272894 0.567458 0.088345 0.125215
0 0.024619 0.717259 0.048964 0.063048