2 0.713618 0.433680 0.093397 0.243235
0 0.863907 0.941679 0.089761 0.116553
0 0.891905 0.709998 0.059164 0.113310
4 0.625368 0.969405 0.038490 0.059179
0 0.171041 0.308380 0.033398 0.052586
0 0.570591 0.883589 0.079321 0.145630
2 0.578855 0.781097 0.101955 0.231406
0 0.388383 0.954674 0.088254 0.089400
2 0.681547 0.282058 0.068678 0.167713
4 0.052318 0.733082 0.029288 0.133896
4 0.178476 0.716897 0.030179 0.085610
0 0.320670 0.922721 0.105867 0.132809
4 0.071663 0.923902 0.035680 0.114458
0 0.884240 0.810317 0.071010 0.125091
0 0.902932 0.600556 0.057965 0.109025
2 0.435384 0.902385 0.079164 0.160070
0 0.879169 0.858506 0.070984 0.088839
4 0.551691 0.963979 0.028053 0.069597
0 0.870676 0.562028 0.048900 0.081707
2 0.363891 0.811016 0.093553 0.197965
0 0.259137 0.972734 0.100915 0.052896
0 0.050277 0.407012 0.036473 0.072649
0 0.981721 0.913492 0.035680 0.144658
2 0.692025 0.534581 0.060389 0.153063
2 0.604896 0.165605 0.053283 0.108102
4 0.183498 0.493819 0.015847 0.095192
4 0.910671 0.524117 0.018119 0.047440
0 0.464433 0.194499 0.043768 0.075668
1 0.364195 0.810423 0.094901 0.196446
0 0.886776 0.642941 0.064864 0.102713
2 0.327323 0.564700 0.053286 0.122029
4 0.292309 0.719100 0.036615 0.104131