2 0.805646 0.539733 0.175986 0.339749
0 0.612600 0.715256 0.101780 0.182130
0 0.225273 0.662098 0.121390 0.155436
0 0.372190 0.818197 0.115463 0.155630
0 0.639700 0.610867 0.063793 0.125803
0 0.732653 0.647427 0.091850 0.137836
0 0.554209 0.612853 0.058092 0.135251
0 0.101316 0.392950 0.096382 0.098155
4 0.599573 0.957350 0.022156 0.083744
0 0.376908 0.697462 0.063029 0.151606
0 0.367778 0.641228 0.117268 0.118247
0 0.677208 0.522176 0.054629 0.113333
0 0.305521 0.329912 0.064016 0.070525
0 0.153267 0.439929 0.105380 0.102734
0 0.602004 0.356208 0.058317 0.095920
2 0.030590 0.657798 0.060474 0.127705
0 0.241441 0.531236 0.090664 0.093892
0 0.080496 0.483613 0.112856 0.099444
0 0.512959 0.816959 0.100975 0.150399
2 0.753915 0.324279 0.086390 0.231873
0 0.032063 0.450468 0.063884 0.071104
2 0.192455 0.184008 0.122213 0.151387
0 0.137925 0.446994 0.073385 0.092422
4 0.301683 0.895923 0.028496 0.104322
0 0.238828 0.377393 0.074210 0.088190
0 0.113592 0.288376 0.096753 0.089139
0 0.176682 0.348417 0.070408 0.084572