2 0.841422 0.574630 0.207315 0.359851
0 0.111036 0.713723 0.126151 0.156219
0 0.664834 0.629733 0.085503 0.138104
0 0.101337 0.604015 0.114110 0.138357
0 0.031239 0.787552 0.062212 0.123729
0 0.346763 0.442521 0.079647 0.100915
0 0.711865 0.451069 0.061396 0.105344
0 0.204543 0.909250 0.180806 0.163406
0 0.053816 0.567441 0.106240 0.129543
0 0.212730 0.501656 0.106205 0.124620
0 0.753491 0.327655 0.049264 0.077439
1 0.272642 0.565998 0.180068 0.238977
0 0.633199 0.750424 0.098396 0.172964
0 0.031608 0.684161 0.062772 0.115877
0 0.697768 0.264821 0.059128 0.093310
0 0.549428 0.502912 0.049967 0.116776
0 0.587927 0.628543 0.067052 0.158538
0 0.623143 0.415072 0.046818 0.104351
0 0.413559 0.378788 0.069050 0.093631
0 0.103272 0.393985 0.094740 0.097757
0 0.746166 0.761558 0.118285 0.170128
1 0.471335 0.310420 0.068610 0.128833
0 0.304860 0.331017 0.064662 0.071799
0 0.090399 0.481359 0.095226 0.093980
0 0.155997 0.435782 0.102590 0.091502
2 0.302530 0.143507 0.106933 0.102393
0 0.012638 0.927192 0.025146 0.136529
0 0.497473 0.233220 0.064273 0.070784
0 0.753163 0.659805 0.079685 0.137842
0 0.240546 0.377716 0.078668 0.087598
2 0.192678 0.184122 0.120440 0.144574