0 0.779768 0.492353 0.226936 0.255985
0 0.509231 0.623540 0.197711 0.361918
4 0.970977 0.844998 0.055919 0.272955
0 0.546924 0.899428 0.293171 0.191228
0 0.210160 0.283789 0.166591 0.211915
4 0.064953 0.352791 0.056054 0.187355
0 0.697850 0.833377 0.211906 0.306904
4 0.628130 0.570805 0.049480 0.250641
4 0.839835 0.724180 0.044611 0.277937
4 0.935803 0.809959 0.042942 0.303227
4 0.489390 0.365578 0.050267 0.189876
3 0.068012 0.427042 0.038978 0.111607
3 0.359213 0.565407 0.128738 0.225789
4 0.738978 0.576981 0.044513 0.277746
0 0.451512 0.236342 0.144356 0.224663
0 0.012223 0.879067 0.024092 0.231016
3 0.952926 0.517218 0.093215 0.146556
4 0.412874 0.812477 0.077371 0.240672
4 0.782918 0.308220 0.030164 0.128021
4 0.542773 0.403063 0.048083 0.165129
4 0.318738 0.270232 0.048110 0.163454
3 0.204926 0.773438 0.219718 0.433602
4 0.618142 0.359360 0.045933 0.185229
0 0.264230 0.432208 0.107376 0.206627
3 0.020738 0.438669 0.041293 0.200584
4 0.592401 0.478189 0.046024 0.175525