0 0.700985 0.853865 0.117428 0.190893
0 0.331936 0.772462 0.112981 0.198734
0 0.481270 0.659256 0.099810 0.150593
0 0.694950 0.416240 0.062833 0.090844
4 0.475268 0.957937 0.058307 0.084127
0 0.258373 0.931097 0.109103 0.134397
3 0.478179 0.771252 0.034334 0.117564
1 0.524707 0.340889 0.044296 0.123291
1 0.415941 0.300746 0.061162 0.151195
0 0.316088 0.656469 0.098509 0.169814
0 0.911506 0.960311 0.175694 0.071476
4 0.386541 0.938003 0.051161 0.117540
4 0.586731 0.867897 0.043109 0.183940
0 0.900472 0.910694 0.198924 0.159134
1 0.498628 0.285749 0.047658 0.128967
3 0.386415 0.964046 0.049796 0.070428
0 0.756863 0.542225 0.089043 0.108012
3 0.705195 0.641927 0.032704 0.084773
2 0.937007 0.659013 0.125430 0.218084
1 0.388678 0.405999 0.043179 0.103670
0 0.794518 0.556451 0.081028 0.096186
0 0.780999 0.311832 0.044373 0.065478
3 0.578853 0.912198 0.070358 0.124428
0 0.661394 0.336583 0.039050 0.064351
0 0.801510 0.654888 0.160702 0.100525
4 0.477815 0.730773 0.038793 0.131553
1 0.641345 0.726858 0.092588 0.172109
3 0.546638 0.553994 0.031254 0.077873
0 0.886918 0.832860 0.221978 0.179495
0 0.898122 0.881523 0.203755 0.131502
3 0.421347 0.447245 0.023358 0.063634
4 0.704099 0.608122 0.034042 0.101915
4 0.698686 0.485874 0.026254 0.094206
0 0.650069 0.285484 0.041803 0.049988
0 0.834818 0.366714 0.049414 0.058524
1 0.498587 0.252944 0.047935 0.062671
4 0.798149 0.476743 0.018789 0.053299