2 0.713090 0.429539 0.091341 0.239509
0 0.863305 0.941997 0.091325 0.115805
0 0.363089 0.584012 0.077664 0.125098
2 0.385887 0.779099 0.090413 0.190397
0 0.891460 0.708691 0.060687 0.119031
0 0.324470 0.907118 0.105983 0.133142
4 0.083916 0.585035 0.020871 0.104956
2 0.682247 0.271927 0.065581 0.156703
0 0.963232 0.883616 0.073264 0.127841
4 0.119501 0.540476 0.018332 0.101590
0 0.449294 0.381883 0.050451 0.080796
0 0.870579 0.562968 0.047652 0.083205
0 0.364874 0.046601 0.027611 0.041907
0 0.884467 0.805965 0.069379 0.117023
2 0.567417 0.402609 0.066364 0.112006
1 0.588367 0.753295 0.105604 0.220621
2 0.636862 0.416180 0.065954 0.146746
0 0.018156 0.321413 0.035987 0.109103
0 0.878355 0.863591 0.070846 0.095338
2 0.678462 0.556313 0.075427 0.138096
0 0.255979 0.973747 0.095884 0.051434
0 0.575204 0.849757 0.079566 0.147083
4 0.008406 0.831345 0.016788 0.120047
2 0.360168 0.437156 0.045180 0.101505
0 0.383696 0.365938 0.038087 0.090394
0 0.901402 0.600420 0.055874 0.111964
0 0.886180 0.643583 0.064802 0.104167
2 0.605109 0.158882 0.049963 0.119470
0 0.383883 0.953863 0.092098 0.090202
0 0.435228 0.715371 0.065709 0.133573
2 0.619572 0.326827 0.038137 0.124380
4 0.946749 0.935419 0.027973 0.123910
2 0.667249 0.698726 0.062894 0.159510
4 0.918840 0.467770 0.014193 0.070125