0 0.336690 0.699524 0.193923 0.295643
0 0.779249 0.475677 0.227883 0.224748
0 0.245795 0.471584 0.187130 0.250663
0 0.050573 0.499402 0.100613 0.241611
0 0.331111 0.912167 0.221628 0.167832
0 0.073153 0.874604 0.145862 0.232182
0 0.036708 0.185385 0.072603 0.220750
0 0.296889 0.349871 0.155003 0.247802
4 0.573267 0.513678 0.059231 0.211329
4 0.932036 0.882915 0.072946 0.230054
0 0.441666 0.248413 0.153385 0.244342
4 0.767026 0.552908 0.060584 0.304476
4 0.694561 0.671003 0.062289 0.282250
3 0.412414 0.486022 0.060478 0.205649
4 0.624119 0.577215 0.056963 0.256616
4 0.159314 0.644035 0.062621 0.277284
4 0.785565 0.308641 0.034754 0.129362
0 0.062140 0.087684 0.121274 0.170201
4 0.690870 0.231104 0.039414 0.212047
4 0.983802 0.875531 0.031934 0.242181
0 0.550844 0.759113 0.165098 0.317486
4 0.438668 0.311904 0.033988 0.222564
4 0.657350 0.539754 0.038359 0.224540
4 0.165828 0.342509 0.057407 0.178847
4 0.585302 0.359470 0.040336 0.178025
3 0.953868 0.507323 0.091262 0.125459
3 0.038404 0.693334 0.076387 0.169265
4 0.732173 0.603214 0.034887 0.243918
0 0.083879 0.297988 0.093398 0.186902
0 0.580097 0.797142 0.227985 0.389408
4 0.315228 0.135439 0.043912 0.189013
0 0.588869 0.843585 0.206400 0.303426