2 0.813175 0.534841 0.174754 0.337958
0 0.415621 0.344373 0.049618 0.090265
0 0.664157 0.951087 0.122944 0.095146
0 0.494948 0.239051 0.068447 0.079972
4 0.114744 0.814405 0.023843 0.147959
0 0.679807 0.753760 0.145431 0.219553
0 0.648070 0.380639 0.059530 0.094582
4 0.154514 0.918631 0.026593 0.056594
0 0.673791 0.452309 0.046128 0.107142
0 0.102876 0.392907 0.093508 0.096600
0 0.279357 0.358349 0.066160 0.087316
0 0.086101 0.484696 0.101592 0.100661
0 0.239802 0.376095 0.077117 0.084822
0 0.042294 0.515479 0.084165 0.093297
4 0.332729 0.662711 0.028553 0.110017
0 0.305474 0.331002 0.063509 0.069983
4 0.278140 0.436477 0.020829 0.086346
4 0.357252 0.978628 0.028799 0.042743
0 0.114016 0.288461 0.095957 0.087772
4 0.562662 0.908597 0.020321 0.128069
0 0.364161 0.289521 0.080967 0.071353
0 0.175647 0.348311 0.072046 0.086187
4 0.852644 0.397460 0.019211 0.093403
2 0.193005 0.183986 0.119877 0.149311
0 0.585537 0.412723 0.078393 0.161002
1 0.156943 0.962730 0.094524 0.068829
0 0.031964 0.450728 0.063836 0.069216
0 0.138695 0.454668 0.070870 0.081248
0 0.320377 0.319961 0.059949 0.060994
0 0.214176 0.399843 0.073031 0.086441
0 0.312751 0.324771 0.073540 0.067095
0 0.719624 0.215578 0.044331 0.082702
4 0.329034 0.391055 0.017540 0.072806
0 0.016401 0.554874 0.032748 0.090459
0 0.153727 0.437734 0.106735 0.097733
0 0.246404 0.298513 0.081462 0.084096