0 0.725522 0.915535 0.135718 0.168401
1 0.399658 0.604132 0.163589 0.317992
0 0.509644 0.712055 0.115475 0.190517
0 0.159911 0.909072 0.131451 0.177895
3 0.324459 0.930826 0.048268 0.136191
0 0.792796 0.572158 0.082879 0.136807
0 0.814008 0.630040 0.091445 0.142162
4 0.258359 0.710785 0.040901 0.122501
0 0.910838 0.959786 0.177071 0.070601
1 0.497395 0.311426 0.041676 0.113565
0 0.596054 0.658092 0.089800 0.139726
0 0.654472 0.296220 0.038973 0.063622
1 0.447860 0.370735 0.038677 0.088311
4 0.300581 0.789490 0.045893 0.150752
0 0.904421 0.913469 0.191159 0.145809
4 0.793059 0.803178 0.035940 0.177948
0 0.628534 0.249475 0.034519 0.049891
0 0.377224 0.432600 0.064791 0.065645
4 0.684619 0.553882 0.025729 0.118261
0 0.255477 0.973790 0.118647 0.052420
4 0.324988 0.874601 0.049553 0.153360
0 0.579798 0.889291 0.092135 0.213471
3 0.259225 0.770705 0.038602 0.092722
3 0.701279 0.636940 0.034439 0.084160
0 0.781614 0.311925 0.044879 0.064256
4 0.684662 0.770535 0.037125 0.154020
3 0.633857 0.585929 0.033539 0.071911
0 0.302035 0.322689 0.050295 0.061067
0 0.760027 0.700511 0.083288 0.113594
3 0.568981 0.476980 0.024557 0.063444
4 0.760083 0.769770 0.031934 0.155579
0 0.834362 0.365188 0.049881 0.057898
0 0.135636 0.553557 0.065794 0.094575
3 0.616136 0.771054 0.069112 0.150559
4 0.795503 0.473651 0.016157 0.065679
4 0.703550 0.582734 0.031660 0.084427
4 0.636239 0.555840 0.035139 0.101489
0 0.683665 0.266620 0.036172 0.050510
3 0.300981 0.817191 0.044068 0.128479
3 0.732115 0.458734 0.023327 0.059483
3 0.541253 0.330090 0.018431 0.060467
4 0.324656 0.840383 0.047836 0.085846