0 0.303390 0.668821 0.102544 0.158595
0 0.698649 0.839396 0.114092 0.189155
0 0.792817 0.576681 0.086300 0.144074
0 0.654810 0.404394 0.056519 0.085931
0 0.414814 0.318467 0.042988 0.063546
3 0.439104 0.936605 0.044818 0.123369
0 0.623060 0.243590 0.033778 0.054715
0 0.613584 0.485815 0.064563 0.093921
0 0.733620 0.328673 0.042541 0.066188
4 0.394065 0.803099 0.050764 0.156035
3 0.629182 0.545730 0.028689 0.071220
0 0.910272 0.959751 0.178147 0.070885
0 0.899263 0.911766 0.201333 0.149684
3 0.388028 0.848037 0.041993 0.125351
4 0.615660 0.963410 0.058991 0.072390
3 0.571774 0.597995 0.030897 0.087291
0 0.871581 0.790307 0.207277 0.168112
0 0.781969 0.313143 0.043628 0.062327
1 0.486305 0.406524 0.115167 0.286529
4 0.438949 0.872854 0.045109 0.141980
0 0.897882 0.887121 0.204235 0.124631
3 0.711143 0.524445 0.025290 0.078159
0 0.887578 0.809996 0.212018 0.124178
1 0.479964 0.439312 0.100712 0.220009
0 0.753817 0.665021 0.119167 0.118100
0 0.655724 0.304494 0.037860 0.050289
0 0.598062 0.212070 0.029428 0.041354
4 0.840820 0.672178 0.034001 0.063195
1 0.837183 0.473340 0.060367 0.154530
0 0.834635 0.367077 0.050129 0.059252
0 0.891486 0.837987 0.215038 0.166725
2 0.488378 0.275269 0.075345 0.095858
4 0.961699 0.395855 0.019006 0.073684
0 0.287532 0.335758 0.040869 0.057641