2 0.811410 0.537062 0.177181 0.340953
0 0.292631 0.682069 0.127306 0.195974
0 0.146726 0.724710 0.123143 0.151148
0 0.047283 0.892741 0.094077 0.146694
0 0.701572 0.346194 0.074204 0.107861
2 0.296870 0.468494 0.134116 0.191177
0 0.100517 0.672479 0.122797 0.143991
2 0.498059 0.281628 0.233635 0.283792
0 0.204973 0.908775 0.178350 0.159160
0 0.255370 0.614949 0.105637 0.141137
0 0.185114 0.514893 0.093192 0.124689
0 0.716257 0.948739 0.121493 0.102522
0 0.684478 0.302737 0.045007 0.090894
0 0.041475 0.782430 0.082588 0.121005
0 0.304996 0.333544 0.065785 0.077591
2 0.192704 0.183364 0.120584 0.146093
0 0.079425 0.599397 0.097528 0.124690
0 0.090856 0.482806 0.095064 0.099522
2 0.301803 0.142911 0.109212 0.103141
0 0.102800 0.394620 0.094499 0.098601
0 0.224855 0.393795 0.097347 0.119449
0 0.357021 0.293854 0.082260 0.080592
0 0.044091 0.517049 0.086945 0.100798
0 0.643973 0.858976 0.118164 0.121100