2 0.901506 0.650103 0.196207 0.570215
0 0.720314 0.593980 0.137780 0.199501
0 0.628695 0.470510 0.106089 0.175113
0 0.573672 0.599599 0.114609 0.232140
0 0.429691 0.893002 0.156247 0.211242
0 0.787451 0.439655 0.100242 0.174350
0 0.457331 0.802931 0.145863 0.290023
0 0.687486 0.321032 0.084883 0.135700
0 0.859921 0.905117 0.127540 0.189766
4 0.790275 0.326832 0.032279 0.065303
0 0.584433 0.271776 0.068566 0.132997
0 0.729926 0.966696 0.148089 0.063750
0 0.677640 0.258255 0.083509 0.110325
0 0.562135 0.363514 0.096637 0.160601
4 0.745144 0.180459 0.022795 0.115523
0 0.443078 0.561685 0.118871 0.217912
4 0.407090 0.900956 0.047680 0.082722
3 0.781336 0.239095 0.025630 0.072476
3 0.530059 0.432656 0.034465 0.107498
0 0.682451 0.036616 0.039136 0.071759
0 0.452658 0.441574 0.092673 0.129853
4 0.780634 0.210104 0.029226 0.097445
0 0.603219 0.157948 0.059771 0.118048