0 0.747154 0.816200 0.063349 0.095360
0 0.055816 0.825257 0.094327 0.082931
0 0.306756 0.767452 0.067545 0.085487
0 0.747051 0.965784 0.070258 0.067954
0 0.847929 0.945317 0.076159 0.091639
0 0.151222 0.819914 0.067776 0.075344
0 0.249203 0.758362 0.052285 0.060369
0 0.648942 0.636743 0.046682 0.045495
0 0.047015 0.904649 0.093689 0.088455
0 0.453333 0.630571 0.022476 0.053115
0 0.681338 0.851279 0.063218 0.100289
0 0.620088 0.567910 0.033843 0.037388
0 0.880888 0.821936 0.048379 0.049534
0 0.385942 0.929611 0.059720 0.068291
0 0.941667 0.870891 0.082744 0.104274
0 0.673055 0.914740 0.048332 0.077795