0 0.710169 0.802879 0.051195 0.076187
0 0.406022 0.776904 0.053347 0.061835
0 0.620839 0.908046 0.059093 0.072682
0 0.275433 0.919488 0.065026 0.090084
0 0.360026 0.856431 0.056286 0.080702
0 0.051157 0.837795 0.061765 0.057962
0 0.600287 0.964591 0.063976 0.070819
0 0.524153 0.721342 0.040206 0.052757
0 0.366203 0.681190 0.038842 0.038043
0 0.454422 0.782445 0.050464 0.065919
0 0.107643 0.937209 0.064877 0.067864
0 0.222608 0.920507 0.085420 0.093153
0 0.811727 0.851015 0.057756 0.087191
0 0.649974 0.741400 0.034877 0.068117
0 0.046654 0.917852 0.053318 0.047848
0 0.664430 0.667793 0.027439 0.053932
0 0.892923 0.920358 0.081797 0.090216
0 0.630882 0.672346 0.030055 0.050489
0 0.543380 0.858299 0.042903 0.064556
0 0.696028 0.601453 0.024888 0.036491
4 0.761748 0.944946 0.013865 0.059747
0 0.483239 0.561691 0.018814 0.034332
0 0.687593 0.973824 0.077107 0.051809
0 0.288522 0.961848 0.068268 0.076303
0 0.648723 0.608394 0.028570 0.042061
0 0.593707 0.655311 0.038413 0.053290
2 0.656268 0.556806 0.049309 0.074287
0 0.177882 0.837837 0.059261 0.056345
4 0.609018 0.814824 0.010788 0.051488
0 0.501452 0.712439 0.037029 0.053303
0 0.210411 0.976413 0.056460 0.047173
0 0.341774 0.759876 0.052479 0.049029
4 0.794877 0.793677 0.010309 0.033252
1 0.419934 0.940991 0.084631 0.116563