0 0.083894 0.824390 0.166877 0.336141
0 0.792504 0.465368 0.200024 0.201884
0 0.135616 0.499841 0.149163 0.247995
0 0.092918 0.634117 0.183875 0.291728
0 0.441444 0.247543 0.158732 0.246176
3 0.430673 0.789436 0.208202 0.270138
4 0.962107 0.700308 0.055940 0.247742
4 0.681876 0.537577 0.042714 0.250171
4 0.779905 0.618061 0.045051 0.260041
1 0.053874 0.289046 0.107484 0.367065
4 0.288410 0.581753 0.071650 0.224248
4 0.732937 0.577177 0.033943 0.262693
3 0.288346 0.662239 0.078792 0.141042
4 0.826612 0.523943 0.039515 0.184058
3 0.978957 0.829809 0.041625 0.283681
4 0.542110 0.356204 0.062425 0.199851
0 0.549598 0.915077 0.191037 0.168254
3 0.729060 0.896552 0.097261 0.201214
4 0.259787 0.093599 0.038462 0.186849
3 0.953621 0.499421 0.091729 0.129215
0 0.374973 0.490596 0.136367 0.190990
3 0.548786 0.914861 0.193395 0.169221
3 0.290120 0.261140 0.078549 0.164058
4 0.948649 0.337217 0.043636 0.129861
4 0.635439 0.305689 0.036107 0.204144
4 0.593429 0.310007 0.030368 0.211734