0 0.620073 0.759883 0.057580 0.072574
0 0.075034 0.891213 0.094834 0.108236
0 0.593059 0.905977 0.084187 0.108870
0 0.973008 0.927613 0.052926 0.080779
0 0.687002 0.827496 0.070337 0.097075
0 0.130223 0.890701 0.076556 0.106779
0 0.758761 0.905505 0.075255 0.094031
0 0.117786 0.779083 0.057959 0.065094
0 0.249842 0.905628 0.081680 0.118624
0 0.157743 0.968244 0.074007 0.063512
0 0.890336 0.781053 0.069618 0.093465
0 0.593446 0.806747 0.070524 0.105598
0 0.228007 0.787446 0.064090 0.078553
1 0.809559 0.767825 0.084564 0.161946
0 0.674056 0.904393 0.063834 0.092999
0 0.746435 0.970569 0.090648 0.058863
0 0.061862 0.683353 0.061134 0.056858
0 0.267730 0.797455 0.057077 0.089355
4 0.347178 0.940397 0.013608 0.056101
0 0.324262 0.727390 0.055235 0.073118
0 0.531289 0.564181 0.034752 0.053947
0 0.406321 0.627033 0.043107 0.058266
0 0.057830 0.759458 0.056031 0.047441
0 0.108661 0.964472 0.072825 0.071017
0 0.039083 0.832908 0.077763 0.114949
0 0.654015 0.696073 0.040368 0.079974
0 0.142054 0.966707 0.106254 0.066585
1 0.438618 0.632286 0.062603 0.098443
0 0.544043 0.711942 0.041201 0.061120
0 0.292806 0.814693 0.063402 0.087629