2 0.901577 0.760664 0.195879 0.458433
0 0.110936 0.713472 0.125360 0.158239
2 0.271050 0.549736 0.182922 0.276637
0 0.155616 0.916138 0.173394 0.150216
0 0.600578 0.634378 0.074287 0.149418
0 0.692131 0.527394 0.047556 0.121779
0 0.620385 0.543226 0.056792 0.138817
0 0.031268 0.788462 0.062203 0.126135
4 0.610804 0.751674 0.026800 0.124665
2 0.233131 0.411461 0.091055 0.154681
0 0.175419 0.525296 0.109300 0.121078
0 0.753361 0.328072 0.050538 0.077874
2 0.379317 0.379244 0.080747 0.141584
4 0.882728 0.493599 0.020861 0.089454
0 0.424626 0.615742 0.080344 0.133619
0 0.494512 0.237553 0.068007 0.078600
0 0.624019 0.337837 0.051004 0.089241
0 0.029486 0.579256 0.058450 0.114268
0 0.810782 0.847674 0.105282 0.252741
0 0.013622 0.928651 0.026810 0.136869
2 0.192353 0.184175 0.120647 0.150554
4 0.497578 0.802838 0.025505 0.108384
0 0.309754 0.407708 0.073672 0.091004
0 0.154901 0.597760 0.079460 0.111888
0 0.149143 0.438729 0.097302 0.098159
4 0.640518 0.755976 0.024310 0.122690
0 0.102441 0.392540 0.095978 0.097647
0 0.657943 0.400623 0.044988 0.123391
0 0.308582 0.328451 0.071225 0.070246
4 0.461599 0.906429 0.023362 0.121448
0 0.066488 0.643675 0.132764 0.196646