2 0.074166 0.825031 0.147549 0.332251
0 0.710264 0.869008 0.171859 0.259196
0 0.426117 0.592061 0.102754 0.158622
0 0.573340 0.547851 0.092367 0.145057
0 0.747781 0.508742 0.096130 0.140293
0 0.834826 0.609011 0.101481 0.152889
0 0.429496 0.362297 0.061030 0.087692
0 0.300772 0.645561 0.101330 0.224036
0 0.703285 0.691602 0.120595 0.163004
0 0.503693 0.438015 0.073141 0.108958
0 0.634254 0.443061 0.073393 0.117439
1 0.891403 0.189772 0.058743 0.099443
0 0.975045 0.257435 0.049243 0.075579
0 0.678473 0.399023 0.068986 0.099751
0 0.516934 0.319477 0.052281 0.075916
0 0.627054 0.316691 0.052343 0.078564
2 0.740020 0.199696 0.064007 0.108114
0 0.482854 0.954173 0.137355 0.090210
1 0.831116 0.209602 0.032214 0.061122