2 0.368161 0.275785 0.072206 0.153423
0 0.730798 0.566959 0.095829 0.146175
0 0.059565 0.877351 0.118088 0.222973
0 0.931647 0.811321 0.135991 0.229320
0 0.515577 0.510246 0.086028 0.149858
0 0.953835 0.415774 0.073451 0.095677
0 0.582883 0.739509 0.141385 0.248704
0 0.671951 0.469521 0.083193 0.124464
0 0.457575 0.437797 0.072526 0.148854
0 0.643539 0.378730 0.064727 0.094867
1 0.971352 0.227688 0.056997 0.122032
0 0.297288 0.737740 0.144604 0.259712
0 0.529901 0.362756 0.061120 0.090699
0 0.627499 0.323901 0.058881 0.080204
0 0.494994 0.228353 0.036247 0.051217
1 0.421296 0.632697 0.114143 0.226824
0 0.599490 0.255902 0.040433 0.053236
0 0.421947 0.632043 0.113889 0.225926
2 0.741685 0.199429 0.062258 0.108229
2 0.786388 0.170889 0.053295 0.081469
1 0.742226 0.200603 0.059425 0.108659