2 0.399547 0.369398 0.101748 0.233922
2 0.943155 0.351404 0.112560 0.224042
0 0.655245 0.541840 0.094384 0.150459
0 0.505482 0.363484 0.063303 0.090329
2 0.478632 0.188813 0.051908 0.105490
0 0.821684 0.238803 0.051625 0.071457
0 0.539091 0.291230 0.058103 0.081970
4 0.073559 0.526287 0.023156 0.102328
0 0.699022 0.247380 0.042740 0.073980
0 0.985537 0.229884 0.028193 0.047424
1 0.580844 0.196833 0.035269 0.074510
0 0.861135 0.239819 0.036479 0.037462
0 0.729547 0.225157 0.037962 0.056255
0 0.785342 0.227018 0.031463 0.042077
0 0.611555 0.255777 0.034674 0.076135