0 0.801367 0.328266 0.058302 0.102896
0 0.966099 0.354562 0.067803 0.086364
0 0.500545 0.295306 0.048201 0.070909
4 0.123763 0.611128 0.034328 0.141895
0 0.895239 0.289166 0.054315 0.071016
4 0.061090 0.607269 0.030377 0.160489
0 0.431608 0.317479 0.045410 0.100443
4 0.067055 0.448108 0.022789 0.117630
0 0.450742 0.228395 0.052295 0.059434
0 0.734118 0.275964 0.049606 0.071252
4 0.241897 0.441485 0.027709 0.103643
4 0.176594 0.608956 0.039602 0.141899
0 0.395081 0.226261 0.057692 0.046422
0 0.781077 0.246647 0.041700 0.058091
1 0.488863 0.173672 0.048383 0.088867
0 0.700536 0.200884 0.031263 0.043825
0 0.912841 0.262894 0.052324 0.064561
0 0.820757 0.233782 0.036346 0.068814