0 0.393477 0.411094 0.057060 0.136403
0 0.493498 0.432284 0.074510 0.109471
0 0.967620 0.507564 0.064132 0.133671
0 0.899936 0.305147 0.052078 0.076578
0 0.878225 0.412014 0.079128 0.105391
0 0.533583 0.264429 0.043054 0.076160
0 0.716899 0.258860 0.041653 0.081265
0 0.687161 0.243881 0.029812 0.051585
0 0.844038 0.263593 0.046959 0.063003
4 0.030054 0.758232 0.048200 0.179802
4 0.203608 0.505085 0.027250 0.106262
0 0.908810 0.249039 0.054568 0.081385
0 0.792384 0.221963 0.041440 0.056026
0 0.506544 0.243254 0.030444 0.054729
1 0.536542 0.177228 0.034305 0.068635
0 0.476723 0.212590 0.033502 0.041338
3 0.029442 0.819689 0.040368 0.135928
2 0.492684 0.167991 0.042887 0.074993