2 0.327531 0.568869 0.165850 0.374617
0 0.593955 0.367643 0.064924 0.104761
2 0.874704 0.300758 0.107809 0.177233
0 0.538834 0.327808 0.057047 0.078287
2 0.470379 0.198615 0.060545 0.115968
0 0.430013 0.477434 0.060688 0.117497
2 0.353387 0.338171 0.088480 0.112548
0 0.804758 0.223033 0.048876 0.073019
0 0.629200 0.294073 0.042054 0.093082
0 0.722073 0.220765 0.042476 0.054021
0 0.597317 0.282487 0.033878 0.061921
0 0.762162 0.965515 0.126146 0.065138
0 0.683426 0.232398 0.040498 0.065310
4 0.946834 0.208851 0.018085 0.067452
1 0.584964 0.208615 0.053420 0.081240
0 0.619057 0.293639 0.061777 0.091307
0 0.771851 0.212790 0.030698 0.046964
0 0.519251 0.289238 0.056052 0.075117