0 0.915610 0.306561 0.060307 0.078073
0 0.834826 0.353785 0.061838 0.111914
0 0.784520 0.257022 0.041574 0.058049
0 0.438762 0.306510 0.042506 0.090778
0 0.751479 0.291931 0.051614 0.069363
0 0.496858 0.278609 0.045020 0.063951
4 0.077304 0.577028 0.030796 0.148232
4 0.072502 0.447050 0.023236 0.124332
4 0.197021 0.583453 0.037776 0.140727
4 0.134430 0.579451 0.033164 0.125255
4 0.249856 0.430906 0.025343 0.102610
0 0.678126 0.215729 0.032741 0.046214
1 0.491555 0.169956 0.041830 0.081071
0 0.993298 0.219740 0.012680 0.036320
0 0.935712 0.279765 0.042190 0.065649
1 0.414068 0.224141 0.054424 0.060424
1 0.832079 0.241329 0.038897 0.074169
0 0.414404 0.223558 0.055181 0.061271
0 0.708957 0.204336 0.033801 0.043963
1 0.530071 0.190144 0.047122 0.064159
1 0.805119 0.174517 0.033877 0.045336