0 0.920389 0.746215 0.137975 0.200294
0 0.736542 0.764596 0.125437 0.213459
0 0.507516 0.770565 0.129624 0.207944
0 0.714330 0.438714 0.076402 0.108292
0 0.505605 0.436243 0.072157 0.110954
0 0.629897 0.369806 0.062548 0.090594
0 0.696056 0.941890 0.173887 0.110886
1 0.889647 0.188539 0.061182 0.094721
0 0.300943 0.475123 0.096877 0.115344
1 0.090651 0.851382 0.181302 0.297236
1 0.824810 0.207099 0.031630 0.060926
0 0.520926 0.369793 0.059497 0.092553
0 0.483465 0.249777 0.038715 0.058246
0 0.443718 0.318467 0.059913 0.076614
0 0.931409 0.235626 0.045389 0.072575
0 0.570936 0.295393 0.049070 0.075553
1 0.738413 0.201551 0.064234 0.104331
0 0.978566 0.969142 0.041963 0.060976
0 0.530118 0.259687 0.041977 0.055020
0 0.620639 0.310134 0.055985 0.091494
2 0.494075 0.173577 0.032726 0.075639