0 0.257871 0.865673 0.126802 0.265932
0 0.538128 0.351206 0.055188 0.084236
0 0.574826 0.502043 0.086335 0.169653
0 0.925010 0.323309 0.062639 0.082498
0 0.877030 0.285666 0.048443 0.070841
4 0.065011 0.697487 0.039973 0.154230
0 0.811695 0.354694 0.063723 0.082278
0 0.985439 0.426781 0.028408 0.133448
0 0.812718 0.231136 0.036728 0.053910
0 0.701421 0.262153 0.045067 0.063920
0 0.976237 0.378743 0.047526 0.093556
0 0.480225 0.243354 0.035620 0.052613
0 0.984945 0.226438 0.029325 0.055269
2 0.491491 0.171194 0.041800 0.082181
0 0.851160 0.274187 0.036897 0.052252
0 0.972569 0.296804 0.047467 0.069138
0 0.012065 0.953961 0.024043 0.089739
3 0.065426 0.744279 0.031438 0.100449
1 0.582776 0.174090 0.030393 0.070915
0 0.886314 0.238390 0.034213 0.056618
0 0.537408 0.188785 0.031891 0.047469