0 0.530141 0.604011 0.103084 0.152677
0 0.914188 0.396612 0.077802 0.098755
0 0.447797 0.305028 0.047828 0.072634
0 0.810056 0.319855 0.057807 0.081820
0 0.926250 0.313956 0.063253 0.101592
0 0.736042 0.260163 0.040771 0.057119
0 0.889856 0.293285 0.043200 0.065381
1 0.489980 0.176309 0.051697 0.091152
0 0.982775 0.227584 0.033454 0.042824
0 0.846182 0.260268 0.044213 0.067267
0 0.676601 0.233623 0.038154 0.047882
0 0.546718 0.202330 0.030800 0.039716
0 0.956735 0.290239 0.058687 0.079306
3 0.983077 0.546158 0.033028 0.148106