0 0.295294 0.594647 0.098677 0.154812
0 0.886605 0.401964 0.084690 0.122675
2 0.467015 0.212890 0.055543 0.124234
0 0.589416 0.250579 0.040339 0.058901
0 0.959355 0.296533 0.055062 0.064275
0 0.857237 0.258830 0.060415 0.083488
0 0.763904 0.256537 0.041073 0.058287
0 0.686947 0.244535 0.040406 0.063183
4 0.062412 0.644815 0.034823 0.111165
0 0.551159 0.236799 0.039992 0.056472
0 0.923355 0.265511 0.041482 0.054473
0 0.818789 0.240149 0.040311 0.058979
0 0.729937 0.220294 0.035481 0.046636
0 0.989022 0.241936 0.021275 0.049122
3 0.059034 0.697506 0.024579 0.082928
2 0.489861 0.173237 0.041697 0.082200
0 0.523943 0.207150 0.039572 0.080110
0 0.792971 0.223906 0.030750 0.048135