2 0.228917 0.756727 0.271353 0.481148
0 0.648538 0.661261 0.107621 0.170046
0 0.659427 0.495204 0.081173 0.130714
2 0.401789 0.227938 0.057014 0.125225
0 0.496672 0.439345 0.065090 0.146428
0 0.389002 0.622864 0.075840 0.156518
0 0.638526 0.334675 0.053517 0.082053
4 0.279973 0.811986 0.053770 0.091054
2 0.740987 0.199216 0.064105 0.108753
0 0.537782 0.390767 0.064280 0.115705
2 0.801082 0.172073 0.039267 0.076872
2 0.841148 0.176276 0.048114 0.087322
0 0.438779 0.403545 0.064664 0.137266
0 0.700478 0.440268 0.077958 0.107651
0 0.514889 0.333243 0.054955 0.066912
0 0.618387 0.300530 0.048351 0.074003
0 0.696207 0.372756 0.078258 0.084506