0 0.765737 0.886373 0.148707 0.223855
0 0.498398 0.906163 0.158183 0.186017
0 0.503829 0.485785 0.079862 0.124771
0 0.746129 0.492526 0.093326 0.127253
0 0.967582 0.906153 0.063716 0.183399
0 0.232557 0.499468 0.117012 0.124855
0 0.641845 0.407164 0.071305 0.106194
1 0.890141 0.188626 0.056613 0.099037
0 0.420790 0.342088 0.061454 0.083451
0 0.515857 0.401748 0.065980 0.094134
0 0.528327 0.271315 0.043358 0.062912
0 0.059807 0.866237 0.118799 0.263855
0 0.919713 0.233368 0.044354 0.069609
0 0.626950 0.331354 0.057383 0.098771
0 0.579817 0.313264 0.050057 0.082140
1 0.059934 0.864155 0.119438 0.259269
1 0.740541 0.202217 0.061953 0.104021
1 0.754403 0.152444 0.055526 0.064235
0 0.522062 0.336796 0.056813 0.080201
1 0.467636 0.260530 0.040612 0.065110