2 0.229431 0.763138 0.253351 0.463793
2 0.354975 0.429644 0.129308 0.272453
0 0.714025 0.406427 0.073094 0.096819
0 0.924425 0.832316 0.150624 0.229810
0 0.624775 0.416871 0.079183 0.138890
2 0.422720 0.288158 0.077647 0.172565
0 0.532111 0.324754 0.052195 0.074979
2 0.972936 0.230557 0.053072 0.129913
4 0.272266 0.778598 0.047033 0.082169
2 0.914043 0.196396 0.066035 0.111571
2 0.851147 0.177081 0.049395 0.092340
2 0.742445 0.198747 0.059630 0.107541
2 0.808157 0.172033 0.035821 0.077372
0 0.609668 0.255505 0.040036 0.060910
0 0.631223 0.326941 0.053151 0.079556
0 0.544625 0.249361 0.043625 0.081344
0 0.525087 0.284304 0.047997 0.064754
4 0.379645 0.432539 0.024039 0.048468
4 0.345406 0.431048 0.025435 0.066336
0 0.681624 0.226617 0.039047 0.063849