0 0.745277 0.625906 0.106013 0.162024
0 0.043246 0.881417 0.086055 0.187851
2 0.360867 0.289248 0.076300 0.160919
0 0.575489 0.854618 0.165175 0.285832
0 0.512689 0.548068 0.094836 0.161953
0 0.911709 0.393467 0.069933 0.089455
0 0.684089 0.512751 0.094824 0.137966
0 0.649704 0.401771 0.069885 0.099676
0 0.445588 0.468012 0.083602 0.160947
0 0.529835 0.384169 0.065326 0.098005
0 0.960956 0.910690 0.077158 0.176315
0 0.249071 0.772126 0.157007 0.272616
2 0.740680 0.199649 0.065777 0.107221
1 0.434845 0.679752 0.124382 0.247441
2 0.964092 0.219713 0.070763 0.127843
2 0.785972 0.170860 0.056240 0.076008
0 0.640401 0.342387 0.061387 0.085192
0 0.600241 0.262324 0.045693 0.059701
0 0.486164 0.233604 0.040767 0.056737
1 0.249193 0.773357 0.156351 0.273679