0 0.705770 0.612130 0.115589 0.206503
0 0.493266 0.600011 0.100638 0.162850
0 0.444311 0.915948 0.158509 0.163813
0 0.266785 0.486958 0.121083 0.124340
0 0.637207 0.537216 0.083208 0.140361
0 0.392000 0.428624 0.066179 0.098869
0 0.516493 0.404752 0.066429 0.100495
1 0.891171 0.190232 0.057612 0.097313
0 0.747855 0.428805 0.053257 0.097081
0 0.703439 0.446737 0.078948 0.155519
0 0.608685 0.337034 0.051525 0.075071
0 0.524820 0.310223 0.050033 0.076379
0 0.465321 0.275652 0.045506 0.074198
1 0.848639 0.216840 0.035373 0.064688
2 0.739753 0.202218 0.065647 0.105467
0 0.589404 0.234837 0.038748 0.057971
2 0.484241 0.186738 0.044799 0.095506
0 0.619607 0.294783 0.049818 0.068491
1 0.484326 0.186425 0.044942 0.095060
0 0.684010 0.230784 0.044867 0.065060