0 0.709998 0.637727 0.121505 0.213275
0 0.491660 0.624055 0.103863 0.171540
0 0.257303 0.489155 0.125688 0.125004
0 0.517241 0.414523 0.067839 0.100650
0 0.715441 0.460446 0.081347 0.160220
0 0.391091 0.436099 0.069150 0.104879
0 0.640278 0.554394 0.090081 0.146027
0 0.609942 0.341999 0.052652 0.077902
1 0.890616 0.189359 0.058478 0.097388
0 0.434429 0.942716 0.174844 0.108943
0 0.760657 0.439940 0.052431 0.103379
0 0.462622 0.278724 0.048028 0.076303
0 0.523808 0.316153 0.051025 0.080589
0 0.620982 0.299015 0.052307 0.069305
0 0.590015 0.235119 0.040738 0.061562
1 0.741066 0.202030 0.062994 0.105785
2 0.483508 0.187170 0.045408 0.095945
1 0.483682 0.186716 0.045399 0.095809
2 0.741083 0.200810 0.063552 0.107691
0 0.847656 0.215554 0.037484 0.065411
0 0.683860 0.229160 0.045023 0.068015