0 0.753938 0.696824 0.117780 0.180991
2 0.351808 0.298495 0.080282 0.167156
0 0.024818 0.898149 0.049145 0.173355
0 0.692982 0.563774 0.098040 0.151512
0 0.508051 0.588410 0.103512 0.168760
0 0.435074 0.498240 0.090689 0.172871
0 0.210775 0.796370 0.167454 0.280842
0 0.872405 0.367701 0.064577 0.087196
0 0.654471 0.427037 0.075771 0.107440
1 0.451639 0.738475 0.134578 0.266610
0 0.528748 0.400067 0.068595 0.108471
2 0.951763 0.212089 0.071395 0.125137
0 0.555216 0.920811 0.192850 0.155716
0 0.475165 0.241171 0.037501 0.056545
0 0.601610 0.266053 0.047224 0.068127
2 0.743475 0.199503 0.056354 0.108467
0 0.660463 0.364912 0.067363 0.092480
0 0.526166 0.334885 0.061030 0.096513
2 0.788695 0.170264 0.044434 0.074353
1 0.743581 0.200676 0.054211 0.108396
0 0.681011 0.225102 0.037302 0.065705