0 0.597590 0.614590 0.108016 0.210819
0 0.937607 0.476769 0.091696 0.116921
0 0.540218 0.389735 0.059817 0.094538
0 0.693754 0.253104 0.042691 0.059507
0 0.859283 0.270643 0.045212 0.063198
0 0.769855 0.323879 0.054858 0.074168
0 0.475078 0.253816 0.038053 0.059148
4 0.038255 0.742508 0.039676 0.158256
0 0.975929 0.385300 0.047376 0.123351
0 0.206571 0.939554 0.142314 0.118450
0 0.901448 0.303156 0.058281 0.078923
0 0.809258 0.230481 0.032606 0.051569
2 0.492950 0.172630 0.047286 0.084137
0 0.985047 0.221022 0.028933 0.050657
0 0.945974 0.279098 0.042343 0.065375
0 0.833282 0.260700 0.035686 0.050922
0 0.961858 0.354041 0.070691 0.083890
1 0.583306 0.172257 0.031085 0.077900
1 0.668980 0.207446 0.033344 0.065106