2 0.344149 0.311182 0.086203 0.177544
0 0.769949 0.790159 0.133585 0.207434
0 0.502588 0.637955 0.111564 0.185856
0 0.705807 0.629026 0.116880 0.169374
0 0.422652 0.534984 0.098302 0.185488
0 0.463956 0.813242 0.146718 0.296791
0 0.663965 0.457609 0.085630 0.118814
0 0.526313 0.425825 0.072771 0.109166
0 0.836844 0.349151 0.060544 0.079964
2 0.941065 0.209596 0.069554 0.117125
0 0.177156 0.816104 0.176057 0.288767
0 0.981548 0.299506 0.035870 0.091390
0 0.684288 0.386411 0.068958 0.097068
0 0.468057 0.249591 0.042403 0.060292
2 0.741712 0.198136 0.060111 0.108880
0 0.603464 0.271695 0.050876 0.076892
2 0.788778 0.168234 0.042542 0.074385
0 0.524322 0.345443 0.063859 0.106522
1 0.177170 0.815479 0.177057 0.291079
0 0.004690 0.936457 0.009359 0.123983