0 0.609284 0.668081 0.113736 0.176686
0 0.669861 0.530146 0.087621 0.142690
0 0.430871 0.737464 0.125956 0.200330
0 0.822491 0.635785 0.118629 0.173916
0 0.735896 0.879172 0.145425 0.225378
0 0.933524 0.800607 0.131664 0.204601
0 0.738348 0.478301 0.085622 0.120933
0 0.499171 0.521795 0.086353 0.134451
0 0.234928 0.736157 0.127943 0.262481
1 0.890546 0.188820 0.059611 0.096975
0 0.649592 0.351824 0.059914 0.084221
0 0.392090 0.401307 0.066536 0.095680
0 0.511046 0.352436 0.057119 0.086125
0 0.956523 0.247943 0.044377 0.073953
0 0.613017 0.304362 0.050642 0.072252
2 0.740899 0.199750 0.060362 0.106719
1 0.740329 0.201524 0.058258 0.105099
1 0.825766 0.206010 0.028333 0.060009
1 0.498530 0.173047 0.033576 0.067965
0 0.530971 0.306918 0.045889 0.089695