2 0.274184 0.479019 0.129127 0.284084
0 0.512565 0.762306 0.131029 0.207866
0 0.942509 0.878361 0.114017 0.229190
0 0.511968 0.541407 0.093507 0.188240
0 0.647286 0.399829 0.064358 0.095225
0 0.527022 0.339951 0.054433 0.082675
0 0.427594 0.387956 0.058479 0.130034
0 0.270549 0.953943 0.154857 0.087364
0 0.709352 0.261533 0.036955 0.056430
2 0.777589 0.162705 0.042492 0.067513
2 0.895669 0.189944 0.052461 0.097655
0 0.634303 0.334449 0.057602 0.103716
0 0.516404 0.468267 0.090809 0.129370
0 0.803452 0.970707 0.149896 0.053913
2 0.745271 0.201308 0.054924 0.108248
0 0.555363 0.285696 0.046662 0.069882
0 0.598515 0.295090 0.042850 0.077548
4 0.258404 0.462459 0.024321 0.045484
0 0.879010 0.237402 0.037406 0.071084
1 0.895300 0.190077 0.050868 0.099826
0 0.986433 0.221186 0.026069 0.064369
4 0.173053 0.357083 0.018655 0.082210
1 0.878943 0.237828 0.037462 0.071540
0 0.504770 0.273799 0.041351 0.062074
1 0.986275 0.221780 0.026744 0.063311