0 0.694318 0.720688 0.129556 0.197893
0 0.473172 0.643694 0.114596 0.163614
0 0.469897 0.907473 0.164253 0.181043
0 0.673466 0.466261 0.087591 0.152399
0 0.333865 0.453920 0.090287 0.113580
0 0.518846 0.463295 0.073304 0.125830
0 0.115496 0.528817 0.143548 0.124386
0 0.413897 0.352397 0.054210 0.084261
1 0.890693 0.190475 0.059651 0.097002
0 0.522949 0.344781 0.055696 0.084642
0 0.622763 0.431614 0.067562 0.110706
0 0.527966 0.273182 0.041462 0.063798
0 0.599572 0.290996 0.043114 0.063474
0 0.493121 0.253230 0.041472 0.056985
1 0.737371 0.202106 0.067709 0.104424
1 0.490255 0.181693 0.040243 0.087167
1 0.860288 0.221056 0.044872 0.067959
0 0.825184 0.206895 0.031481 0.059274
2 0.490602 0.182749 0.039654 0.087927
0 0.976563 0.957007 0.046009 0.085696
0 0.860111 0.220486 0.045342 0.068635