0 0.602301 0.643864 0.112362 0.221980
0 0.764443 0.318614 0.054883 0.073719
0 0.924529 0.457986 0.085729 0.117678
0 0.540568 0.397617 0.064774 0.099222
0 0.974628 0.379282 0.049846 0.119982
0 0.856555 0.267834 0.045943 0.060192
4 0.030316 0.746026 0.044222 0.160344
0 0.473977 0.256397 0.040287 0.061914
0 0.691916 0.252184 0.041025 0.058937
0 0.895958 0.298885 0.056162 0.077336
0 0.950233 0.350141 0.053721 0.084666
0 0.986379 0.220412 0.026639 0.053268
0 0.187318 0.958111 0.145538 0.081595
2 0.492359 0.172499 0.048033 0.084253
0 0.830839 0.253869 0.036887 0.055593
1 0.665635 0.201994 0.037906 0.078343
3 0.031956 0.803110 0.032243 0.108958
1 0.583002 0.178324 0.030845 0.065831
0 0.939696 0.276160 0.044148 0.067191
0 0.807523 0.226065 0.030092 0.056486