0 0.762898 0.297430 0.057849 0.072036
0 0.495825 0.270431 0.044592 0.064732
0 0.854783 0.366872 0.065422 0.113935
0 0.929654 0.316864 0.063931 0.079752
0 0.396364 0.222600 0.059330 0.060686
4 0.209845 0.574787 0.040732 0.144796
0 0.441760 0.297840 0.040093 0.088090
0 0.788067 0.262326 0.044817 0.065081
4 0.076312 0.440588 0.024225 0.117068
4 0.088312 0.567627 0.036661 0.155562
4 0.139995 0.573673 0.033803 0.136336
2 0.494196 0.171027 0.046738 0.082520
0 0.680105 0.219761 0.033879 0.045187
4 0.253157 0.422964 0.026340 0.106603
0 0.714104 0.208345 0.031145 0.039181
0 0.870864 0.234004 0.034355 0.042725
2 0.736128 0.135796 0.031447 0.047131
0 0.935658 0.281871 0.065456 0.075640
1 0.807413 0.176051 0.032484 0.049527
0 0.988441 0.217901 0.022127 0.045531
1 0.838234 0.238097 0.039217 0.083928