2 0.294714 0.417736 0.109733 0.246290
0 0.513983 0.632530 0.104213 0.167962
0 0.743445 0.806271 0.146969 0.223761
0 0.863248 0.660212 0.113307 0.175559
0 0.518546 0.464462 0.079570 0.162460
0 0.634361 0.358395 0.056950 0.082608
0 0.527375 0.308649 0.048229 0.073686
0 0.493733 0.425207 0.063796 0.119986
0 0.014365 0.891756 0.028361 0.208952
1 0.900209 0.189493 0.054509 0.093371
2 0.781876 0.162584 0.034927 0.067386
0 0.984904 0.234343 0.029279 0.059021
0 0.454512 0.347287 0.056075 0.110676
0 0.614765 0.314022 0.052147 0.076853
0 0.332884 0.855903 0.154557 0.288195
0 0.720311 0.276570 0.039616 0.062803
2 0.743987 0.200316 0.054592 0.108861
1 0.332201 0.853965 0.154874 0.286436
0 0.571486 0.265733 0.030468 0.060119
1 0.900756 0.249125 0.040869 0.073366
0 0.901042 0.249377 0.041579 0.073167
0 0.432686 0.319153 0.040645 0.079242
0 0.508952 0.258308 0.038168 0.068393