0 0.948196 0.457633 0.082483 0.117126
0 0.476840 0.487573 0.085625 0.128379
0 0.382591 0.445123 0.061605 0.145166
0 0.880249 0.287109 0.050059 0.073905
0 0.835114 0.378991 0.068286 0.096653
0 0.534415 0.277167 0.045050 0.083473
0 0.679587 0.240011 0.023194 0.048092
0 0.706334 0.251501 0.041002 0.070972
0 0.977221 0.306850 0.044712 0.070227
0 0.825646 0.250846 0.045798 0.058040
4 0.185122 0.525370 0.028159 0.107784
0 0.976267 0.387030 0.047145 0.099724
4 0.016616 0.817576 0.032857 0.186778
0 0.477043 0.215448 0.028254 0.038485
0 0.514855 0.251214 0.031589 0.054422
3 0.183341 0.560380 0.024810 0.080320
1 0.611814 0.160327 0.033255 0.072182