2 0.262384 0.499796 0.139789 0.298701
0 0.511657 0.816163 0.139209 0.222850
0 0.509312 0.565469 0.097981 0.205599
0 0.651056 0.417374 0.067438 0.099350
0 0.961552 0.926402 0.075893 0.141686
0 0.526824 0.353164 0.055592 0.087007
0 0.418217 0.400675 0.063397 0.144233
0 0.532512 0.490978 0.088258 0.151399
0 0.600602 0.302120 0.045919 0.081770
0 0.707312 0.255277 0.035672 0.059976
2 0.744615 0.200296 0.054666 0.109512
2 0.778715 0.163387 0.039126 0.069749
0 0.548712 0.296560 0.048129 0.069719
2 0.890922 0.189360 0.059652 0.098779
0 0.643275 0.338261 0.067133 0.082714
0 0.989957 0.217859 0.019464 0.058246
0 0.504046 0.278381 0.043255 0.063828
0 0.872097 0.232063 0.037893 0.069329
1 0.889642 0.188489 0.061359 0.096074
0 0.680181 0.225605 0.034714 0.061501