0 0.498267 0.408370 0.071461 0.103088
0 0.901919 0.431201 0.074187 0.109504
0 0.398571 0.398164 0.055936 0.128784
0 0.909863 0.313869 0.053921 0.079939
0 0.976191 0.541049 0.045983 0.128249
0 0.691887 0.245198 0.032517 0.055752
0 0.723271 0.265810 0.042496 0.080701
0 0.503044 0.239607 0.033340 0.056482
4 0.049977 0.739557 0.048217 0.190051
0 0.532818 0.259129 0.042232 0.067508
0 0.793260 0.222983 0.038439 0.058392
4 0.207628 0.492525 0.028978 0.087734
0 0.477956 0.209316 0.035013 0.044395
0 0.923952 0.255004 0.043847 0.085122
3 0.208264 0.528889 0.025210 0.075138
0 0.851615 0.264986 0.051876 0.076460
0 0.770020 0.212666 0.024897 0.042180