2 0.214951 0.762700 0.286689 0.467084
0 0.651838 0.688669 0.112492 0.178180
0 0.662898 0.506314 0.082254 0.132808
2 0.400632 0.227484 0.056764 0.129090
0 0.379911 0.634457 0.071224 0.160451
0 0.492981 0.448638 0.066919 0.149385
4 0.271373 0.840239 0.056462 0.092567
2 0.800319 0.170386 0.038661 0.077687
0 0.640674 0.338959 0.055959 0.081962
0 0.542736 0.395467 0.066206 0.119778
2 0.743846 0.198379 0.056461 0.110883
2 0.838242 0.173493 0.047934 0.084511
0 0.515273 0.338870 0.056029 0.072348
0 0.622667 0.304086 0.052534 0.074960
2 0.767066 0.149392 0.028941 0.046418
0 0.535048 0.297822 0.052540 0.075785
0 0.436324 0.407534 0.066753 0.138815
4 0.947799 0.203328 0.017807 0.075041
1 0.435298 0.408074 0.065173 0.138292
0 0.713576 0.449005 0.074464 0.115802