2 0.434974 0.268984 0.071441 0.166151
0 0.067325 0.865637 0.133849 0.217817
0 0.536990 0.292359 0.048692 0.070187
0 0.971083 0.302015 0.056971 0.077541
0 0.605458 0.343799 0.055163 0.090601
0 0.898113 0.256079 0.040280 0.048625
0 0.719723 0.279013 0.045645 0.082885
0 0.837730 0.245709 0.055696 0.073806
2 0.484125 0.166162 0.055413 0.066731
0 0.746700 0.231555 0.030011 0.051425
0 0.800749 0.231286 0.032766 0.047324
2 0.489426 0.242399 0.044592 0.112727
1 0.600127 0.225584 0.029766 0.064055
4 0.107065 0.574617 0.026333 0.115698
0 0.877116 0.233226 0.031321 0.046704