2 0.376323 0.266670 0.067767 0.142549
0 0.084273 0.847588 0.167698 0.213158
0 0.581899 0.629692 0.121983 0.207679
0 0.708312 0.504933 0.085443 0.129859
0 0.518011 0.470962 0.081676 0.134392
0 0.870058 0.674644 0.118195 0.190594
0 0.755718 0.911595 0.158149 0.174171
0 0.357097 0.685216 0.121004 0.239454
0 0.954419 0.920866 0.090067 0.155817
0 0.659989 0.424402 0.074916 0.112793
0 0.477427 0.405926 0.069610 0.139128
0 0.985358 0.454394 0.028653 0.102847
0 0.634364 0.351821 0.058108 0.086761
0 0.613382 0.303399 0.052879 0.070920
0 0.528885 0.344339 0.057777 0.087858
2 0.736365 0.200235 0.069679 0.107023
1 0.982835 0.236553 0.033412 0.130731
0 0.421135 0.577079 0.100228 0.199372
1 0.420428 0.577190 0.101730 0.199004
1 0.790196 0.171176 0.060711 0.082163
0 0.596560 0.251363 0.039157 0.044848
1 0.736192 0.201429 0.068828 0.105297