0 0.154885 0.857552 0.198806 0.234694
0 0.306280 0.693920 0.099490 0.234427
0 0.555269 0.389961 0.065504 0.129212
0 0.895222 0.428082 0.074394 0.106056
0 0.479936 0.227730 0.032509 0.049124
0 0.529231 0.304417 0.049159 0.071071
4 0.093138 0.631901 0.034736 0.132216
0 0.964269 0.358586 0.065828 0.091890
0 0.907501 0.319775 0.055415 0.081372
2 0.492291 0.169136 0.041955 0.080056
0 0.820374 0.236871 0.038630 0.057940
0 0.716182 0.286167 0.048072 0.069817
1 0.537052 0.180262 0.030627 0.059506
1 0.582896 0.173578 0.030610 0.070684
0 0.885725 0.295186 0.054931 0.075207
3 0.091871 0.676788 0.025977 0.095659
0 0.920094 0.262835 0.035636 0.066196
0 0.792949 0.227604 0.031166 0.048038
2 0.537423 0.178026 0.031906 0.063182