0 0.427481 0.615799 0.103909 0.154266
0 0.759004 0.526061 0.096802 0.142919
0 0.578609 0.564508 0.094657 0.148329
0 0.501936 0.448030 0.074273 0.113887
0 0.706716 0.713843 0.122672 0.161969
0 0.639840 0.454999 0.076304 0.121418
1 0.890827 0.188945 0.059310 0.096741
0 0.290419 0.659721 0.110495 0.229918
0 0.424925 0.367909 0.063037 0.087935
0 0.722842 0.886673 0.177991 0.223390
0 0.850476 0.634259 0.104657 0.160566
0 0.515508 0.324173 0.052105 0.073880
0 0.687068 0.408657 0.072510 0.101636
2 0.064524 0.841123 0.127986 0.303887
0 0.971658 0.255036 0.047783 0.074070
0 0.629910 0.320394 0.053054 0.077188
1 0.830468 0.208199 0.030314 0.059825
1 0.740316 0.200829 0.061194 0.105322
1 0.760902 0.155667 0.054469 0.066183
2 0.742243 0.199281 0.059646 0.107158