0 0.946127 0.328654 0.066352 0.084480
4 0.078677 0.439020 0.023448 0.117347
0 0.775491 0.304363 0.059063 0.074791
0 0.872077 0.379616 0.066754 0.117385
4 0.090864 0.555070 0.030522 0.148834
0 0.682529 0.220411 0.034242 0.046874
0 0.494852 0.264817 0.043135 0.059662
4 0.146900 0.568322 0.032175 0.140293
4 0.218948 0.558908 0.036837 0.144385
0 0.444424 0.289821 0.039180 0.090660
0 0.381976 0.220997 0.048511 0.061123
4 0.254528 0.413213 0.027166 0.101028
0 0.716675 0.210833 0.034454 0.039009
0 0.793044 0.268909 0.047639 0.065499
1 0.843811 0.242143 0.042409 0.087968
0 0.877055 0.237567 0.030906 0.042839