0 0.145406 0.524013 0.145353 0.124057
0 0.862682 0.701681 0.122168 0.183243
0 0.667539 0.535813 0.098350 0.147149
0 0.488988 0.669158 0.117880 0.178693
0 0.650534 0.393428 0.071126 0.118752
0 0.494428 0.501273 0.088062 0.126077
0 0.376813 0.406282 0.073499 0.097876
1 0.888720 0.199458 0.058760 0.117519
0 0.522662 0.395583 0.059395 0.101882
0 0.432955 0.304571 0.048697 0.071924
0 0.526292 0.307565 0.049272 0.071576
0 0.610296 0.366356 0.070219 0.095805
1 0.824905 0.207052 0.030597 0.059670
0 0.825017 0.207250 0.030521 0.059502
1 0.739440 0.202311 0.061756 0.105460
1 0.493214 0.176045 0.038437 0.082967
0 0.533780 0.249771 0.036515 0.051862
0 0.790104 0.202973 0.039435 0.045136
2 0.737624 0.201696 0.065871 0.105726
0 0.627011 0.298669 0.051394 0.058779