0 0.936229 0.869896 0.126839 0.232525
0 0.681098 0.630405 0.112743 0.172641
0 0.481266 0.805744 0.138663 0.219492
0 0.482464 0.573916 0.100107 0.148893
0 0.664550 0.433102 0.081670 0.132642
0 0.128982 0.528171 0.149992 0.126461
0 0.354466 0.434759 0.081117 0.109146
0 0.521898 0.429757 0.066497 0.116721
0 0.423043 0.329917 0.051559 0.078355
0 0.525099 0.327497 0.052702 0.078582
0 0.615073 0.402059 0.061112 0.103512
1 0.892901 0.188940 0.057046 0.095937
0 0.598021 0.277638 0.043060 0.067029
1 0.870283 0.224596 0.046395 0.066629
0 0.684368 0.229298 0.043968 0.067167
0 0.639859 0.325087 0.061169 0.074758
2 0.738117 0.201747 0.070753 0.104460
1 0.819880 0.206815 0.059129 0.060936
0 0.530537 0.263870 0.041081 0.067118
0 0.870543 0.224879 0.045898 0.065229
4 0.946415 0.206218 0.019441 0.075218