2 0.329356 0.485418 0.142824 0.312518
2 0.151228 0.817838 0.301999 0.351695
0 0.633552 0.460130 0.087860 0.156966
2 0.963331 0.216238 0.071715 0.132783
2 0.415803 0.304270 0.084911 0.184863
2 0.741222 0.196803 0.060650 0.110475
0 0.751500 0.450198 0.078029 0.115100
2 0.841932 0.175097 0.044078 0.088898
2 0.805320 0.171925 0.032711 0.074906
2 0.896984 0.191632 0.063013 0.104973
0 0.645100 0.349999 0.060957 0.091083
0 0.533144 0.331020 0.057019 0.098658
0 0.613327 0.264971 0.043471 0.064890
4 0.187098 0.962535 0.060057 0.073222
4 0.359359 0.487792 0.033218 0.062765
0 0.543134 0.259255 0.043661 0.080634
0 0.680508 0.226748 0.039618 0.064585