2 0.287702 0.436186 0.113907 0.258287
0 0.513304 0.669841 0.114794 0.179696
0 0.309863 0.882254 0.168195 0.227325
0 0.892113 0.721133 0.122890 0.191634
0 0.517078 0.489514 0.083042 0.173149
0 0.762613 0.879013 0.162355 0.236807
0 0.638484 0.370663 0.059343 0.085686
0 0.527445 0.318310 0.050579 0.078978
0 0.715717 0.269694 0.037538 0.060810
0 0.443451 0.358786 0.051643 0.118081
2 0.899646 0.193291 0.055149 0.106557
2 0.780788 0.163049 0.037460 0.065864
0 0.618922 0.327569 0.052437 0.072212
2 0.744008 0.200898 0.054718 0.108431
0 0.496891 0.434997 0.071570 0.136967
2 0.770243 0.162162 0.058154 0.066619
0 0.984117 0.226894 0.030847 0.063231
1 0.892792 0.243549 0.035963 0.076191
0 0.567884 0.271889 0.036778 0.064398
0 0.506665 0.262546 0.037644 0.060705