0 0.100866 0.523873 0.119327 0.112167
0 0.567680 0.594967 0.106116 0.153647
0 0.293831 0.646597 0.113347 0.155374
0 0.638854 0.460823 0.074704 0.115927
0 0.430204 0.349604 0.058092 0.084368
0 0.513601 0.407116 0.066398 0.103356
0 0.620627 0.935737 0.174162 0.121080
0 0.687276 0.393689 0.067620 0.099391
0 0.861888 0.688370 0.101869 0.184396
0 0.930071 0.782979 0.132416 0.287007
1 0.890552 0.189951 0.055239 0.098408
0 0.606019 0.265716 0.042746 0.078720
0 0.684552 0.228769 0.043264 0.068274
1 0.739545 0.202785 0.065506 0.105333
1 0.469980 0.199192 0.048293 0.109319
1 0.832931 0.210239 0.046950 0.067983
2 0.738886 0.202092 0.067459 0.105087
0 0.519345 0.274766 0.049545 0.090460