2 0.427310 0.294793 0.077185 0.175241
0 0.038485 0.889811 0.076101 0.182753
0 0.533216 0.312409 0.050197 0.071815
0 0.606393 0.380291 0.062899 0.096230
0 0.957698 0.300997 0.060106 0.072983
0 0.887214 0.260415 0.038651 0.042964
0 0.832096 0.252045 0.055795 0.074050
0 0.601082 0.239798 0.031723 0.064011
2 0.483650 0.179568 0.049403 0.073932
0 0.714646 0.276139 0.045346 0.083681
0 0.797581 0.238649 0.027183 0.050084
0 0.522671 0.260986 0.047092 0.069698
2 0.478212 0.270993 0.036599 0.096023
0 0.794019 0.235832 0.035333 0.052715
1 0.583322 0.215784 0.032026 0.083689