0 0.502244 0.387304 0.065199 0.097903
0 0.921168 0.324242 0.056137 0.082659
0 0.403046 0.383911 0.052732 0.125064
0 0.922132 0.451886 0.084408 0.112652
0 0.529304 0.255473 0.041543 0.064613
0 0.730214 0.271622 0.045101 0.082238
0 0.863317 0.281567 0.052283 0.065637
4 0.213233 0.488907 0.029810 0.103008
0 0.495551 0.237805 0.035358 0.053345
0 0.697628 0.253391 0.038242 0.047783
4 0.070533 0.726636 0.048202 0.174162
0 0.793558 0.226092 0.039552 0.057576
0 0.926897 0.261229 0.055639 0.087625
4 0.006547 0.697363 0.013095 0.166672
0 0.853412 0.247589 0.046037 0.057032
4 0.051113 0.711365 0.026802 0.165357
0 0.478399 0.208752 0.032281 0.041652