0 0.368293 0.679050 0.131987 0.174148
0 0.348297 0.555196 0.080294 0.172773
0 0.544354 0.329536 0.055174 0.097234
0 0.742114 0.317571 0.060126 0.071232
0 0.969078 0.532306 0.060718 0.119304
0 0.915714 0.364693 0.060518 0.094154
0 0.982192 0.399203 0.034810 0.100106
0 0.839294 0.255332 0.041995 0.057310
4 0.124841 0.572651 0.034491 0.109962
2 0.493342 0.171073 0.042253 0.080592
0 0.963587 0.293593 0.043094 0.066288
0 0.522093 0.277248 0.041911 0.065661
0 0.477634 0.220339 0.031691 0.048715
1 0.537466 0.182620 0.032052 0.057501
0 0.987059 0.229748 0.025365 0.054818
0 0.924178 0.266203 0.046338 0.053617
0 0.929156 0.333780 0.059702 0.084597
0 0.690971 0.231961 0.034901 0.067017
3 0.123328 0.615166 0.029447 0.094578
0 0.804133 0.233683 0.040717 0.050058
2 0.820838 0.159584 0.034297 0.050744