0 0.705985 0.612036 0.116985 0.207253
0 0.493610 0.600205 0.097190 0.161173
0 0.442393 0.916357 0.161010 0.164139
0 0.267671 0.486123 0.122889 0.122592
0 0.390752 0.429341 0.065314 0.095825
0 0.637628 0.537085 0.083478 0.140750
0 0.516554 0.404342 0.066368 0.100620
0 0.703062 0.447051 0.077083 0.150838
0 0.747269 0.428176 0.053781 0.098573
1 0.889858 0.189779 0.059826 0.097885
0 0.524032 0.309798 0.048537 0.075052
0 0.608519 0.336201 0.051090 0.073905
1 0.849265 0.217382 0.034112 0.063307
0 0.465179 0.278279 0.044951 0.067551
2 0.483871 0.186261 0.044798 0.094899
1 0.743095 0.202005 0.057144 0.105637
0 0.590429 0.235023 0.037019 0.057412
1 0.484066 0.185981 0.043984 0.091940
2 0.743974 0.201212 0.059279 0.106514
0 0.618976 0.291473 0.048607 0.072409
0 0.688580 0.238746 0.036580 0.049827