2 0.256546 0.715140 0.244016 0.495188
0 0.635080 0.591351 0.094267 0.149864
0 0.413511 0.588484 0.088668 0.148286
0 0.504040 0.409982 0.062925 0.138413
0 0.652285 0.460363 0.075332 0.119939
2 0.405150 0.225303 0.054833 0.113201
2 0.742594 0.197549 0.056391 0.109059
2 0.805599 0.171098 0.046213 0.079148
2 0.848736 0.174545 0.050513 0.088123
4 0.306787 0.738667 0.046038 0.083616
0 0.632823 0.318881 0.052834 0.073037
2 0.771081 0.161639 0.027632 0.066232
0 0.527734 0.371510 0.062883 0.110284
0 0.668251 0.409259 0.077110 0.106048
0 0.612057 0.287348 0.046056 0.071348
0 0.443829 0.239361 0.028389 0.043176
0 0.440873 0.382892 0.067750 0.132550
4 0.946935 0.207362 0.017577 0.067065
0 0.681468 0.225665 0.038307 0.065204