2 0.368697 0.469492 0.133888 0.276915
2 0.413766 0.317681 0.089047 0.195892
0 0.933882 0.789633 0.130081 0.211855
0 0.727419 0.462715 0.089755 0.123734
0 0.872967 0.896629 0.163777 0.202966
2 0.892955 0.190606 0.062740 0.109101
2 0.964373 0.219537 0.069738 0.132459
0 0.601357 0.319413 0.060299 0.102178
0 0.532509 0.279296 0.044134 0.061901
2 0.749709 0.201756 0.052355 0.109496
2 0.832086 0.173480 0.049019 0.086533
2 0.445086 0.242850 0.065451 0.139320
0 0.786154 0.195623 0.024926 0.042089
0 0.680324 0.225867 0.040144 0.064486
1 0.614690 0.522252 0.096543 0.252153
0 0.613819 0.521646 0.096313 0.252390
0 0.638807 0.308735 0.040042 0.074956
0 0.590257 0.226861 0.034193 0.057100
1 0.749576 0.202500 0.051926 0.109813