2 0.392984 0.407631 0.110412 0.235149
0 0.741987 0.703770 0.110158 0.244010
0 0.824832 0.603125 0.107539 0.161765
2 0.425193 0.293559 0.079583 0.175321
2 0.752309 0.204718 0.055569 0.111553
0 0.676450 0.398604 0.075794 0.102844
2 0.844355 0.175855 0.054536 0.087710
2 0.455220 0.233578 0.059151 0.129080
1 0.977958 0.233397 0.042990 0.127530
2 0.915875 0.199661 0.067303 0.114127
0 0.533974 0.264594 0.041851 0.055402
0 0.595155 0.295900 0.056014 0.089932
1 0.602504 0.443194 0.078180 0.210982
0 0.794549 0.200139 0.028783 0.041497
0 0.602466 0.442881 0.077527 0.210616
0 0.358755 0.976471 0.139329 0.044893
0 0.632052 0.284685 0.037000 0.066460
0 0.384655 0.226819 0.039494 0.058511