2 0.321237 0.347734 0.092998 0.204532
0 0.518147 0.491370 0.084258 0.130192
0 0.489123 0.797321 0.142598 0.238582
0 0.748153 0.459958 0.084381 0.121751
0 0.739251 0.837273 0.149145 0.230627
0 0.683994 0.553795 0.101229 0.150318
0 0.392965 0.638331 0.114725 0.227049
0 0.455674 0.935009 0.144590 0.128209
0 0.769778 0.311869 0.052201 0.071129
1 0.918526 0.198917 0.070032 0.110443
0 0.093539 0.856961 0.187078 0.282190
0 0.506119 0.357747 0.069949 0.097723
0 0.522850 0.390325 0.066617 0.116623
0 0.613610 0.302317 0.054527 0.074421
0 0.527841 0.270385 0.042406 0.060442
0 0.947926 0.272763 0.045878 0.084264
2 0.785158 0.163819 0.036290 0.068393
0 0.451760 0.270234 0.041936 0.070588
0 0.491466 0.277131 0.040800 0.067501
0 0.680869 0.224373 0.038850 0.067465
1 0.738552 0.197899 0.065188 0.106296