2 0.177068 0.799272 0.308173 0.390896
0 0.676509 0.565791 0.095501 0.149381
0 0.759512 0.502247 0.094529 0.131035
0 0.670480 0.831117 0.127843 0.216024
2 0.395030 0.234193 0.059867 0.130381
0 0.553869 0.425787 0.077370 0.131843
0 0.650522 0.364163 0.060709 0.088641
1 0.429623 0.435459 0.069837 0.151005
0 0.475974 0.493946 0.077877 0.167453
0 0.733644 0.424354 0.074989 0.109827
2 0.744509 0.197499 0.053245 0.109731
0 0.321205 0.682119 0.088881 0.166729
4 0.223000 0.958679 0.055164 0.082641
2 0.828817 0.172120 0.045930 0.080795
0 0.517314 0.367681 0.059759 0.098877
0 0.629498 0.321878 0.056425 0.081851
2 0.795104 0.169215 0.033923 0.075956
1 0.680213 0.224162 0.041979 0.065303
2 0.762474 0.146953 0.028356 0.043192
1 0.745238 0.197543 0.051064 0.113127
4 0.173946 0.960499 0.040736 0.076544