0 0.390215 0.415553 0.066601 0.101330
0 0.755325 0.311474 0.062795 0.086872
0 0.983432 0.312753 0.032526 0.069851
0 0.947200 0.284030 0.051352 0.068489
0 0.808401 0.304979 0.047461 0.058414
0 0.750384 0.242885 0.038510 0.054365
0 0.570390 0.215435 0.034304 0.047229
2 0.481850 0.186784 0.049586 0.101467
0 0.669395 0.216468 0.035587 0.051677
0 0.533558 0.208808 0.038902 0.042840
1 0.481891 0.186561 0.049778 0.101930
0 0.871004 0.269183 0.052607 0.078538
1 0.869977 0.269296 0.054418 0.079425
3 0.010908 0.758683 0.021677 0.169650
3 0.015767 0.759632 0.031420 0.164058