2 0.257056 0.515380 0.143862 0.303374
0 0.511008 0.847798 0.142777 0.232650
0 0.508947 0.579517 0.099860 0.207734
0 0.652995 0.427333 0.068538 0.099699
0 0.527246 0.358710 0.057986 0.086973
0 0.539823 0.500019 0.092953 0.152502
2 0.743800 0.201010 0.055299 0.108341
0 0.705927 0.254269 0.034486 0.059707
4 0.286601 0.498130 0.035244 0.067547
0 0.414556 0.413955 0.065494 0.137239
2 0.777435 0.162933 0.040902 0.066905
0 0.973177 0.955953 0.052863 0.086365
0 0.868939 0.231605 0.037268 0.067253
1 0.892820 0.188765 0.056243 0.094936
2 0.893007 0.189758 0.057336 0.096821
0 0.544058 0.300994 0.048294 0.073892
0 0.639611 0.337329 0.052571 0.084209
0 0.657696 0.365935 0.064373 0.078394
0 0.601779 0.303415 0.044986 0.087518
4 0.241502 0.497777 0.027554 0.053321
0 0.502359 0.280421 0.042700 0.065113
0 0.658546 0.355329 0.059093 0.059829
0 0.992775 0.223646 0.013699 0.045074