2 0.446038 0.242981 0.067129 0.147437
0 0.147171 0.778837 0.156734 0.200031
2 0.504069 0.227117 0.047860 0.102067
0 0.914900 0.261778 0.044080 0.056680
0 0.600204 0.297695 0.051339 0.078954
0 0.731929 0.299307 0.056576 0.093539
4 0.102467 0.581170 0.027768 0.112164
2 0.488145 0.159287 0.045773 0.057869
0 0.984546 0.319802 0.029778 0.074281
0 0.538285 0.268070 0.044561 0.067298
0 0.746315 0.231575 0.037060 0.056252
0 0.846644 0.249338 0.052033 0.076927
0 0.805893 0.231846 0.035952 0.049281
1 0.593085 0.213329 0.030305 0.058782
3 0.100495 0.623414 0.022390 0.071367