2 0.312512 0.366264 0.097343 0.212629
0 0.759104 0.913711 0.163048 0.172241
0 0.514463 0.525938 0.089534 0.143768
0 0.484092 0.875658 0.157026 0.243688
0 0.779898 0.506770 0.088904 0.131133
0 0.697747 0.611015 0.110243 0.167990
0 0.932946 0.265716 0.042864 0.079884
0 0.381277 0.691769 0.122692 0.246239
0 0.520494 0.404300 0.069914 0.130527
0 0.750120 0.296958 0.047508 0.068726
0 0.620071 0.318320 0.051724 0.073813
2 0.783832 0.163411 0.033081 0.066197
2 0.912192 0.197624 0.065465 0.106418
0 0.528408 0.280277 0.043261 0.066881
0 0.073174 0.865630 0.145356 0.263437
1 0.073087 0.864808 0.145751 0.258914
0 0.610075 0.284180 0.053433 0.068748
1 0.913155 0.198592 0.066666 0.107622
0 0.480045 0.305642 0.042917 0.100263