0 0.953621 0.488899 0.090407 0.125157
0 0.503165 0.359906 0.063350 0.087453
0 0.938902 0.342744 0.060445 0.086774
0 0.409117 0.364736 0.050394 0.118698
0 0.882925 0.292829 0.056096 0.071133
0 0.742922 0.281428 0.046900 0.087258
4 0.017587 0.675133 0.034433 0.169365
4 0.109550 0.700966 0.043163 0.172428
0 0.519459 0.243384 0.045787 0.071226
0 0.790967 0.231730 0.040429 0.050591
0 0.704347 0.257975 0.040602 0.056901
4 0.071779 0.678980 0.037424 0.145425
0 0.859982 0.256076 0.040692 0.057146
0 0.483610 0.231384 0.042839 0.054515
4 0.218438 0.476417 0.028171 0.098653
2 0.491457 0.154458 0.040053 0.053580
0 0.940853 0.267016 0.057035 0.086150
3 0.218670 0.508423 0.022599 0.069569
3 0.015524 0.723621 0.028963 0.116209