2 0.305295 0.590835 0.185861 0.386376
0 0.458002 0.525642 0.099173 0.135452
0 0.603037 0.487717 0.080197 0.122187
2 0.744057 0.197495 0.052869 0.110669
0 0.952279 0.923468 0.094719 0.151648
0 0.639880 0.399542 0.065616 0.108477
2 0.821231 0.172155 0.037683 0.081978
0 0.517388 0.362500 0.057554 0.126576
2 0.785919 0.166783 0.045945 0.073783
2 0.411162 0.214023 0.052352 0.118041
4 0.347582 0.607587 0.040380 0.071787
2 0.862684 0.180510 0.056915 0.096414
0 0.432549 0.351292 0.062730 0.120204
0 0.539919 0.273506 0.046163 0.083065
2 0.793548 0.169040 0.031346 0.074117
0 0.632959 0.361943 0.065386 0.090473
0 0.493842 0.177522 0.019762 0.025630
2 0.810177 0.170650 0.058312 0.078162
1 0.411070 0.212539 0.051881 0.116474
0 0.609442 0.269788 0.048747 0.059542
0 0.628060 0.291265 0.056983 0.064457
0 0.510767 0.309046 0.061229 0.081413
1 0.680203 0.223957 0.041747 0.066363