2 0.374534 0.268400 0.069848 0.145744
0 0.076199 0.857607 0.151775 0.218783
0 0.517996 0.480669 0.082879 0.139721
0 0.714054 0.520119 0.085697 0.131336
0 0.884450 0.704244 0.122805 0.200842
0 0.581657 0.654931 0.126615 0.213510
0 0.663157 0.435337 0.076768 0.113428
0 0.475036 0.412436 0.074266 0.140873
0 0.343169 0.699726 0.125498 0.246164
0 0.978382 0.442129 0.042223 0.096235
0 0.763050 0.930921 0.159905 0.131626
0 0.967917 0.953365 0.063269 0.092359
0 0.637034 0.360193 0.061497 0.089262
1 0.979569 0.235744 0.040038 0.129278
0 0.617430 0.309534 0.054384 0.072384
1 0.418529 0.591466 0.107013 0.203941
1 0.787933 0.170221 0.059982 0.081936
2 0.736638 0.200097 0.068803 0.107499
0 0.528393 0.350706 0.060482 0.088467
0 0.418667 0.591769 0.106749 0.203774
1 0.736665 0.201289 0.067673 0.105806
0 0.596546 0.250299 0.041250 0.052549