2 0.168991 0.667261 0.208245 0.403113
0 0.609713 0.636932 0.123049 0.202536
0 0.366916 0.518611 0.077399 0.157760
0 0.499337 0.768880 0.131915 0.294412
0 0.668908 0.527483 0.091885 0.133973
0 0.543957 0.431714 0.070105 0.109942
0 0.732591 0.451581 0.074898 0.103771
0 0.685579 0.400440 0.073899 0.102738
2 0.738638 0.199677 0.065740 0.107986
4 0.198277 0.664644 0.040333 0.078398
1 0.891128 0.189636 0.058583 0.097569
0 0.415505 0.462990 0.059060 0.115051
0 0.609044 0.358682 0.056288 0.092864
0 0.520213 0.351958 0.056662 0.090423
0 0.476501 0.313915 0.051332 0.074375
1 0.845953 0.216084 0.037075 0.067153
2 0.774302 0.158368 0.039190 0.062228
0 0.526653 0.277207 0.046346 0.068197
2 0.891869 0.188822 0.058352 0.099685
0 0.610185 0.279411 0.044217 0.067827
0 0.693882 0.244781 0.033918 0.047952