0 0.667283 0.574370 0.102632 0.177266
0 0.222536 0.749007 0.151950 0.195943
2 0.239330 0.499507 0.123715 0.251799
0 0.475802 0.379445 0.066820 0.097019
0 0.552444 0.456230 0.078534 0.113719
2 0.802719 0.250307 0.084412 0.148784
2 0.457130 0.229342 0.058215 0.118826
0 0.590612 0.356592 0.057209 0.084623
0 0.523813 0.311284 0.049661 0.072272
0 0.865194 0.231304 0.037889 0.052002
2 0.969892 0.224427 0.059087 0.130331
2 0.473946 0.192254 0.053605 0.107576
0 0.657996 0.368501 0.053730 0.125055
1 0.600811 0.232572 0.039338 0.092988
0 0.725094 0.217683 0.036328 0.051367
0 0.120135 0.965008 0.239871 0.062717
0 0.544224 0.264964 0.055424 0.080983
0 0.680416 0.223509 0.039847 0.064542