0 0.263087 0.708522 0.132914 0.171763
0 0.154553 0.890912 0.308366 0.199234
0 0.652740 0.531073 0.096081 0.158742
2 0.810904 0.256268 0.090502 0.156941
2 0.256920 0.477718 0.116161 0.236152
0 0.480429 0.364158 0.063943 0.093357
0 0.548908 0.431411 0.075476 0.104259
2 0.458086 0.228654 0.057835 0.114662
0 0.653453 0.356569 0.049753 0.116471
0 0.597226 0.345024 0.055199 0.080178
0 0.525695 0.303583 0.049379 0.069295
4 0.069578 0.441370 0.024102 0.113410
2 0.474800 0.192194 0.050014 0.102870
0 0.723547 0.219689 0.037775 0.054138
0 0.871339 0.237132 0.034301 0.047545
2 0.978165 0.235402 0.042769 0.132025
1 0.977569 0.234901 0.043544 0.133468
1 0.599402 0.231638 0.039436 0.091004
0 0.680748 0.223965 0.040957 0.067845