0 0.503959 0.336442 0.058732 0.084442
0 0.959878 0.362256 0.064585 0.091882
0 0.969596 0.522797 0.060329 0.119356
0 0.904707 0.306965 0.062621 0.075058
0 0.757877 0.295786 0.049125 0.093162
4 0.088239 0.660071 0.038250 0.156532
4 0.036253 0.656654 0.035967 0.175486
4 0.141251 0.668954 0.045757 0.161732
0 0.504448 0.239199 0.048916 0.064966
0 0.416386 0.348373 0.049321 0.113147
0 0.713008 0.262400 0.044830 0.060080
4 0.228703 0.460977 0.028157 0.098089
0 0.786487 0.225779 0.040324 0.063453
0 0.870766 0.266387 0.047743 0.060494
0 0.957946 0.275719 0.061211 0.090887
4 0.051273 0.470335 0.018366 0.094053
0 0.664707 0.202841 0.033627 0.046952
4 0.160982 0.330007 0.014984 0.068348