0 0.441775 0.575277 0.104032 0.148949
0 0.924810 0.407306 0.070520 0.099782
0 0.858439 0.268660 0.045700 0.063577
0 0.538060 0.298840 0.049469 0.090940
0 0.368192 0.497528 0.070893 0.161838
0 0.810804 0.242420 0.041888 0.052338
0 0.960792 0.359557 0.057832 0.096234
4 0.151893 0.555454 0.030010 0.118923
0 0.476845 0.216480 0.030836 0.047532
0 0.696381 0.241597 0.036764 0.070949
0 0.779044 0.339980 0.065637 0.072462
1 0.536069 0.179398 0.032559 0.063549
0 0.519425 0.262578 0.039189 0.062189
0 0.884225 0.233098 0.040310 0.071831
0 0.949733 0.286612 0.049920 0.069217
0 0.983040 0.312544 0.033336 0.071678
0 0.673233 0.232234 0.018852 0.045338
2 0.824118 0.162900 0.044185 0.061020