2 0.263709 0.502710 0.138852 0.303965
0 0.512122 0.817292 0.140809 0.225965
0 0.510937 0.566534 0.094500 0.201180
0 0.650722 0.418159 0.067685 0.097859
0 0.961733 0.925982 0.075497 0.141662
0 0.526683 0.354622 0.055787 0.086607
0 0.418527 0.401092 0.062493 0.142603
0 0.530946 0.490533 0.089778 0.152128
2 0.742382 0.201537 0.059679 0.107869
0 0.706380 0.255944 0.035885 0.060527
2 0.777485 0.164123 0.040735 0.072058
0 0.601083 0.303796 0.045091 0.078636
0 0.547174 0.297525 0.052903 0.070366
0 0.872474 0.232918 0.037064 0.068772
0 0.643393 0.336271 0.063607 0.085974
1 0.893949 0.189449 0.053578 0.099315
2 0.893882 0.189899 0.054438 0.098214
0 0.503438 0.278666 0.042984 0.063837
1 0.990098 0.214191 0.019164 0.065620
0 0.680598 0.225974 0.035701 0.063641