2 0.238684 0.765067 0.256504 0.454613
2 0.833379 0.270512 0.097052 0.163909
0 0.627104 0.444024 0.077899 0.129688
0 0.543606 0.375608 0.061774 0.092429
0 0.494612 0.327930 0.056995 0.080700
2 0.301417 0.427394 0.106744 0.211002
0 0.342569 0.595123 0.087627 0.145779
0 0.644433 0.325087 0.044617 0.102552
2 0.467128 0.203981 0.063213 0.129818
0 0.528482 0.280697 0.043903 0.062379
0 0.604261 0.314872 0.045207 0.075657
0 0.724169 0.216990 0.037613 0.053772
4 0.293836 0.850631 0.065454 0.105335
0 0.765673 0.203059 0.033019 0.049245