2 0.138602 0.821939 0.276229 0.334566
2 0.363209 0.431695 0.119535 0.274536
0 0.801176 0.564220 0.098124 0.151870
2 0.802679 0.171319 0.039995 0.079360
0 0.621386 0.334387 0.052697 0.083821
0 0.679754 0.858928 0.165365 0.271353
2 0.396548 0.205222 0.069689 0.103524
0 0.518059 0.432934 0.073804 0.110108
2 0.845118 0.176124 0.045800 0.089114
2 0.744098 0.198230 0.053248 0.109443
0 0.539590 0.379376 0.060292 0.091923
4 0.391052 0.433494 0.027300 0.049206
0 0.481422 0.277111 0.039715 0.070922
2 0.896402 0.188922 0.064607 0.104344
0 0.611842 0.302392 0.056981 0.073291
0 0.528721 0.303385 0.044444 0.092976
0 0.497968 0.169418 0.020111 0.027635
0 0.535158 0.247705 0.040398 0.074277
1 0.433724 0.306425 0.049847 0.103853
0 0.980248 0.963995 0.038774 0.071914
0 0.681429 0.224982 0.038977 0.065177
0 0.504927 0.294894 0.024292 0.072882