0 0.946088 0.347470 0.062502 0.090421
0 0.504383 0.351822 0.060483 0.086417
0 0.958349 0.493966 0.082133 0.127036
0 0.411688 0.357405 0.049799 0.122163
0 0.747612 0.284878 0.048081 0.091794
0 0.891109 0.296173 0.058091 0.072153
4 0.121141 0.694708 0.044690 0.177745
4 0.023203 0.666143 0.036416 0.168916
0 0.707039 0.256361 0.042834 0.063162
4 0.077954 0.675593 0.036725 0.157529
4 0.223571 0.476640 0.025894 0.107068
0 0.863293 0.258402 0.043256 0.059749
0 0.789206 0.227673 0.046577 0.058347
0 0.514630 0.240233 0.046644 0.073961
0 0.944750 0.268463 0.058564 0.082042
0 0.832129 0.211251 0.035990 0.040437