0 0.830211 0.599425 0.114450 0.163927
2 0.388153 0.243731 0.060692 0.131851
0 0.698177 0.662036 0.108923 0.177852
0 0.139959 0.860204 0.278845 0.262455
0 0.565637 0.474951 0.086463 0.156973
0 0.222251 0.728572 0.149737 0.159404
0 0.445600 0.557852 0.088087 0.190512
0 0.666167 0.405069 0.065619 0.098282
0 0.775396 0.488613 0.085641 0.135050
0 0.517726 0.402253 0.066964 0.114300
2 0.806649 0.172635 0.066074 0.081599
0 0.638712 0.353742 0.060269 0.087899
2 0.743973 0.198714 0.054933 0.108488
0 0.621231 0.303339 0.048501 0.073343
0 0.425384 0.477322 0.079828 0.168634
0 0.603304 0.269264 0.043612 0.063883
0 0.492805 0.250656 0.044494 0.069850
0 0.514004 0.328949 0.063738 0.084483