0 0.460911 0.894449 0.150484 0.204962
0 0.168786 0.510856 0.166060 0.126731
0 0.532574 0.505187 0.087043 0.130386
0 0.764302 0.888642 0.181861 0.218952
0 0.360708 0.548271 0.094069 0.132671
0 0.626625 0.404392 0.064713 0.094794
0 0.637130 0.767427 0.134233 0.206602
0 0.518673 0.364711 0.058253 0.090409
1 0.890193 0.189632 0.060663 0.098496
0 0.441487 0.318266 0.051433 0.080651
0 0.652462 0.344744 0.056247 0.086588
2 0.475675 0.192393 0.046531 0.103654
0 0.601468 0.249469 0.044995 0.075584
1 0.828214 0.602184 0.113751 0.237883
0 0.828590 0.602786 0.111963 0.237685
0 0.683802 0.228910 0.043435 0.066689
1 0.739401 0.199773 0.067062 0.110518
1 0.475874 0.192369 0.047596 0.103772