0 0.371393 0.447914 0.072005 0.111548
0 0.719866 0.284999 0.056106 0.079651
0 0.793199 0.288054 0.048825 0.064698
0 0.743433 0.237913 0.038205 0.049629
0 0.934101 0.274092 0.047020 0.060691
0 0.971410 0.295987 0.054593 0.069377
0 0.574785 0.221433 0.035524 0.049614
0 0.530506 0.210697 0.037201 0.042904
1 0.478732 0.189535 0.051704 0.107205
0 0.864418 0.262694 0.061443 0.083490
4 0.012397 0.719896 0.024255 0.150285
0 0.992802 0.340574 0.013686 0.062423
0 0.826272 0.256587 0.030262 0.050129
1 0.667707 0.210448 0.037345 0.063905