0 0.700436 0.757202 0.135215 0.209963
0 0.470601 0.670878 0.115346 0.175065
0 0.677275 0.481306 0.092991 0.158953
0 0.516902 0.477521 0.076063 0.126847
0 0.327497 0.457066 0.092257 0.112691
0 0.111420 0.528688 0.133740 0.120013
0 0.465690 0.932237 0.172632 0.130611
0 0.411460 0.360243 0.056283 0.085404
0 0.521752 0.350568 0.056669 0.082856
1 0.890647 0.189072 0.057973 0.095452
0 0.623333 0.440678 0.063582 0.113931
0 0.527848 0.275474 0.042104 0.067292
0 0.600805 0.294505 0.044122 0.065990
1 0.742781 0.201679 0.058067 0.104999
1 0.824013 0.205783 0.030770 0.059628
1 0.858770 0.219663 0.044848 0.066937
1 0.489612 0.181765 0.041449 0.090346
0 0.488807 0.255730 0.040540 0.057592
2 0.489851 0.182359 0.040964 0.090697
0 0.857922 0.219214 0.045923 0.066809
0 0.648390 0.363898 0.058233 0.085129
0 0.791463 0.198774 0.040133 0.043036
0 0.682447 0.359777 0.039312 0.086603