2 0.079292 0.740587 0.158064 0.389126
0 0.450721 0.706310 0.123803 0.189284
2 0.430069 0.287144 0.074606 0.165793
0 0.546575 0.600378 0.094874 0.152161
0 0.507117 0.499672 0.085220 0.128623
0 0.726225 0.604350 0.088560 0.207063
2 0.764821 0.218021 0.061712 0.122251
0 0.544590 0.351600 0.060418 0.092895
0 0.603211 0.376804 0.057818 0.114625
0 0.825665 0.211178 0.037431 0.048456
1 0.898853 0.190583 0.065563 0.102306
0 0.537048 0.231581 0.037044 0.049078
1 0.986065 0.241075 0.026984 0.138081
2 0.446913 0.234123 0.060409 0.132206
4 0.087621 0.385831 0.019052 0.093134
2 0.475732 0.199657 0.047774 0.098564
0 0.610845 0.300124 0.056987 0.131826
0 0.581944 0.242236 0.040721 0.072401
2 0.898252 0.190100 0.066405 0.104189
0 0.680469 0.226508 0.037677 0.063178
0 0.801021 0.201916 0.015176 0.035974