0 0.240600 0.494623 0.136981 0.124298
0 0.717464 0.695426 0.134452 0.235163
0 0.483703 0.677680 0.114280 0.185685
0 0.389643 0.457677 0.070965 0.111253
0 0.518183 0.430293 0.069539 0.111279
0 0.642785 0.594403 0.106855 0.158884
1 0.891029 0.189264 0.061469 0.095242
2 0.481120 0.185894 0.045951 0.098165
0 0.522102 0.326286 0.052896 0.078366
0 0.613777 0.353890 0.055700 0.082285
0 0.742932 0.491943 0.085949 0.169116
0 0.457298 0.289264 0.048272 0.070942
1 0.739092 0.201945 0.066816 0.104952
0 0.785681 0.465038 0.047739 0.109359
0 0.627481 0.306678 0.052328 0.070069
0 0.594747 0.240060 0.039925 0.058806
1 0.846153 0.214619 0.039328 0.063179
0 0.781944 0.195094 0.025604 0.048525