2 0.306624 0.616910 0.185080 0.372297
2 0.381693 0.376448 0.115174 0.235184
0 0.833127 0.634944 0.120780 0.174791
0 0.613403 0.371410 0.072965 0.124282
2 0.431715 0.263034 0.074370 0.164523
2 0.863261 0.180843 0.054355 0.099465
0 0.672309 0.358244 0.057967 0.090040
0 0.530896 0.302855 0.049960 0.071369
2 0.737376 0.198350 0.069102 0.109199
1 0.624187 0.752215 0.133137 0.373743
2 0.933585 0.204660 0.070583 0.116464
1 0.814593 0.171267 0.044809 0.079632
4 0.334909 0.610985 0.041452 0.071951
1 0.985774 0.242972 0.027730 0.136220
0 0.680221 0.226327 0.038572 0.064656
0 0.602395 0.243715 0.041076 0.052745
0 0.513922 0.265983 0.040121 0.060050
0 0.623995 0.295721 0.054999 0.075447
1 0.932739 0.204869 0.070586 0.116383
0 0.543766 0.238368 0.042884 0.073366