2 0.312969 0.365098 0.098962 0.215957
0 0.758818 0.913246 0.164741 0.173484
0 0.483835 0.875840 0.157046 0.245528
0 0.514895 0.526048 0.088961 0.142141
0 0.779698 0.506418 0.088813 0.131464
0 0.697981 0.610688 0.111407 0.167751
0 0.381364 0.692093 0.123801 0.247568
0 0.932597 0.266256 0.044372 0.080418
0 0.750311 0.297328 0.048722 0.070937
0 0.619928 0.318925 0.051607 0.072855
0 0.519960 0.408301 0.069361 0.120590
0 0.528376 0.281107 0.043115 0.066985
1 0.073533 0.864074 0.146652 0.258463
0 0.073660 0.865843 0.146563 0.263883
2 0.783741 0.164689 0.032990 0.067014
0 0.610877 0.282092 0.054297 0.070854
2 0.914728 0.198199 0.069204 0.106725
1 0.914303 0.199795 0.070090 0.106582
0 0.445413 0.285452 0.038433 0.064808
0 0.495226 0.373310 0.059490 0.109183
0 0.480467 0.306971 0.043658 0.098318