0 0.309113 0.565594 0.091850 0.144291
0 0.916303 0.424200 0.087059 0.132590
0 0.966307 0.304637 0.055216 0.059245
2 0.469767 0.208765 0.054624 0.119631
0 0.766308 0.258042 0.041620 0.059250
0 0.688217 0.247190 0.040716 0.063742
0 0.552746 0.231665 0.039535 0.052326
0 0.586048 0.243650 0.037263 0.054791
0 0.855972 0.259251 0.062269 0.080252
0 0.930518 0.269037 0.044080 0.058044
4 0.054423 0.655562 0.033125 0.120713
0 0.732145 0.219545 0.033972 0.045874
0 0.902107 0.252140 0.036335 0.048936
2 0.490644 0.167419 0.039141 0.072972
3 0.054514 0.704547 0.025725 0.083609
0 0.794543 0.228220 0.031310 0.047952
0 0.820295 0.240882 0.037238 0.055903