2 0.083545 0.810356 0.166409 0.361940
0 0.697351 0.851471 0.165674 0.288732
0 0.422454 0.576381 0.098901 0.145557
0 0.568593 0.531404 0.088927 0.139436
0 0.739914 0.492868 0.089891 0.132670
0 0.820789 0.584555 0.096676 0.145996
0 0.309182 0.629522 0.102698 0.221488
0 0.700021 0.673620 0.116722 0.166353
0 0.628436 0.430971 0.070760 0.112822
0 0.435100 0.357142 0.058457 0.085770
0 0.976608 0.257690 0.046096 0.075112
0 0.505370 0.425597 0.068067 0.108830
1 0.891241 0.189537 0.055867 0.099846
0 0.518180 0.314633 0.050145 0.072383
0 0.485799 0.932024 0.148072 0.132323
0 0.668806 0.387115 0.068748 0.095904
0 0.624127 0.311832 0.050378 0.074753
2 0.739383 0.199158 0.065304 0.108643
0 0.605853 0.271609 0.048589 0.072201