2 0.058787 0.802093 0.116444 0.384205
0 0.451216 0.892582 0.164628 0.210499
2 0.425072 0.314632 0.080956 0.183523
0 0.491790 0.598537 0.102712 0.154999
0 0.627860 0.430308 0.066687 0.142133
0 0.541108 0.731876 0.113250 0.184057
1 0.881538 0.185475 0.058957 0.098121
0 0.816467 0.207981 0.036401 0.047048
2 0.758113 0.212858 0.061987 0.116890
2 0.970091 0.225462 0.058747 0.132077
2 0.440740 0.235079 0.066399 0.120139
0 0.758705 0.731259 0.110190 0.254527
0 0.538458 0.239512 0.039245 0.051472
4 0.076879 0.398693 0.019428 0.094824
2 0.470879 0.203444 0.049707 0.102709
0 0.580227 0.396186 0.058721 0.096216
0 0.584818 0.253654 0.043614 0.078971
1 0.759314 0.730977 0.111061 0.255103
0 0.680146 0.226480 0.038938 0.064356
0 0.483010 0.245539 0.024870 0.047011
0 0.602226 0.310762 0.062829 0.094830