2 0.451424 0.234946 0.064497 0.141113
0 0.189221 0.735272 0.135298 0.188364
0 0.923311 0.270710 0.048123 0.052035
4 0.096051 0.602012 0.029286 0.127274
2 0.510319 0.219367 0.044139 0.094276
0 0.599811 0.283880 0.046774 0.074998
0 0.541405 0.260526 0.043477 0.060744
0 0.748962 0.238547 0.038609 0.055801
0 0.749089 0.311821 0.065044 0.096154
2 0.488369 0.166385 0.046221 0.073220
0 0.851720 0.252319 0.048277 0.079765
0 0.895902 0.252871 0.036470 0.035308
0 0.721978 0.209477 0.035797 0.046870
0 0.806527 0.231310 0.038503 0.055670
0 0.990866 0.225005 0.017376 0.037168
0 0.676744 0.228225 0.042113 0.056893