2 0.392430 0.357278 0.107104 0.216895
2 0.322776 0.573052 0.169172 0.343854
0 0.803011 0.580376 0.112976 0.155787
2 0.435061 0.260003 0.072480 0.155000
0 0.610327 0.357049 0.067178 0.115755
0 0.531022 0.296309 0.049097 0.069989
1 0.623299 0.676675 0.121176 0.325852
2 0.818807 0.172483 0.044033 0.079938
2 0.871086 0.183550 0.055771 0.100182
0 0.659678 0.342348 0.050212 0.085907
2 0.942433 0.208410 0.071579 0.117643
2 0.741031 0.199700 0.061685 0.108654
4 0.352286 0.564270 0.038059 0.063833
0 0.778221 0.196674 0.016989 0.033822
0 0.596163 0.238005 0.039536 0.057280
0 0.680650 0.226732 0.039509 0.062626
0 0.508870 0.263762 0.037315 0.058900