0 0.169058 0.518580 0.137570 0.122118
0 0.800501 0.588874 0.107117 0.154100
0 0.496692 0.574995 0.096773 0.146496
0 0.658972 0.471584 0.089577 0.124150
0 0.639428 0.358685 0.066047 0.110911
0 0.396000 0.375682 0.065563 0.093456
0 0.505850 0.447828 0.070592 0.112845
0 0.016842 0.886546 0.033170 0.220786
0 0.446626 0.282936 0.044845 0.066943
0 0.522668 0.367159 0.056243 0.091703
0 0.592392 0.341693 0.050159 0.084655
0 0.528212 0.290676 0.046743 0.068896
1 0.889557 0.187352 0.059971 0.096581
1 0.825785 0.205731 0.031020 0.061707
1 0.745181 0.200968 0.055715 0.107154
1 0.900909 0.228922 0.046469 0.064690
0 0.683973 0.228260 0.044210 0.067453