2 0.435508 0.269750 0.072375 0.160058
0 0.074999 0.850380 0.148917 0.213122
0 0.602078 0.339966 0.056967 0.086522
0 0.972690 0.308089 0.053720 0.077047
0 0.535737 0.292048 0.048035 0.069334
0 0.898697 0.261431 0.042261 0.049679
0 0.837589 0.250703 0.056033 0.077515
0 0.718114 0.284550 0.049389 0.083918
2 0.485561 0.171822 0.052554 0.066944
0 0.745439 0.237667 0.029656 0.049565
2 0.490621 0.243037 0.047728 0.110961
0 0.673077 0.224944 0.037921 0.057743
0 0.800665 0.234481 0.036465 0.054429
4 0.105709 0.577879 0.024413 0.114560