0 0.425312 0.334344 0.046027 0.104593
4 0.053717 0.626176 0.032870 0.166694
0 0.978457 0.395367 0.042488 0.092241
0 0.502444 0.310432 0.052492 0.077009
0 0.883271 0.279557 0.048192 0.063571
0 0.778938 0.316397 0.055643 0.097031
0 0.937782 0.332422 0.066656 0.083418
4 0.237006 0.448974 0.027559 0.115910
4 0.111052 0.633742 0.036150 0.155998
4 0.168088 0.641980 0.042016 0.163552
0 0.722966 0.273177 0.047623 0.064576
0 0.426185 0.229408 0.050667 0.049073
0 0.672267 0.204648 0.034345 0.047904
0 0.474421 0.232927 0.053415 0.064674
0 0.973954 0.286953 0.051127 0.088739
0 0.417651 0.229265 0.033294 0.047846
0 0.434412 0.230025 0.035625 0.048182
4 0.060336 0.458328 0.016099 0.113568
0 0.782350 0.229511 0.041994 0.077180
0 0.903535 0.257779 0.045683 0.054756