0 0.498446 0.900525 0.152310 0.198951
0 0.424589 0.351812 0.054397 0.083868
0 0.880509 0.390986 0.079713 0.114442
0 0.844735 0.338681 0.060855 0.080827
0 0.773760 0.268820 0.046207 0.065485
0 0.978439 0.315420 0.042407 0.073661
2 0.487080 0.181914 0.046101 0.095173
0 0.738570 0.232957 0.034401 0.052089
0 0.552576 0.206964 0.028741 0.046147
0 0.891743 0.282578 0.054000 0.088613
1 0.486406 0.182749 0.045337 0.095639
0 0.672603 0.221994 0.036047 0.050781
0 0.829897 0.248899 0.043993 0.065405
0 0.579046 0.199379 0.032186 0.046206
0 0.923214 0.261624 0.026889 0.064061