0 0.489456 0.445029 0.078350 0.114250
0 0.390951 0.418969 0.058315 0.139703
0 0.963507 0.491188 0.072276 0.128797
0 0.871322 0.402808 0.069151 0.101364
0 0.893891 0.297652 0.052681 0.076565
0 0.533753 0.266691 0.043638 0.078622
0 0.685345 0.241512 0.028367 0.053268
0 0.714103 0.254872 0.041758 0.078756
0 0.984373 0.395789 0.030881 0.074008
4 0.022898 0.776584 0.045597 0.197358
4 0.199557 0.509428 0.029310 0.108106
0 0.910549 0.245729 0.043547 0.078017
0 0.986554 0.322672 0.026186 0.075692
0 0.476955 0.210835 0.030492 0.043913
0 0.509150 0.244158 0.025310 0.053549
0 0.837985 0.252460 0.048615 0.073774
2 0.492180 0.168982 0.042676 0.080198
2 0.721843 0.132256 0.028941 0.044201
0 0.791238 0.213141 0.040601 0.068189
3 0.199870 0.540084 0.025339 0.085188