0 0.900499 0.411297 0.085140 0.127172
0 0.301499 0.578446 0.096046 0.145346
0 0.962819 0.301673 0.055504 0.061696
2 0.468347 0.210872 0.053877 0.122649
0 0.687260 0.246510 0.039512 0.061025
0 0.551349 0.234542 0.038769 0.052976
4 0.059589 0.648713 0.033601 0.112647
0 0.856269 0.258972 0.061277 0.080406
0 0.587405 0.249512 0.037770 0.051554
0 0.927050 0.267684 0.043478 0.054748
0 0.765113 0.256560 0.041751 0.060871
0 0.819062 0.239962 0.038478 0.057482
0 0.731519 0.219393 0.033438 0.046445
3 0.056135 0.699394 0.023795 0.081645
0 0.990769 0.242182 0.017780 0.051109
2 0.490514 0.170104 0.039810 0.077441
0 0.901078 0.257099 0.033787 0.042865
0 0.793075 0.224957 0.032336 0.048169
3 0.057373 0.692728 0.029404 0.091496