2 0.123501 0.653827 0.165424 0.329441
0 0.610598 0.757191 0.134148 0.198871
0 0.454403 0.537062 0.096518 0.141981
0 0.555933 0.480905 0.074334 0.118538
2 0.441491 0.258339 0.069651 0.146815
0 0.840666 0.218362 0.036761 0.049567
0 0.574573 0.319113 0.046741 0.102923
0 0.692822 0.488928 0.074049 0.168034
0 0.516178 0.406349 0.067075 0.100216
2 0.774286 0.227761 0.067004 0.129896
0 0.533117 0.306221 0.044775 0.072694
2 0.925582 0.202295 0.072044 0.110091
1 0.611514 0.267020 0.052434 0.118466
2 0.477752 0.195728 0.044240 0.106676
2 0.455941 0.206543 0.062496 0.100236
0 0.533619 0.221189 0.037359 0.050912
1 0.774267 0.227621 0.067015 0.129580
1 0.925471 0.201584 0.072763 0.110533
0 0.723105 0.217318 0.035199 0.052203