0 0.916526 0.417590 0.078157 0.136937
0 0.497403 0.249126 0.040289 0.058660
0 0.807433 0.319153 0.061410 0.089771
4 0.086326 0.431028 0.024219 0.110343
2 0.464377 0.174515 0.101628 0.085333
0 0.689386 0.226806 0.037348 0.053508
0 0.450559 0.279750 0.037499 0.076526
4 0.229337 0.532104 0.038099 0.138506
4 0.078535 0.532489 0.030698 0.137787
0 0.980359 0.359915 0.038780 0.086197
4 0.163360 0.540063 0.032181 0.132072
4 0.255057 0.404166 0.023140 0.097938
0 0.723472 0.213906 0.033746 0.045252
0 0.985622 0.226180 0.027837 0.050982
0 0.861481 0.261144 0.043643 0.085504
0 0.975372 0.311429 0.048816 0.069211
2 0.738338 0.141180 0.032904 0.052081
0 0.890547 0.244210 0.026283 0.048661
0 0.957948 0.290626 0.055702 0.067456
0 0.669231 0.208047 0.027569 0.042462
0 0.760970 0.200889 0.023913 0.054554