0 0.532806 0.560684 0.093211 0.142654
0 0.936495 0.413452 0.081718 0.102995
0 0.821252 0.333595 0.062127 0.082640
0 0.451016 0.296332 0.045467 0.071981
0 0.735463 0.265765 0.040954 0.062142
0 0.935244 0.321287 0.067278 0.098180
0 0.897347 0.298882 0.047011 0.069451
0 0.678883 0.235286 0.038047 0.049604
1 0.490014 0.175920 0.051798 0.090560
0 0.964410 0.295663 0.066436 0.082815
0 0.852684 0.264554 0.045991 0.067726
0 0.546976 0.201601 0.030426 0.037927
0 0.982245 0.233554 0.034961 0.042534
0 0.825998 0.246726 0.036324 0.059700