0 0.215495 0.505246 0.123024 0.125424
0 0.775322 0.905543 0.155333 0.185707
0 0.759377 0.509175 0.087022 0.134401
0 0.644411 0.418105 0.072071 0.107998
0 0.502898 0.499711 0.082938 0.129545
0 0.494178 0.929407 0.167341 0.136008
0 0.414101 0.348635 0.060498 0.085724
1 0.889478 0.189079 0.057176 0.094115
0 0.050555 0.869624 0.100703 0.253986
0 0.513614 0.407180 0.063204 0.095786
0 0.628946 0.337437 0.059780 0.103544
0 0.528723 0.271791 0.042412 0.060038
0 0.980457 0.936717 0.038577 0.123320
0 0.463763 0.266239 0.041720 0.061053
0 0.582826 0.319526 0.049796 0.078167
0 0.522632 0.342609 0.054242 0.087021
0 0.915289 0.232587 0.044819 0.067945
2 0.741425 0.199862 0.065945 0.107502
1 0.739373 0.201788 0.065489 0.105169