0 0.185082 0.840315 0.190418 0.219500
0 0.312242 0.673289 0.095166 0.224742
0 0.906025 0.440722 0.075693 0.103308
0 0.966396 0.362111 0.065966 0.094183
0 0.479837 0.226931 0.031622 0.048586
0 0.910145 0.324694 0.054062 0.079117
0 0.529232 0.300968 0.045995 0.068635
0 0.553998 0.380725 0.064231 0.125946
0 0.718172 0.290470 0.047852 0.068665
0 0.821743 0.238590 0.038562 0.058283
4 0.096389 0.631611 0.033368 0.141268
2 0.492396 0.171131 0.041688 0.081879
0 0.892095 0.299513 0.061759 0.076650
0 0.922982 0.269638 0.041860 0.053243
1 0.537239 0.180166 0.031037 0.060886
0 0.792138 0.233951 0.029652 0.041396
1 0.581470 0.172791 0.033950 0.075042
0 0.988096 0.225784 0.023032 0.067091