2 0.297831 0.616225 0.195911 0.406664
0 0.609317 0.500473 0.081823 0.126156
0 0.449976 0.534831 0.100793 0.138401
2 0.411071 0.217564 0.051318 0.114768
2 0.861926 0.179739 0.055312 0.093629
4 0.340997 0.627544 0.039405 0.070719
2 0.742937 0.197827 0.055713 0.110506
0 0.515599 0.370266 0.055523 0.126240
2 0.822559 0.173451 0.040545 0.082327
0 0.641212 0.408156 0.065963 0.111788
0 0.433405 0.356401 0.062733 0.126111
2 0.784823 0.167571 0.044455 0.074984
2 0.811421 0.171923 0.061206 0.080348
0 0.966865 0.954771 0.064953 0.088916
0 0.510137 0.310389 0.060015 0.079037
0 0.541800 0.277439 0.048190 0.090503
4 0.946797 0.207733 0.017855 0.068547
0 0.621482 0.295784 0.043051 0.073067
0 0.492506 0.178951 0.020870 0.027655