2 0.238511 0.766719 0.256591 0.449915
2 0.833565 0.270915 0.096687 0.163747
2 0.302016 0.426518 0.106732 0.210120
0 0.545054 0.375765 0.063751 0.091339
0 0.627510 0.443723 0.078098 0.131783
0 0.494838 0.328481 0.057347 0.080819
0 0.341782 0.595184 0.090837 0.140797
0 0.644024 0.325650 0.044892 0.103738
0 0.528534 0.280532 0.042721 0.062120
2 0.461699 0.214591 0.051958 0.115797
0 0.724256 0.217793 0.037499 0.052883
0 0.604055 0.313896 0.045378 0.073669
2 0.469446 0.190792 0.063426 0.106523
0 0.765507 0.204603 0.032946 0.048590
0 0.680798 0.224230 0.040521 0.067532
0 0.884658 0.240700 0.032303 0.052714
1 0.597095 0.218747 0.039867 0.091282