2 0.337638 0.323155 0.088009 0.183890
0 0.786991 0.863761 0.145830 0.230208
0 0.498950 0.676939 0.117129 0.198715
0 0.710597 0.680287 0.119442 0.182105
0 0.667291 0.481028 0.086028 0.124428
0 0.524918 0.443346 0.074753 0.114832
0 0.413607 0.564192 0.099375 0.199213
0 0.153873 0.831937 0.183177 0.287418
0 0.701282 0.404083 0.071202 0.103405
0 0.975155 0.292272 0.048513 0.094474
0 0.460541 0.258185 0.039980 0.059843
0 0.814126 0.339394 0.058591 0.077154
1 0.466771 0.854155 0.152668 0.286306
0 0.607484 0.286572 0.046804 0.066329
2 0.934112 0.208090 0.067242 0.110878
2 0.788010 0.170944 0.041012 0.076300
0 0.467723 0.856714 0.151267 0.281611
1 0.736973 0.201593 0.067754 0.106519
2 0.736871 0.200587 0.068866 0.106930
0 0.523409 0.356727 0.062870 0.121697
0 0.680579 0.227300 0.037470 0.062938
0 0.534303 0.259179 0.025656 0.058642