0 0.426915 0.613041 0.104505 0.157785
0 0.578252 0.564065 0.094312 0.149505
0 0.759011 0.524825 0.097421 0.143394
0 0.501654 0.448394 0.074419 0.114666
0 0.722239 0.886536 0.179425 0.223463
0 0.707253 0.712302 0.125286 0.161825
0 0.291055 0.659436 0.110694 0.230035
2 0.064159 0.840003 0.127062 0.301270
0 0.424685 0.368271 0.062720 0.090679
0 0.639900 0.454943 0.075959 0.121483
1 0.891391 0.189189 0.058358 0.099116
0 0.849923 0.634014 0.104863 0.158820
0 0.515873 0.323830 0.052870 0.076968
0 0.687844 0.410387 0.070807 0.101048
0 0.630131 0.321280 0.053111 0.077922
0 0.971458 0.254131 0.047995 0.074869
1 0.830087 0.208664 0.030924 0.060669
1 0.738167 0.199270 0.067547 0.107738