0 0.944979 0.455609 0.090345 0.141199
0 0.323108 0.543659 0.087301 0.135706
0 0.973274 0.306343 0.052595 0.070296
2 0.472713 0.204758 0.053728 0.117469
0 0.583689 0.240331 0.034743 0.053043
0 0.552282 0.227510 0.035079 0.052146
0 0.907982 0.256373 0.042215 0.057257
0 0.937077 0.275458 0.047645 0.056206
0 0.690938 0.253161 0.042411 0.066781
0 0.769983 0.262748 0.043073 0.062217
0 0.857783 0.262284 0.060282 0.078905
4 0.049747 0.677630 0.040177 0.141202
0 0.733671 0.223949 0.033673 0.046111
2 0.491999 0.164809 0.038899 0.069852
2 0.526142 0.201953 0.041091 0.083571
0 0.795524 0.232527 0.026031 0.040940
0 0.819420 0.243090 0.033695 0.055205