2 0.188238 0.763556 0.273260 0.462060
2 0.379047 0.391647 0.112658 0.254828
0 0.929945 0.799096 0.136329 0.224539
0 0.757402 0.491184 0.084839 0.127656
0 0.663972 0.727258 0.139296 0.258119
0 0.527522 0.402807 0.069464 0.105787
2 0.808822 0.171815 0.046261 0.079404
0 0.618835 0.315025 0.050491 0.076697
2 0.743747 0.197427 0.056523 0.111240
2 0.856058 0.178875 0.050131 0.093183
2 0.389389 0.205623 0.051548 0.100723
4 0.227160 0.857957 0.052350 0.099226
2 0.910899 0.197392 0.067039 0.112012
0 0.476752 0.269481 0.041653 0.067760
0 0.607614 0.278608 0.052186 0.077886
1 0.911445 0.197594 0.066774 0.112702
0 0.681373 0.225839 0.038884 0.065493
1 0.438026 0.293637 0.046357 0.099386