2 0.255773 0.755622 0.235937 0.475327
2 0.838719 0.275177 0.100833 0.165718
0 0.621873 0.429519 0.078524 0.126695
2 0.310581 0.414058 0.104180 0.200638
0 0.543098 0.368733 0.061424 0.086161
0 0.497221 0.321441 0.054743 0.078612
0 0.354490 0.572385 0.084764 0.145415
4 0.306698 0.790834 0.060446 0.102073
0 0.529631 0.276514 0.041109 0.061968
0 0.642123 0.321414 0.044828 0.102680
0 0.723498 0.217314 0.038798 0.053155
2 0.462728 0.213854 0.053349 0.113191
0 0.603497 0.306534 0.043528 0.072672
0 0.764980 0.202446 0.032175 0.049210
0 0.682354 0.225597 0.039612 0.067187
1 0.595973 0.216221 0.041740 0.088912
1 0.462570 0.215145 0.052721 0.109534