2 0.423271 0.305510 0.079234 0.184251
0 0.530065 0.321012 0.051711 0.076549
0 0.610384 0.400335 0.066657 0.104870
0 0.947641 0.295570 0.058616 0.072749
0 0.018706 0.920122 0.037331 0.155056
0 0.879826 0.254888 0.039993 0.048807
0 0.830336 0.251107 0.053511 0.072665
0 0.710485 0.270817 0.045866 0.082956
2 0.481375 0.189400 0.054810 0.097142
0 0.601683 0.243821 0.032256 0.067699
1 0.981255 0.401846 0.036971 0.279016
1 0.577873 0.209394 0.037356 0.093540
0 0.794118 0.232770 0.035196 0.051834
0 0.516526 0.266534 0.049212 0.074694
0 0.732888 0.235146 0.039920 0.055741
0 0.994234 0.255422 0.010840 0.047049
4 0.092786 0.563569 0.030522 0.115918
2 0.471618 0.270212 0.036365 0.116285
0 0.669035 0.229343 0.036875 0.049028