2 0.199511 0.755158 0.265422 0.482821
2 0.382453 0.382049 0.110411 0.237358
0 0.908354 0.753092 0.127097 0.206916
0 0.659961 0.697883 0.134236 0.247527
0 0.746158 0.475914 0.084721 0.122383
0 0.529167 0.402306 0.067609 0.092139
2 0.743345 0.197109 0.054349 0.108981
4 0.245939 0.812095 0.044138 0.090168
2 0.858577 0.178249 0.052068 0.092551
0 0.618195 0.309420 0.049863 0.077858
2 0.810799 0.170533 0.047018 0.080333
2 0.386596 0.203855 0.045354 0.099419
1 0.915557 0.198678 0.066744 0.112175
2 0.915251 0.198177 0.067245 0.112803
0 0.605189 0.281101 0.048186 0.068041
1 0.883219 0.108848 0.029992 0.076442
4 0.191590 0.810322 0.052929 0.105038
0 0.474657 0.271645 0.037907 0.047998
0 0.532133 0.288469 0.045701 0.079273
0 0.530656 0.339385 0.054000 0.074664