0 0.543472 0.461686 0.075719 0.115934
0 0.641973 0.865408 0.153498 0.265324
0 0.860116 0.382116 0.070549 0.097141
0 0.462720 0.270232 0.043208 0.070428
0 0.742082 0.286159 0.047346 0.071370
0 0.961950 0.346849 0.070404 0.115143
0 0.683891 0.240896 0.041514 0.056283
4 0.010580 0.818927 0.021068 0.189063
0 0.922750 0.322278 0.049838 0.074678
0 0.870050 0.278268 0.053106 0.074024
0 0.840058 0.253755 0.041096 0.057463
0 0.988176 0.471540 0.022683 0.091103
2 0.490267 0.172347 0.051510 0.085974
0 0.911185 0.257575 0.042696 0.055963
0 0.987442 0.239198 0.024327 0.049475