2 0.086492 0.717656 0.172610 0.369312
0 0.450889 0.650333 0.113695 0.173899
0 0.548468 0.562588 0.085436 0.138072
2 0.431964 0.279949 0.070933 0.157183
0 0.594057 0.359530 0.053900 0.112549
0 0.538167 0.339154 0.053260 0.083954
0 0.829644 0.213919 0.039636 0.050550
0 0.510587 0.471981 0.079723 0.121232
2 0.767164 0.223424 0.062319 0.124955
0 0.716323 0.567664 0.085478 0.192111
0 0.680276 0.950772 0.183517 0.096941
2 0.907618 0.193808 0.065134 0.109356
2 0.450524 0.233396 0.060162 0.127104
4 0.093034 0.381265 0.021287 0.098921
0 0.611026 0.293528 0.060301 0.129329
0 0.536392 0.232419 0.035437 0.045429
2 0.477500 0.201139 0.047753 0.098440
0 0.719050 0.218315 0.036788 0.052129
0 0.680749 0.228227 0.039198 0.062263
0 0.803626 0.199422 0.017396 0.031565
0 0.579977 0.238090 0.038584 0.068610
1 0.906389 0.194216 0.065608 0.106076