0 0.762278 0.298437 0.057754 0.069339
0 0.929908 0.315892 0.063566 0.079753
4 0.076545 0.440893 0.023752 0.116803
0 0.852547 0.364636 0.067016 0.117397
0 0.495425 0.269045 0.044913 0.066554
4 0.210277 0.572369 0.038911 0.138979
4 0.086749 0.568066 0.032262 0.153363
4 0.140088 0.574505 0.033294 0.136327
0 0.441030 0.295409 0.039721 0.094010
0 0.396493 0.221832 0.060968 0.061479
0 0.788178 0.261854 0.045195 0.063962
2 0.492636 0.169389 0.043657 0.081138
0 0.680484 0.217663 0.031567 0.047393
0 0.871530 0.234006 0.032327 0.041544
0 0.939536 0.283087 0.056330 0.071911
1 0.838002 0.240387 0.038685 0.081243
1 0.492550 0.169658 0.043266 0.080586
0 0.713577 0.211906 0.030197 0.029459
0 0.772367 0.208576 0.024820 0.048501
2 0.807222 0.172936 0.031356 0.041871