0 0.759186 0.256156 0.042787 0.052826
0 0.407550 0.384429 0.060979 0.093789
0 0.965154 0.297707 0.057611 0.071552
0 0.811179 0.341630 0.064340 0.097873
0 0.877936 0.272263 0.055157 0.084248
0 0.670284 0.218537 0.034698 0.050209
0 0.827596 0.245384 0.041616 0.056097
2 0.484173 0.184664 0.048340 0.097361
0 0.732966 0.227866 0.029510 0.043357
0 0.565139 0.210659 0.039154 0.047644
0 0.802597 0.230688 0.036318 0.055626
1 0.484318 0.185147 0.048833 0.097823
0 0.903426 0.253745 0.032441 0.056015
0 0.899200 0.250242 0.041965 0.061665