0 0.761007 0.742894 0.117761 0.260749
0 0.845544 0.632852 0.113133 0.168590
0 0.685099 0.411217 0.079570 0.108291
2 0.421918 0.297888 0.085746 0.178085
2 0.389515 0.416657 0.116795 0.243758
2 0.751626 0.203294 0.055056 0.109194
1 0.975182 0.231359 0.048802 0.130604
0 0.533834 0.265875 0.043649 0.059565
0 0.597404 0.301292 0.056726 0.090331
2 0.453467 0.235330 0.060768 0.129709
1 0.842739 0.173548 0.052961 0.088315
2 0.842743 0.174072 0.053952 0.088009
2 0.911608 0.197602 0.067157 0.113007
0 0.604766 0.455383 0.079121 0.217260
0 0.792813 0.198557 0.028390 0.042605
1 0.911016 0.197849 0.066478 0.114646
1 0.605196 0.455927 0.080850 0.218499
0 0.633018 0.289220 0.037565 0.070310
0 0.680435 0.225885 0.039481 0.065241
2 0.975149 0.231462 0.048747 0.131817
0 0.605290 0.490666 0.077334 0.148107
1 0.882811 0.128770 0.029018 0.117484