0 0.829650 0.599983 0.113884 0.162507
0 0.566215 0.475771 0.086562 0.156406
2 0.387747 0.243947 0.060862 0.131925
0 0.697919 0.663488 0.108486 0.176890
0 0.776537 0.488980 0.087363 0.133218
0 0.220751 0.728947 0.150996 0.156765
0 0.666573 0.404271 0.065680 0.100088
0 0.445451 0.557718 0.087274 0.191528
0 0.139411 0.859579 0.277948 0.265353
0 0.518026 0.402073 0.067231 0.114418
2 0.806116 0.172654 0.066053 0.080999
2 0.744420 0.198197 0.053568 0.110471
0 0.638788 0.353217 0.060175 0.088150
0 0.622953 0.303680 0.052330 0.071968
0 0.427773 0.475899 0.084387 0.172009
0 0.604406 0.268342 0.047258 0.062808
0 0.513286 0.331390 0.062079 0.089103
0 0.493049 0.249043 0.043486 0.068929