2 0.400838 0.389262 0.104256 0.229303
0 0.713252 0.637220 0.104393 0.217897
0 0.393208 0.922723 0.167654 0.154554
0 0.781701 0.551547 0.101147 0.145256
2 0.753123 0.206262 0.055305 0.113037
0 0.663380 0.378684 0.065855 0.094489
1 0.982942 0.238432 0.033455 0.134598
1 0.926355 0.202568 0.074486 0.115896
2 0.429048 0.282343 0.077790 0.169832
2 0.458152 0.227836 0.056942 0.129773
2 0.850602 0.177092 0.053252 0.090899
0 0.534700 0.260402 0.041215 0.055334
0 0.797722 0.200862 0.031557 0.041120
0 0.594305 0.282401 0.053910 0.073895
1 0.850928 0.177048 0.051637 0.089955
2 0.926102 0.202982 0.073478 0.114256
1 0.599526 0.418519 0.072718 0.201207
0 0.629547 0.279472 0.035837 0.065943
0 0.599692 0.418457 0.072701 0.199439
0 0.380361 0.225657 0.033967 0.052782