0 0.791594 0.567568 0.097743 0.150592
0 0.178071 0.516816 0.134829 0.122751
0 0.652803 0.454036 0.079379 0.123851
0 0.026035 0.882373 0.051456 0.230699
0 0.497905 0.552243 0.094632 0.148508
0 0.508456 0.436952 0.066805 0.108497
1 0.889606 0.187187 0.058427 0.092829
0 0.522747 0.362917 0.057716 0.095678
0 0.401382 0.368777 0.064518 0.089874
0 0.635940 0.353381 0.064110 0.106847
0 0.528618 0.286066 0.045083 0.063809
0 0.806459 0.968034 0.140640 0.055893
0 0.450860 0.279994 0.045335 0.062079
0 0.587898 0.334974 0.049741 0.084348
2 0.743767 0.199407 0.057814 0.107100
1 0.743941 0.201299 0.053012 0.104767
1 0.904102 0.229837 0.045962 0.065037
0 0.904476 0.228886 0.045686 0.067100
2 0.751903 0.152903 0.055842 0.063961
1 0.826279 0.206485 0.029570 0.060389