0 0.503657 0.322202 0.055999 0.084130
0 0.919995 0.320755 0.062531 0.079358
0 0.718255 0.269595 0.045016 0.059293
0 0.767248 0.305669 0.053148 0.092509
0 0.970509 0.377898 0.057895 0.092513
0 0.420867 0.340689 0.046188 0.111147
4 0.100667 0.650103 0.041475 0.158612
0 0.876797 0.273379 0.050167 0.060522
4 0.156534 0.654946 0.042984 0.163929
4 0.048640 0.643124 0.033050 0.177895
0 0.491091 0.235928 0.048738 0.067834
4 0.234111 0.451356 0.026577 0.093502
0 0.980693 0.556373 0.037534 0.135513
0 0.784056 0.227869 0.040694 0.071713
0 0.897170 0.250062 0.045159 0.056576
0 0.667939 0.204808 0.033461 0.045214
0 0.454316 0.230352 0.032264 0.048730
0 0.969921 0.283490 0.057660 0.089992