0 0.516774 0.713376 0.121269 0.183705
0 0.952738 0.462179 0.092050 0.136499
0 0.437543 0.323895 0.049932 0.076961
0 0.878117 0.366802 0.069078 0.090154
0 0.737826 0.246217 0.037363 0.052226
0 0.792902 0.293282 0.053209 0.073181
0 0.873319 0.281064 0.037926 0.064645
0 0.910208 0.297836 0.054133 0.092404
0 0.549552 0.202852 0.027965 0.041846
1 0.771549 0.177919 0.032814 0.105700
0 0.839918 0.254765 0.041647 0.059536
2 0.488001 0.177801 0.049491 0.094144
1 0.487743 0.177835 0.047493 0.093661
0 0.945348 0.276803 0.031558 0.064947