2 0.390468 0.239410 0.060664 0.126662
0 0.458809 0.530415 0.081824 0.179198
0 0.688889 0.620349 0.105188 0.166860
0 0.800173 0.553944 0.106900 0.153965
0 0.681092 0.923737 0.152936 0.152526
0 0.260568 0.709968 0.128968 0.155279
0 0.563060 0.453020 0.084120 0.147173
2 0.150888 0.833506 0.301310 0.316172
0 0.659323 0.388051 0.063402 0.096624
0 0.758826 0.460550 0.080791 0.124327
0 0.518528 0.388880 0.064904 0.107518
2 0.809679 0.171555 0.068861 0.081389
2 0.742056 0.198705 0.059996 0.108497
0 0.633113 0.340490 0.055819 0.085188
0 0.427581 0.452556 0.074641 0.164137
0 0.487576 0.245902 0.047433 0.066713
0 0.515859 0.310630 0.061605 0.060586
0 0.619318 0.293362 0.045632 0.074924