0 0.592685 0.680481 0.122610 0.177508
2 0.142493 0.626845 0.158498 0.317537
0 0.455208 0.501466 0.089862 0.131795
0 0.560261 0.453499 0.070860 0.112357
0 0.798191 0.920066 0.178355 0.154397
0 0.843754 0.220587 0.038699 0.046580
2 0.445490 0.250370 0.070196 0.146435
0 0.683955 0.463123 0.069494 0.156499
0 0.516206 0.385273 0.062180 0.096093
0 0.569270 0.305969 0.045322 0.101155
2 0.775180 0.229056 0.072173 0.136921
1 0.935789 0.205177 0.073342 0.115547
1 0.609181 0.260625 0.050324 0.117859
0 0.530785 0.294344 0.040397 0.069401
0 0.721805 0.215671 0.040628 0.052944
0 0.680009 0.223508 0.039642 0.065394
2 0.935749 0.205287 0.074177 0.114844
1 0.775792 0.229845 0.072500 0.134672
2 0.469937 0.194412 0.063035 0.104793