2 0.339724 0.509963 0.144328 0.328236
0 0.882595 0.738117 0.126304 0.201995
0 0.570672 0.430619 0.069894 0.101390
0 0.492772 0.477490 0.087465 0.121565
2 0.834288 0.172152 0.040962 0.085577
0 0.630672 0.368987 0.057467 0.094322
2 0.796378 0.170211 0.038609 0.076850
2 0.744292 0.197966 0.051859 0.110280
2 0.877765 0.185020 0.062248 0.097270
4 0.373298 0.516675 0.030875 0.056506
0 0.524286 0.338841 0.047188 0.101267
2 0.407253 0.209452 0.064412 0.110806
0 0.496664 0.173251 0.019910 0.028025
0 0.538516 0.261956 0.044931 0.076708
0 0.367990 0.233698 0.019279 0.037000
0 0.619606 0.332575 0.061132 0.082014
1 0.428252 0.329178 0.057389 0.113001
0 0.497439 0.294324 0.051688 0.079219
1 0.681045 0.225476 0.039603 0.065087