0 0.893147 0.765838 0.142899 0.212696
0 0.641246 0.780529 0.132080 0.209738
0 0.794800 0.556224 0.105160 0.145380
0 0.180540 0.787728 0.149392 0.278768
0 0.503737 0.598613 0.101984 0.160229
0 0.412921 0.881679 0.150173 0.233249
0 0.972397 0.934388 0.054938 0.129724
0 0.364879 0.429317 0.074837 0.106983
0 0.696501 0.604365 0.100074 0.165729
1 0.890881 0.189095 0.059257 0.098255
0 0.672365 0.380661 0.065847 0.093421
0 0.758561 0.955586 0.152123 0.084677
0 0.508096 0.379286 0.061786 0.094728
0 0.617059 0.326880 0.054386 0.074300
0 0.946114 0.242684 0.043711 0.072619
1 0.826776 0.205802 0.028817 0.061386
2 0.740553 0.199961 0.065065 0.107363
0 0.484833 0.291270 0.047019 0.069573
0 0.555207 0.272274 0.048713 0.065724
0 0.610225 0.277651 0.052282 0.077476