0 0.592054 0.589782 0.103996 0.202085
0 0.540327 0.380628 0.059448 0.092557
0 0.218679 0.922738 0.138071 0.151632
0 0.952904 0.492334 0.092497 0.128296
4 0.044894 0.733781 0.040430 0.160693
0 0.694822 0.255730 0.043019 0.061254
0 0.776943 0.329924 0.058556 0.077205
0 0.962517 0.359430 0.059712 0.087762
0 0.476447 0.251246 0.039015 0.059198
0 0.905803 0.308512 0.059496 0.076832
0 0.978508 0.392029 0.042281 0.121600
0 0.862759 0.275438 0.046759 0.065229
0 0.984174 0.221947 0.030638 0.051720
2 0.492567 0.172265 0.046385 0.083994
0 0.810957 0.234118 0.036015 0.043459
3 0.045362 0.784000 0.032295 0.106967
1 0.537094 0.180188 0.036966 0.067237
1 0.491828 0.172345 0.045078 0.084622
0 0.837928 0.260628 0.038184 0.056835
1 0.582824 0.180154 0.030617 0.062693
0 0.950520 0.288672 0.043686 0.055877