0 0.845674 0.670106 0.116857 0.177371
0 0.149944 0.523615 0.144981 0.125050
0 0.647442 0.384038 0.069391 0.118874
0 0.664812 0.517827 0.094767 0.143519
0 0.492117 0.641435 0.109776 0.170129
1 0.889969 0.200989 0.055108 0.120621
0 0.498793 0.487973 0.077589 0.121889
0 0.381984 0.399230 0.072262 0.098235
0 0.522776 0.388777 0.059083 0.098656
0 0.435475 0.299082 0.046551 0.070803
0 0.599379 0.362051 0.052345 0.091974
0 0.526849 0.302911 0.047604 0.069082
1 0.824326 0.207318 0.030195 0.061971
2 0.738548 0.201650 0.069279 0.105836
0 0.787008 0.201390 0.030940 0.040168
0 0.683978 0.228722 0.044402 0.068109
1 0.737967 0.202988 0.069023 0.104529
0 0.626508 0.296820 0.049099 0.052155