2 0.385835 0.402741 0.112034 0.260498
2 0.933293 0.339974 0.124995 0.214575
0 0.672252 0.626094 0.107247 0.160846
0 0.494447 0.383042 0.066083 0.101357
0 0.552798 0.305120 0.054274 0.085807
2 0.476766 0.191197 0.053544 0.108316
0 0.817473 0.232810 0.051217 0.074835
0 0.530093 0.269416 0.045599 0.092860
1 0.580805 0.198642 0.034657 0.075767
0 0.693518 0.243708 0.041999 0.070884
0 0.855815 0.235071 0.034790 0.039851
0 0.727157 0.222628 0.039106 0.054871
0 0.987272 0.223448 0.024772 0.050098
0 0.615217 0.266075 0.036749 0.078950
0 0.589746 0.256866 0.023973 0.054625
0 0.784968 0.221587 0.029056 0.042909