2 0.307667 0.537920 0.164155 0.345319
0 0.640763 0.502319 0.098582 0.173103
2 0.408860 0.320105 0.088810 0.195670
2 0.740389 0.196123 0.062336 0.111346
0 0.779073 0.500220 0.085909 0.128041
2 0.952541 0.214374 0.078254 0.123056
2 0.887889 0.186308 0.060119 0.100128
2 0.835709 0.172369 0.042579 0.085487
2 0.119521 0.885277 0.238196 0.212741
0 0.662889 0.373423 0.065098 0.095928
0 0.533549 0.351959 0.058170 0.084758
0 0.615185 0.275816 0.043664 0.065109
2 0.802369 0.169913 0.026650 0.073949
4 0.337908 0.542089 0.034999 0.068418
0 0.680826 0.226822 0.037841 0.064485