2 0.121078 0.742933 0.240187 0.463645
0 0.641168 0.705260 0.135330 0.232138
0 0.347269 0.551470 0.086974 0.191397
0 0.551292 0.463556 0.075823 0.117047
0 0.416356 0.499352 0.078228 0.125785
0 0.496412 0.844439 0.153052 0.300907
0 0.761108 0.492401 0.082915 0.114551
0 0.701035 0.430709 0.074520 0.109365
0 0.680680 0.573617 0.097650 0.143775
1 0.891394 0.188610 0.057462 0.097912
0 0.461078 0.327628 0.052038 0.079398
0 0.610069 0.382519 0.058635 0.096938
0 0.516811 0.372241 0.062250 0.102493
4 0.152339 0.747051 0.046383 0.087393
1 0.840242 0.212953 0.029442 0.062058
0 0.631964 0.346194 0.056308 0.078506
2 0.738987 0.199701 0.065309 0.107767
0 0.692568 0.240746 0.034645 0.049277
4 0.088323 0.743297 0.036183 0.065130
0 0.522281 0.291957 0.046558 0.062886
1 0.987560 0.266139 0.024037 0.076744
4 0.087125 0.394676 0.020882 0.094538