0 0.696144 0.567428 0.106846 0.190911
0 0.454783 0.858872 0.141162 0.227003
0 0.501433 0.558026 0.090774 0.152859
0 0.742256 0.927496 0.174777 0.145008
0 0.285692 0.479863 0.112678 0.121584
0 0.394546 0.406768 0.063776 0.098211
0 0.517423 0.387617 0.062602 0.094635
0 0.633183 0.505876 0.080993 0.135115
1 0.892158 0.189766 0.058549 0.096825
0 0.606282 0.323329 0.049499 0.071612
0 0.682032 0.413012 0.071045 0.122129
0 0.726331 0.406034 0.051568 0.095680
0 0.524864 0.300205 0.048232 0.075697
0 0.475697 0.268836 0.050907 0.071022
0 0.050426 0.530037 0.100851 0.114276
2 0.739189 0.201025 0.067472 0.105540
1 0.739250 0.201743 0.066124 0.105289
0 0.070982 0.530400 0.057094 0.112818
1 0.851015 0.216592 0.037781 0.066353
0 0.850875 0.215612 0.037346 0.067203
1 0.823665 0.209461 0.028861 0.061794
0 0.615778 0.284253 0.048643 0.069834
1 0.792590 0.197002 0.040526 0.047885