0 0.533988 0.560781 0.095360 0.141958
0 0.936243 0.414159 0.081868 0.101289
0 0.820548 0.334742 0.061190 0.080566
0 0.450958 0.296874 0.045292 0.071774
0 0.735676 0.264842 0.040190 0.062801
0 0.678927 0.235293 0.037380 0.049913
0 0.897087 0.299820 0.045863 0.068309
0 0.934882 0.319021 0.066800 0.099722
0 0.852059 0.264797 0.046682 0.067176
0 0.982134 0.231501 0.034714 0.050385
0 0.548209 0.200650 0.027742 0.038286
0 0.976930 0.301213 0.039454 0.072238
0 0.824768 0.247393 0.033698 0.059195
1 0.489915 0.175840 0.050141 0.088001
0 0.889584 0.245462 0.035595 0.051326
2 0.489388 0.175382 0.050602 0.085839