0 0.402421 0.637187 0.118771 0.163406
0 0.541684 0.314881 0.051695 0.097893
0 0.982349 0.562818 0.034769 0.127828
4 0.135336 0.567105 0.031680 0.117639
0 0.477684 0.220448 0.031341 0.044687
0 0.354706 0.534850 0.082913 0.177969
0 0.917707 0.380877 0.063201 0.095908
0 0.846679 0.259878 0.043529 0.062149
0 0.755034 0.324235 0.060004 0.070914
0 0.522023 0.270579 0.040985 0.063909
0 0.940047 0.343262 0.060999 0.090093
2 0.492344 0.170621 0.040542 0.081190
0 0.805107 0.237684 0.039735 0.052284
0 0.973797 0.302514 0.045897 0.070411
0 0.933986 0.275065 0.049314 0.058546
0 0.693028 0.234394 0.034565 0.068587
0 0.875395 0.226305 0.042346 0.069051
0 0.988620 0.232407 0.022134 0.051285
1 0.537202 0.182684 0.032275 0.057841