2 0.318661 0.354775 0.093456 0.209963
0 0.743259 0.874587 0.147584 0.242068
0 0.488467 0.825763 0.145908 0.248433
0 0.688584 0.572876 0.104868 0.153720
0 0.516877 0.502948 0.086658 0.134168
0 0.758223 0.475979 0.083507 0.123018
0 0.763031 0.307679 0.048856 0.072443
0 0.942428 0.271338 0.045588 0.082673
0 0.389149 0.655277 0.117039 0.232667
0 0.616700 0.310473 0.050704 0.069406
2 0.915065 0.199218 0.064935 0.108271
0 0.521380 0.392406 0.068919 0.137988
0 0.450013 0.277260 0.041869 0.064996
0 0.528066 0.274903 0.043063 0.062445
2 0.785135 0.165391 0.034196 0.069459
0 0.087516 0.861197 0.174390 0.276077
1 0.087258 0.861120 0.173861 0.273426
0 0.500391 0.363548 0.060314 0.105607
2 0.741561 0.198796 0.059997 0.107677
1 0.739388 0.198119 0.064485 0.108491
2 0.767309 0.161073 0.068367 0.075037
0 0.452998 0.953392 0.142203 0.084000