0 0.727890 0.886206 0.151876 0.225795
2 0.347545 0.515475 0.146596 0.336882
2 0.888536 0.309565 0.114077 0.187519
0 0.449926 0.441272 0.071441 0.114653
0 0.581069 0.345513 0.062039 0.098547
0 0.536042 0.313083 0.051741 0.075783
2 0.472158 0.193650 0.057307 0.116963
0 0.722454 0.217586 0.042673 0.055290
0 0.810165 0.223895 0.051857 0.072066
0 0.774756 0.211962 0.032733 0.049766
0 0.685348 0.231480 0.039093 0.069288
0 0.526021 0.278417 0.052103 0.069548
2 0.370157 0.312439 0.082342 0.094170
0 0.624151 0.281825 0.040422 0.092539
1 0.584730 0.203903 0.047714 0.078585