0 0.706875 0.622063 0.116323 0.209232
0 0.492151 0.608691 0.100582 0.167708
0 0.435432 0.926611 0.176244 0.144955
0 0.263654 0.487651 0.125678 0.124010
0 0.516509 0.407805 0.066910 0.100467
1 0.891401 0.190368 0.056126 0.098301
0 0.390609 0.432680 0.068299 0.098548
0 0.637594 0.543151 0.082745 0.143634
0 0.708090 0.451709 0.078247 0.156249
0 0.523889 0.312523 0.050432 0.078952
0 0.608913 0.338010 0.052550 0.078465
0 0.752466 0.433001 0.055146 0.102716
0 0.464111 0.277251 0.047447 0.077699
2 0.484165 0.186860 0.044696 0.094523
0 0.620577 0.295486 0.049040 0.071854
1 0.738032 0.200687 0.069451 0.106360
2 0.738120 0.199973 0.071082 0.105750
0 0.589630 0.233601 0.041865 0.060307