0 0.709689 0.811635 0.144806 0.226923
0 0.468021 0.711228 0.119135 0.187513
0 0.513945 0.495896 0.081937 0.136343
0 0.683804 0.501347 0.098427 0.166110
0 0.103823 0.529143 0.122916 0.116468
0 0.316725 0.463997 0.097705 0.116621
0 0.406755 0.373123 0.057968 0.088567
1 0.892019 0.190020 0.053695 0.099401
0 0.461729 0.972565 0.139562 0.053700
0 0.625970 0.457207 0.068154 0.118911
0 0.520257 0.361337 0.058678 0.086128
0 0.856263 0.218208 0.042728 0.068774
0 0.527641 0.282480 0.042969 0.065472
0 0.602514 0.303230 0.046379 0.065743
1 0.738128 0.201197 0.068401 0.105764
0 0.825525 0.206700 0.027666 0.057901
0 0.656317 0.372759 0.058911 0.095528
0 0.485286 0.260165 0.044165 0.062358
2 0.738135 0.199957 0.071516 0.105534
0 0.683946 0.227994 0.043978 0.068986
0 0.689814 0.370474 0.049066 0.092127