0 0.688754 0.700472 0.120759 0.195327
2 0.373252 0.438215 0.124309 0.285563
0 0.481309 0.403788 0.072134 0.106498
0 0.562816 0.319093 0.057795 0.089653
2 0.915794 0.329561 0.120475 0.202062
2 0.475514 0.192221 0.055313 0.112427
0 0.690665 0.239989 0.040993 0.069415
0 0.724645 0.221318 0.039668 0.052663
0 0.990105 0.221859 0.018958 0.044449
0 0.618808 0.272322 0.037134 0.085783
0 0.814243 0.230509 0.051974 0.078174
0 0.529550 0.279026 0.045667 0.102791
0 0.590432 0.262890 0.027818 0.056881
0 0.780109 0.213285 0.033551 0.057454
0 0.849982 0.228131 0.036235 0.042429