2 0.355997 0.463921 0.131576 0.299086
0 0.830050 0.622265 0.108597 0.171668
2 0.115227 0.870794 0.228805 0.255704
0 0.509526 0.449131 0.079805 0.116781
0 0.624186 0.347544 0.055667 0.087669
0 0.694629 0.914015 0.189211 0.169946
2 0.736847 0.197455 0.070262 0.109533
0 0.552902 0.395780 0.061235 0.096458
2 0.840355 0.175540 0.041186 0.089457
2 0.401496 0.206690 0.071039 0.105466
0 0.527321 0.320255 0.044517 0.105752
0 0.680971 0.225844 0.039407 0.064821
2 0.798621 0.171015 0.040931 0.075862
0 0.611051 0.313662 0.054926 0.082508
2 0.887842 0.187726 0.061796 0.100350
0 0.486148 0.285041 0.040792 0.075233
0 0.536756 0.253282 0.043651 0.075273
1 0.887518 0.187199 0.061525 0.099809
0 0.497068 0.171863 0.019152 0.027302
0 0.515916 0.301860 0.049917 0.089066