0 0.455270 0.828947 0.140907 0.222746
0 0.736520 0.910914 0.169137 0.176930
0 0.694344 0.554768 0.104367 0.185152
0 0.503359 0.546575 0.086729 0.148700
0 0.292104 0.476661 0.108301 0.122310
0 0.396149 0.399259 0.062901 0.097893
1 0.892739 0.188683 0.057292 0.099249
0 0.517227 0.381376 0.062649 0.093480
0 0.631274 0.496506 0.078778 0.134681
0 0.073906 0.529697 0.068975 0.115458
0 0.677299 0.405241 0.068624 0.115960
0 0.605637 0.318918 0.048745 0.071059
0 0.525405 0.296787 0.046294 0.074480
0 0.719631 0.401113 0.051978 0.092644
0 0.053805 0.529658 0.107610 0.116889
0 0.474948 0.267257 0.048180 0.068327
1 0.851409 0.216678 0.039131 0.070482
2 0.738029 0.199616 0.069953 0.104978
1 0.738153 0.200474 0.068217 0.106126
0 0.851863 0.216579 0.038617 0.070782
0 0.615802 0.279924 0.045706 0.071521