0 0.451109 0.635243 0.111736 0.172806
2 0.088624 0.713362 0.176756 0.374434
0 0.669797 0.932612 0.177915 0.133018
2 0.767187 0.219291 0.063602 0.126935
0 0.550356 0.551320 0.084483 0.140043
2 0.433481 0.274707 0.070967 0.161379
0 0.830314 0.210779 0.038575 0.051956
0 0.712855 0.555491 0.082403 0.192785
0 0.538107 0.332467 0.054432 0.088298
0 0.591575 0.351771 0.053928 0.114026
0 0.511795 0.461489 0.078228 0.115476
2 0.477483 0.200585 0.045727 0.110084
2 0.909836 0.193191 0.066920 0.109789
0 0.680354 0.222484 0.040556 0.067233
2 0.451574 0.230248 0.058963 0.131962
1 0.909197 0.194142 0.065466 0.109341
4 0.094664 0.379931 0.019469 0.094152
0 0.610765 0.287927 0.059423 0.128050