0 0.901336 0.782607 0.146711 0.219821
0 0.644208 0.793454 0.133640 0.211829
0 0.409792 0.887562 0.155416 0.223039
0 0.502767 0.606866 0.103803 0.162447
0 0.802852 0.568989 0.106280 0.150104
0 0.507374 0.384882 0.063598 0.091407
0 0.362760 0.431867 0.073871 0.106737
0 0.699940 0.613880 0.101513 0.173458
0 0.175349 0.791332 0.150348 0.279343
0 0.674490 0.384866 0.067178 0.094510
1 0.890770 0.189446 0.056130 0.098447
0 0.764462 0.964409 0.141806 0.069918
0 0.980547 0.946913 0.038452 0.104898
0 0.617258 0.329261 0.054551 0.078843
2 0.738196 0.199795 0.068674 0.104786
0 0.482080 0.292557 0.048734 0.068148
0 0.945364 0.242405 0.041049 0.073483
0 0.610364 0.279002 0.049987 0.078271
0 0.526275 0.319885 0.052340 0.110080