0 0.154272 0.770233 0.148720 0.198757
2 0.448721 0.242547 0.068711 0.148323
0 0.917595 0.265631 0.047297 0.054756
0 0.600745 0.296559 0.050368 0.077517
4 0.101654 0.588361 0.029715 0.123486
2 0.506746 0.225009 0.045777 0.104484
0 0.734860 0.302517 0.059175 0.089679
0 0.540426 0.267194 0.044293 0.066481
2 0.490204 0.160569 0.044715 0.057916
0 0.748696 0.234633 0.038061 0.050437
0 0.850323 0.250677 0.049817 0.078274
0 0.986941 0.331190 0.025410 0.063336
0 0.677123 0.223604 0.039978 0.059553
0 0.893912 0.241734 0.041436 0.048469
0 0.721182 0.213951 0.033426 0.042934
0 0.808217 0.232339 0.034462 0.057049
2 0.618371 0.158578 0.037116 0.078587