0 0.396895 0.644886 0.120433 0.166172
0 0.542643 0.315494 0.052565 0.100510
0 0.845591 0.257009 0.044261 0.063465
4 0.133268 0.571150 0.030809 0.120912
0 0.917008 0.375340 0.062739 0.096986
0 0.979400 0.556773 0.040735 0.123654
0 0.804878 0.235958 0.039719 0.047988
0 0.757212 0.320863 0.050949 0.072979
0 0.477918 0.220177 0.031989 0.044867
0 0.353941 0.540381 0.076492 0.177019
0 0.985930 0.407090 0.027353 0.105710
0 0.691903 0.233308 0.036635 0.072889
2 0.492743 0.170734 0.044676 0.081309
0 0.932516 0.270422 0.046354 0.059910
1 0.492400 0.170651 0.043380 0.080864
0 0.973105 0.301690 0.044039 0.066328
0 0.521125 0.274043 0.040305 0.064534
0 0.940230 0.341757 0.055932 0.082378
1 0.535783 0.176388 0.034473 0.065596
0 0.668621 0.228223 0.014951 0.043798
0 0.873054 0.225169 0.041901 0.070544