0 0.745776 0.905561 0.155244 0.187025
0 0.619546 0.702697 0.119429 0.188054
0 0.426793 0.784338 0.135433 0.211769
0 0.843470 0.675638 0.125900 0.185855
0 0.755703 0.503042 0.092541 0.131461
0 0.384250 0.411024 0.069725 0.098690
0 0.679044 0.555126 0.095143 0.151998
0 0.656557 0.362806 0.061438 0.086911
0 0.500845 0.547280 0.090630 0.144268
0 0.509970 0.361406 0.057954 0.088632
0 0.217219 0.755934 0.134563 0.266872
1 0.891835 0.189782 0.054034 0.099378
0 0.944999 0.861963 0.109198 0.221177
0 0.614099 0.313053 0.051439 0.078672
2 0.739575 0.199669 0.065763 0.104902
1 0.825364 0.206861 0.028454 0.060485
0 0.953319 0.246923 0.043403 0.072332
1 0.217112 0.756344 0.134234 0.265952