2 0.403080 0.352286 0.102162 0.222743
0 0.643129 0.507712 0.088831 0.139777
2 0.477517 0.188356 0.052277 0.101396
2 0.947101 0.364513 0.104524 0.235998
0 0.509643 0.351644 0.060626 0.091649
0 0.984558 0.231267 0.030191 0.051804
0 0.820860 0.239297 0.053254 0.072433
0 0.699146 0.249137 0.043827 0.074685
0 0.533868 0.287091 0.053017 0.083335
4 0.078775 0.533700 0.027732 0.102911
0 0.863059 0.240041 0.035625 0.045472
0 0.607749 0.249030 0.035070 0.085127
0 0.725482 0.219689 0.041528 0.060274
0 0.784821 0.221259 0.035183 0.055413
0 0.666954 0.221939 0.034308 0.055061