0 0.203545 0.827021 0.185171 0.219582
0 0.316236 0.666249 0.095181 0.220758
0 0.552888 0.376394 0.063296 0.121788
0 0.719112 0.293365 0.049899 0.072431
0 0.913816 0.447159 0.077421 0.110133
0 0.967644 0.366081 0.064018 0.096221
0 0.911052 0.328612 0.055756 0.083570
0 0.528300 0.299145 0.047313 0.071128
0 0.821925 0.241593 0.038899 0.058824
0 0.480227 0.226538 0.033156 0.055500
4 0.098478 0.622331 0.033029 0.124622
3 0.097842 0.663099 0.029287 0.100703
0 0.683810 0.225942 0.033447 0.062132
2 0.492184 0.172921 0.045724 0.081522
0 0.896076 0.302905 0.063478 0.075734
0 0.926813 0.267503 0.040764 0.063225
0 0.793221 0.228251 0.033156 0.045215
0 0.893252 0.246089 0.034899 0.041477
1 0.536243 0.178030 0.032701 0.068548