2 0.162870 0.673688 0.209319 0.411990
0 0.613352 0.644845 0.125482 0.203964
0 0.364642 0.515630 0.077104 0.176622
0 0.498334 0.779263 0.133465 0.295530
0 0.545012 0.436305 0.070197 0.109841
0 0.670863 0.532260 0.092562 0.138168
2 0.740030 0.199204 0.064146 0.104976
4 0.191826 0.673616 0.041416 0.080406
0 0.736277 0.456130 0.075907 0.107178
0 0.687835 0.404873 0.073470 0.105216
1 0.891935 0.189647 0.052290 0.098624
0 0.519685 0.355106 0.057911 0.091609
0 0.415341 0.466872 0.061033 0.116455
0 0.608418 0.363268 0.056347 0.092829
1 0.845006 0.216632 0.033339 0.064292
4 0.133686 0.671247 0.032508 0.061405
0 0.474238 0.314250 0.048697 0.074589
0 0.522275 0.282877 0.047349 0.059684
0 0.694210 0.244641 0.031789 0.050454