0 0.402463 0.395854 0.063400 0.093938
0 0.960168 0.292478 0.057281 0.072458
0 0.786415 0.330590 0.070304 0.091311
0 0.755708 0.251515 0.042656 0.054876
0 0.875678 0.271877 0.053282 0.084130
4 0.011677 0.765928 0.023038 0.160771
0 0.897401 0.249079 0.034127 0.057050
0 0.669637 0.220771 0.036684 0.045544
0 0.532561 0.205933 0.033900 0.042294
0 0.821705 0.310969 0.041827 0.073767
0 0.565633 0.211247 0.035193 0.047133
0 0.732306 0.226012 0.032967 0.040862
2 0.484724 0.184345 0.049769 0.099767
0 0.803535 0.232100 0.038972 0.055792
0 0.990897 0.329999 0.017556 0.061548