0 0.063623 0.863974 0.126948 0.217220
2 0.434634 0.270047 0.072413 0.165374
0 0.969557 0.297975 0.060150 0.077148
0 0.536332 0.291659 0.049187 0.070513
0 0.604955 0.344692 0.057858 0.090599
0 0.897104 0.254202 0.040387 0.045827
0 0.718502 0.275791 0.047910 0.081661
4 0.106358 0.567223 0.025430 0.111345
0 0.837999 0.245624 0.054174 0.073893
2 0.485498 0.188015 0.053223 0.112305
2 0.485842 0.170190 0.052337 0.076436
2 0.488595 0.244549 0.045464 0.109472
0 0.673118 0.216520 0.040535 0.058029
2 0.485907 0.212816 0.052810 0.161596
0 0.800799 0.228140 0.036339 0.054071