2 0.254442 0.521424 0.145858 0.309701
0 0.511001 0.861979 0.145922 0.236078
0 0.509891 0.587323 0.098409 0.215847
2 0.743426 0.200035 0.057327 0.106627
0 0.653098 0.429986 0.069568 0.101418
0 0.527490 0.361537 0.057847 0.087745
0 0.540521 0.504965 0.092985 0.153196
0 0.411356 0.418460 0.063544 0.139048
1 0.893425 0.191338 0.052759 0.100462
0 0.704989 0.253818 0.035472 0.059916
2 0.777312 0.159363 0.040591 0.063679
0 0.543082 0.301785 0.050630 0.072908
0 0.643842 0.341295 0.057730 0.086491
0 0.602906 0.310958 0.045790 0.080074
0 0.868559 0.231565 0.035645 0.069681
0 0.502007 0.282457 0.042955 0.065900
0 0.659674 0.356412 0.054166 0.060394