0 0.235787 0.898005 0.134384 0.201897
0 0.584116 0.550929 0.097524 0.187716
0 0.539195 0.367905 0.058415 0.091373
0 0.980150 0.400008 0.039040 0.118277
0 0.697176 0.257676 0.044046 0.062253
4 0.053626 0.719590 0.041689 0.158371
0 0.868027 0.278927 0.048706 0.065944
0 0.788959 0.339555 0.062831 0.079194
0 0.811630 0.230978 0.037662 0.053669
0 0.969723 0.367955 0.060171 0.091388
0 0.963639 0.519556 0.071614 0.125519
0 0.983947 0.223483 0.031139 0.053830
0 0.912992 0.313654 0.059165 0.080738
0 0.479535 0.247185 0.039669 0.061343
3 0.055433 0.762877 0.033529 0.112595
2 0.492083 0.173202 0.044295 0.084042
0 0.960735 0.294820 0.042482 0.057972
0 0.844287 0.261626 0.042920 0.061035
0 0.537322 0.191456 0.033950 0.044590
1 0.492070 0.172910 0.044057 0.083172