2 0.185022 0.798989 0.304758 0.401173
0 0.667242 0.805358 0.127851 0.210224
0 0.674354 0.555388 0.091949 0.148744
4 0.230790 0.946404 0.065472 0.105400
2 0.395185 0.233630 0.062046 0.127748
0 0.478976 0.486365 0.077851 0.166742
0 0.750658 0.493683 0.097236 0.127292
0 0.649358 0.361269 0.057785 0.090776
0 0.552422 0.421815 0.076925 0.131546
2 0.742120 0.199083 0.060823 0.105698
0 0.337553 0.673168 0.072113 0.164810
0 0.729130 0.418357 0.077305 0.104454
1 0.830469 0.172874 0.045165 0.084520
0 0.516799 0.364725 0.058542 0.096557
0 0.628858 0.319110 0.055768 0.081878
2 0.830570 0.173075 0.044713 0.083460
2 0.794762 0.171449 0.034487 0.075385
1 0.429931 0.431682 0.070253 0.148153
0 0.429807 0.430978 0.070047 0.145768
0 0.680776 0.225780 0.038806 0.064130
1 0.794557 0.172326 0.034873 0.077477