2 0.399465 0.393480 0.106183 0.226592
0 0.716545 0.649611 0.101773 0.223593
0 0.790325 0.561017 0.101290 0.147919
0 0.386125 0.931868 0.169898 0.134362
2 0.752143 0.206083 0.057867 0.112841
2 0.427137 0.289828 0.078157 0.177060
2 0.456682 0.229280 0.060541 0.127902
2 0.922463 0.202500 0.070905 0.114903
0 0.665068 0.382077 0.067645 0.095908
1 0.982205 0.236638 0.034946 0.137232
1 0.850190 0.177055 0.050895 0.091380
0 0.797459 0.198902 0.029504 0.041888
0 0.594456 0.284037 0.054230 0.078352
0 0.533738 0.256722 0.041536 0.064384
1 0.922276 0.203445 0.071411 0.113235
0 0.680947 0.224464 0.039422 0.066103
2 0.850684 0.176734 0.052262 0.090862
0 0.600602 0.422441 0.073255 0.199886
0 0.629941 0.278020 0.036969 0.069126
1 0.600528 0.422298 0.073428 0.200369