0 0.080142 0.872815 0.159790 0.234565
0 0.462454 0.438021 0.077066 0.113198
2 0.451685 0.238529 0.062604 0.135222
2 0.187103 0.570881 0.140049 0.289878
0 0.567568 0.556046 0.101506 0.144030
0 0.722829 0.751013 0.137234 0.237185
2 0.783761 0.238082 0.082712 0.141187
0 0.573346 0.402769 0.064738 0.100366
0 0.520373 0.347896 0.056240 0.084203
0 0.668997 0.416107 0.061116 0.142274
0 0.558647 0.287498 0.040069 0.086557
2 0.956117 0.212090 0.077008 0.128363
1 0.605222 0.248050 0.044094 0.107411
0 0.852548 0.230258 0.042300 0.044405
0 0.722282 0.217409 0.041204 0.053377
1 0.956648 0.213636 0.077012 0.128062
0 0.680887 0.224636 0.039047 0.065276
0 0.528035 0.276178 0.032191 0.060459
2 0.471894 0.196160 0.053452 0.109588