0 0.463071 0.527295 0.092544 0.131558
0 0.375287 0.466727 0.064365 0.157499
0 0.869586 0.276822 0.047007 0.068926
0 0.935253 0.430568 0.076203 0.108595
0 0.536446 0.286899 0.047448 0.085602
0 0.817626 0.243608 0.043543 0.064294
0 0.701716 0.245821 0.038351 0.073371
4 0.012864 0.855279 0.025506 0.203292
4 0.167353 0.542704 0.028330 0.120238
0 0.477236 0.216187 0.030440 0.043887
0 0.808109 0.353474 0.068435 0.082372
0 0.969479 0.371910 0.060749 0.097912
0 0.676779 0.235578 0.022733 0.047189
0 0.521721 0.257011 0.042071 0.060595
0 0.965195 0.298706 0.049549 0.063751
0 0.786434 0.215232 0.037115 0.049782
1 0.579718 0.176269 0.035887 0.064948
3 0.012016 0.911610 0.023725 0.131807