0 0.696536 0.735383 0.132246 0.202396
0 0.471520 0.653704 0.113947 0.171039
0 0.468671 0.916920 0.167555 0.164427
0 0.114069 0.528970 0.141206 0.125167
0 0.674512 0.471615 0.089847 0.156499
0 0.517743 0.469932 0.074960 0.124797
0 0.331155 0.456991 0.090404 0.110207
1 0.893219 0.189625 0.055508 0.099354
0 0.412986 0.354981 0.053867 0.086868
0 0.521910 0.347734 0.056473 0.083867
0 0.619617 0.435871 0.066525 0.112099
1 0.859492 0.220599 0.044804 0.069195
2 0.737921 0.199754 0.070803 0.105280
0 0.528392 0.273790 0.042668 0.066803
0 0.600685 0.290268 0.044823 0.071765
0 0.825597 0.206701 0.027531 0.058154