2 0.386442 0.246332 0.062253 0.130441
0 0.851427 0.636010 0.120124 0.175239
0 0.705388 0.695658 0.118602 0.187345
0 0.435910 0.577517 0.092794 0.200341
0 0.566165 0.493892 0.089142 0.158936
0 0.195464 0.747537 0.159510 0.164745
0 0.788291 0.512963 0.088651 0.138130
0 0.672121 0.418146 0.069205 0.100923
0 0.130505 0.882908 0.259746 0.232680
0 0.519944 0.410528 0.071711 0.114648
2 0.740087 0.197743 0.064921 0.107333
0 0.640225 0.362014 0.060851 0.093647
0 0.603424 0.273511 0.044054 0.064638
2 0.130458 0.882362 0.259228 0.233754
0 0.623341 0.310666 0.049535 0.081079
0 0.506422 0.332229 0.053222 0.071983
0 0.494067 0.252692 0.039250 0.068633
1 0.815548 0.171941 0.042596 0.078297