2 0.447875 0.243522 0.065444 0.135378
2 0.168035 0.593812 0.147329 0.296381
0 0.577826 0.603215 0.110114 0.154999
0 0.043952 0.900744 0.087103 0.189810
0 0.459035 0.463742 0.081857 0.117292
0 0.567028 0.423741 0.065975 0.105683
0 0.751066 0.842470 0.151830 0.271445
0 0.518247 0.362836 0.057562 0.087792
0 0.848032 0.225796 0.041552 0.048371
2 0.947935 0.212798 0.075482 0.118494
0 0.674814 0.436143 0.065668 0.147945
2 0.470524 0.202257 0.057857 0.118396
0 0.722211 0.217240 0.039819 0.053701
1 0.607501 0.253027 0.044033 0.111572
0 0.563640 0.297139 0.042638 0.089079
2 0.779963 0.236420 0.080129 0.138944
0 0.681286 0.224304 0.039292 0.067080
2 0.576671 0.218621 0.035325 0.063523