0 0.849571 0.879994 0.151565 0.238205
0 0.720776 0.456337 0.089844 0.118769
0 0.923436 0.767924 0.131954 0.204764
2 0.896014 0.192503 0.063740 0.113943
2 0.372877 0.462652 0.132499 0.275848
2 0.416508 0.313802 0.087526 0.188626
2 0.749525 0.201449 0.053782 0.110473
2 0.967786 0.221909 0.063289 0.125951
0 0.532647 0.277876 0.045777 0.061415
0 0.600423 0.317590 0.060086 0.098213
0 0.786703 0.197251 0.024874 0.039060
1 0.611732 0.511134 0.091632 0.242684
2 0.834764 0.174111 0.049533 0.085344
0 0.680729 0.225867 0.039989 0.065504
1 0.835164 0.173957 0.049321 0.087280
0 0.637674 0.306552 0.038544 0.071520
2 0.446388 0.240946 0.065552 0.133242
0 0.613638 0.549442 0.084948 0.164481
0 0.588721 0.224920 0.036353 0.058723