2 0.456359 0.229173 0.060976 0.135877
0 0.932495 0.276778 0.047096 0.055954
0 0.220824 0.697537 0.124531 0.177591
0 0.752301 0.242456 0.040443 0.052727
0 0.597561 0.274181 0.044725 0.070050
0 0.545519 0.254639 0.041815 0.058696
0 0.723108 0.213575 0.035457 0.046404
4 0.087796 0.612098 0.031301 0.120315
0 0.680887 0.230676 0.039321 0.059760
0 0.776710 0.330096 0.067845 0.091959
2 0.514665 0.214912 0.041892 0.095096
2 0.488951 0.189129 0.041115 0.112526
0 0.854666 0.255229 0.048748 0.079306
0 0.985946 0.223793 0.027452 0.043490
0 0.903288 0.252797 0.038881 0.048575
0 0.809346 0.236926 0.040410 0.060649