0 0.703023 0.600215 0.112079 0.198604
0 0.447959 0.900712 0.153178 0.196718
0 0.492760 0.587681 0.101711 0.161295
0 0.273208 0.484621 0.119159 0.123577
0 0.392266 0.420980 0.065107 0.097752
0 0.516676 0.398896 0.065451 0.099229
1 0.891675 0.189785 0.055490 0.098321
0 0.637601 0.527158 0.085115 0.140203
0 0.752047 0.966103 0.149441 0.066731
0 0.696663 0.435685 0.075823 0.141281
0 0.524868 0.306929 0.049511 0.075108
0 0.740898 0.420644 0.055920 0.101702
0 0.607492 0.331479 0.050160 0.074453
2 0.741459 0.199555 0.063403 0.104813
0 0.467620 0.273511 0.046186 0.074155
0 0.619007 0.291342 0.045252 0.065181
0 0.587085 0.231778 0.042278 0.058270
1 0.742635 0.200328 0.059342 0.104830
0 0.849371 0.216942 0.036546 0.069213
1 0.849146 0.217371 0.037293 0.069300