2 0.254094 0.482655 0.118794 0.240379
0 0.149618 0.908578 0.298373 0.181690
0 0.256044 0.720604 0.135811 0.178289
0 0.654896 0.539896 0.097075 0.161273
2 0.808557 0.254893 0.088919 0.154446
0 0.549655 0.436950 0.074580 0.107916
0 0.479082 0.368963 0.064171 0.094950
2 0.457813 0.226233 0.057081 0.117012
0 0.524989 0.304771 0.050570 0.070315
0 0.870407 0.235940 0.034271 0.051279
0 0.596406 0.347453 0.054303 0.083201
0 0.654521 0.358122 0.049375 0.120293
1 0.976421 0.233139 0.045950 0.131190
2 0.474684 0.190468 0.049071 0.099662
0 0.680436 0.224603 0.040337 0.068418
0 0.723076 0.219352 0.038921 0.052112
1 0.599002 0.233336 0.039794 0.090476