0 0.086718 0.826699 0.172919 0.213541
2 0.438921 0.256799 0.071963 0.157925
0 0.601746 0.322195 0.054959 0.085772
0 0.975699 0.308435 0.047877 0.077415
0 0.536780 0.281085 0.048236 0.068599
0 0.904024 0.258699 0.042452 0.049778
0 0.721433 0.284733 0.050572 0.087611
4 0.105303 0.578549 0.026301 0.120738
2 0.488037 0.162743 0.049740 0.061228
0 0.744547 0.231708 0.035581 0.053713
0 0.842820 0.247571 0.049032 0.077214
2 0.496942 0.232983 0.045491 0.105985
0 0.802744 0.227826 0.035971 0.057246
0 0.674209 0.220358 0.038175 0.057855
0 0.718482 0.211079 0.031379 0.047841