2 0.955013 0.398020 0.088806 0.238124
0 0.632282 0.486498 0.081053 0.128593
2 0.410862 0.355671 0.094412 0.206953
0 0.517616 0.359068 0.059676 0.085486
2 0.480017 0.204167 0.051804 0.102407
0 0.703002 0.269682 0.042774 0.077471
0 0.823739 0.259019 0.053262 0.072434
0 0.985446 0.252806 0.028445 0.050459
0 0.529686 0.295010 0.047629 0.082797
0 0.866083 0.260048 0.041152 0.043891
0 0.606391 0.265085 0.034798 0.074355
4 0.083333 0.550826 0.026437 0.105432
0 0.726097 0.237702 0.042740 0.060414
0 0.929646 0.293864 0.056063 0.062344
0 0.786948 0.240569 0.037473 0.053984
0 0.669024 0.232275 0.036378 0.067930