2 0.417151 0.335412 0.091165 0.202716
2 0.963672 0.412870 0.071524 0.240182
0 0.623583 0.451110 0.074680 0.120774
2 0.480035 0.196900 0.052199 0.093645
0 0.870579 0.259968 0.040391 0.044351
0 0.522938 0.347969 0.057178 0.075146
0 0.706072 0.270552 0.043213 0.078339
0 0.824592 0.257794 0.053205 0.073870
0 0.934607 0.294825 0.055441 0.065500
4 0.084638 0.558444 0.023832 0.105925
0 0.987217 0.255523 0.024550 0.047598
0 0.603646 0.254762 0.033973 0.077327
0 0.726900 0.237408 0.045685 0.059516
0 0.731810 0.243385 0.036797 0.048776
0 0.788426 0.241539 0.034377 0.049923
0 0.667713 0.228799 0.036896 0.066212