2 0.418428 0.318127 0.084405 0.193054
0 0.613558 0.421355 0.068560 0.110026
0 0.526102 0.332556 0.053765 0.074908
2 0.479642 0.193308 0.050393 0.095079
0 0.940348 0.295662 0.057465 0.071200
2 0.972716 0.431634 0.053456 0.250431
0 0.874953 0.256608 0.040536 0.047704
0 0.707424 0.270964 0.045229 0.080215
0 0.825840 0.256409 0.053510 0.074237
0 0.990413 0.259011 0.018349 0.043235
0 0.667203 0.227907 0.036920 0.061489
0 0.601732 0.250301 0.032501 0.071615
0 0.516613 0.276444 0.046213 0.073227
4 0.088204 0.560323 0.028058 0.109114
1 0.575764 0.206020 0.036175 0.076894
0 0.732797 0.235693 0.033765 0.058410
0 0.725924 0.235465 0.047909 0.061823
2 0.469082 0.277979 0.031925 0.121600