2 0.120046 0.657540 0.167613 0.333009
0 0.615028 0.774142 0.138496 0.208800
0 0.452900 0.545519 0.099024 0.142949
2 0.773793 0.227787 0.066009 0.129619
0 0.555544 0.485936 0.074175 0.122157
0 0.694213 0.494620 0.075850 0.168823
2 0.440968 0.259701 0.070864 0.146746
0 0.838832 0.217122 0.038092 0.048848
0 0.576344 0.322708 0.045445 0.103075
2 0.923429 0.202483 0.074079 0.108894
0 0.515812 0.411989 0.068093 0.101798
0 0.533929 0.307848 0.045402 0.078082
0 0.719833 0.215282 0.037934 0.050652
0 0.681112 0.225277 0.038734 0.063997
0 0.533594 0.220486 0.037513 0.053925
2 0.454919 0.224164 0.063565 0.118926
1 0.614215 0.269721 0.048179 0.119006