0 0.748728 0.720597 0.111730 0.249167
2 0.391414 0.414240 0.112025 0.247628
0 0.832208 0.614924 0.110594 0.165708
2 0.751924 0.203945 0.055350 0.112949
2 0.913571 0.199185 0.066831 0.110852
0 0.680292 0.403491 0.076823 0.105207
2 0.424467 0.296275 0.081111 0.178094
0 0.595812 0.296313 0.055293 0.093686
1 0.844394 0.175824 0.052675 0.089475
2 0.454800 0.232582 0.060632 0.130967
1 0.602993 0.447676 0.079279 0.212731
2 0.975350 0.232594 0.048020 0.130459
1 0.975379 0.232211 0.047396 0.127378
0 0.632642 0.288638 0.036445 0.068840
0 0.793976 0.198413 0.027352 0.042695
0 0.533726 0.264916 0.042776 0.059798
0 0.681180 0.225345 0.038346 0.064991