0 0.672978 0.891078 0.149877 0.216159
0 0.943755 0.896539 0.111581 0.205004
0 0.507473 0.684543 0.116329 0.182680
0 0.720345 0.688938 0.115005 0.190229
0 0.335426 0.455059 0.081441 0.110402
0 0.861694 0.651502 0.121641 0.174450
0 0.694884 0.413264 0.072117 0.099098
0 0.507468 0.410009 0.068141 0.103534
1 0.891825 0.189423 0.053754 0.098187
1 0.134270 0.825820 0.172694 0.290257
0 0.395903 0.963039 0.134579 0.072664
0 0.462453 0.304885 0.054864 0.073827
0 0.624727 0.350649 0.059013 0.084862
0 0.614018 0.293336 0.054444 0.088223
2 0.737215 0.199320 0.069540 0.103924
1 0.824452 0.206444 0.031103 0.060394
1 0.937280 0.239608 0.044083 0.070503
0 0.564723 0.285489 0.047792 0.070406
0 0.937467 0.239651 0.044188 0.071294