2 0.300809 0.625771 0.187262 0.421897
0 0.611604 0.506959 0.080969 0.127989
0 0.443633 0.540192 0.095104 0.136221
2 0.410626 0.218645 0.051674 0.114352
0 0.641731 0.414207 0.068947 0.114205
2 0.738200 0.197623 0.067399 0.108048
0 0.513804 0.373738 0.053859 0.127483
4 0.338386 0.637362 0.043578 0.084414
2 0.860183 0.180771 0.053683 0.094514
2 0.820372 0.171950 0.039527 0.081721
0 0.680333 0.226333 0.040054 0.064050
0 0.433859 0.357033 0.064434 0.129226
2 0.785910 0.167530 0.046110 0.075140
0 0.608156 0.273980 0.047693 0.068122
0 0.623271 0.299247 0.046100 0.070022
1 0.434059 0.358005 0.064593 0.129100