0 0.625291 0.820580 0.147258 0.218383
0 0.452327 0.564193 0.101925 0.151051
2 0.109921 0.675095 0.173464 0.339293
2 0.921054 0.200890 0.070560 0.108518
0 0.555187 0.500586 0.080790 0.126818
2 0.438937 0.264019 0.071536 0.150514
2 0.771749 0.226209 0.068490 0.129580
0 0.698858 0.508339 0.077416 0.174782
0 0.835549 0.215762 0.041390 0.050446
0 0.534748 0.313298 0.049425 0.079996
0 0.515228 0.422430 0.069649 0.103615
0 0.580321 0.328361 0.047785 0.105919
0 0.719801 0.214827 0.036914 0.053611
2 0.477203 0.200102 0.045916 0.107082
0 0.680112 0.224952 0.039935 0.064624
2 0.455371 0.224519 0.060956 0.119529
1 0.614993 0.272994 0.049192 0.122730