2 0.423948 0.301890 0.077971 0.182392
0 0.530397 0.318445 0.051113 0.073768
0 0.609461 0.393128 0.065604 0.102190
0 0.949325 0.296412 0.058969 0.071761
2 0.482378 0.187293 0.051387 0.089252
0 0.880494 0.256015 0.042495 0.047348
0 0.024115 0.907269 0.047913 0.182074
0 0.711273 0.272163 0.046571 0.083976
0 0.829332 0.251437 0.054557 0.076126
0 0.601537 0.243032 0.031062 0.066586
0 0.739792 0.234107 0.025323 0.057982
1 0.577738 0.214477 0.033517 0.099122
0 0.514976 0.265573 0.044384 0.068712
4 0.094310 0.563845 0.029945 0.117319
1 0.984359 0.428423 0.030780 0.239543
0 0.793911 0.235706 0.033169 0.049947
0 0.668524 0.219995 0.037901 0.067649
2 0.474237 0.267601 0.038671 0.115385