2 0.377241 0.449237 0.125915 0.271338
0 0.817997 0.855109 0.137331 0.287816
0 0.899954 0.722541 0.125098 0.197164
0 0.709496 0.440069 0.085383 0.113512
2 0.901220 0.192997 0.064102 0.113476
2 0.418262 0.307994 0.085396 0.186915
2 0.749691 0.201946 0.053740 0.110858
0 0.599494 0.311003 0.059235 0.099870
1 0.836694 0.173284 0.050488 0.089935
0 0.788446 0.196251 0.025604 0.040308
1 0.900727 0.193690 0.064802 0.111436
2 0.969768 0.225052 0.059416 0.127148
0 0.635820 0.299525 0.038382 0.072389
1 0.609254 0.489482 0.088461 0.241823
0 0.609432 0.489485 0.088182 0.241923
0 0.679707 0.224678 0.041507 0.066506
0 0.533193 0.273476 0.045586 0.063166
2 0.448360 0.238161 0.066018 0.129000
1 0.970134 0.224627 0.059209 0.127726
2 0.836555 0.173378 0.050172 0.086710