0 0.113547 0.911520 0.225996 0.175422
0 0.882438 0.700007 0.130274 0.189317
0 0.156972 0.770825 0.180527 0.169106
0 0.715525 0.750531 0.126100 0.202100
0 0.568658 0.522146 0.096560 0.169837
0 0.416665 0.607275 0.100717 0.206910
2 0.384494 0.252267 0.062384 0.135372
0 0.806576 0.545955 0.096333 0.148265
0 0.679960 0.437044 0.072894 0.109596
0 0.519693 0.424210 0.070494 0.118964
2 0.739757 0.198572 0.064573 0.105891
0 0.644037 0.376737 0.062011 0.093169
0 0.604313 0.278803 0.045023 0.068343
0 0.625823 0.319905 0.051320 0.082473
0 0.500445 0.369060 0.064407 0.119756
0 0.531190 0.321294 0.049310 0.073137
0 0.429688 0.508760 0.089979 0.172229
0 0.681137 0.226103 0.038712 0.064098
1 0.813336 0.171969 0.036738 0.076201