2 0.359805 0.490124 0.138085 0.293854
2 0.409611 0.326821 0.093899 0.197414
0 0.742960 0.487088 0.096887 0.127610
0 0.949888 0.858006 0.099720 0.218557
0 0.920742 0.943283 0.156720 0.112167
0 0.532361 0.282387 0.046864 0.062394
2 0.745811 0.200957 0.059166 0.110039
0 0.603568 0.330004 0.062568 0.100676
2 0.443647 0.247216 0.066264 0.144382
2 0.886885 0.189268 0.058366 0.106564
2 0.962183 0.218043 0.074619 0.122686
0 0.680549 0.225636 0.040079 0.063573
1 0.617027 0.549819 0.097653 0.264640
0 0.641157 0.317083 0.040526 0.077349
0 0.784099 0.195752 0.022599 0.038024
2 0.828817 0.173587 0.046169 0.084525
0 0.617105 0.549964 0.097854 0.263872
0 0.589222 0.227234 0.038874 0.056657
0 0.498408 0.249346 0.035425 0.061708