2 0.148089 0.700213 0.219504 0.430869
0 0.624320 0.667163 0.129608 0.213996
0 0.358577 0.531215 0.082398 0.182399
0 0.548219 0.444958 0.072537 0.114110
0 0.497687 0.807977 0.141442 0.307132
0 0.745687 0.467210 0.078704 0.111699
0 0.518070 0.364259 0.058647 0.091180
1 0.892121 0.189292 0.052379 0.098192
0 0.691672 0.415529 0.072225 0.105894
0 0.673669 0.550530 0.093025 0.136301
0 0.415235 0.483208 0.066419 0.117335
2 0.740112 0.199112 0.063896 0.104497
0 0.608086 0.372197 0.056635 0.095212
1 0.844098 0.216353 0.032744 0.063955
4 0.178479 0.700041 0.041722 0.086081
0 0.468692 0.319399 0.048718 0.077965
4 0.117871 0.695868 0.033184 0.064017
0 0.522136 0.289279 0.045237 0.060729
2 0.769944 0.160240 0.051090 0.065414
0 0.693536 0.243603 0.032540 0.051651