0 0.662369 0.561843 0.102163 0.169437
2 0.244663 0.494601 0.120602 0.245774
0 0.235941 0.739685 0.144161 0.187245
2 0.804555 0.253272 0.086846 0.152670
0 0.550544 0.449205 0.077321 0.110868
2 0.457716 0.226960 0.057865 0.117974
0 0.133224 0.946381 0.265278 0.105938
0 0.476978 0.376601 0.065750 0.096340
0 0.524099 0.309699 0.050874 0.075165
0 0.592106 0.353581 0.055208 0.084771
0 0.867573 0.234826 0.035453 0.050288
2 0.973571 0.231569 0.051747 0.128892
0 0.656351 0.365974 0.052093 0.121649
2 0.473837 0.192480 0.049379 0.101951
0 0.723113 0.218474 0.038361 0.051024
1 0.599774 0.234716 0.039445 0.093380
0 0.550859 0.266142 0.036177 0.074678
0 0.680555 0.223459 0.041039 0.069774