2 0.160611 0.815268 0.319515 0.367254
0 0.677818 0.887518 0.134177 0.223399
2 0.392149 0.236075 0.062739 0.127431
0 0.777669 0.525245 0.101623 0.140846
0 0.468841 0.510011 0.080049 0.174730
0 0.681477 0.588364 0.098436 0.158937
0 0.654952 0.375370 0.061048 0.089876
0 0.559249 0.438610 0.081874 0.139488
2 0.739657 0.197973 0.065516 0.106816
0 0.745478 0.443069 0.080012 0.115548
0 0.517495 0.380492 0.060674 0.102599
0 0.300670 0.693133 0.093423 0.158637
0 0.427924 0.445019 0.071881 0.157458
0 0.631064 0.332036 0.059588 0.084717
2 0.825701 0.173304 0.044365 0.081899
0 0.681003 0.226200 0.039007 0.063285
2 0.792379 0.169039 0.031950 0.076650