2 0.250071 0.762875 0.245821 0.472215
2 0.836636 0.275768 0.099550 0.163844
0 0.543838 0.371807 0.062348 0.094350
0 0.623529 0.437629 0.079436 0.126554
2 0.306086 0.421684 0.108334 0.206427
0 0.351235 0.580704 0.084512 0.146512
0 0.497120 0.325247 0.056201 0.079223
2 0.466691 0.206779 0.060244 0.131189
0 0.642137 0.323512 0.044577 0.101463
0 0.603928 0.310977 0.043743 0.079996
0 0.722963 0.221556 0.040012 0.051117
0 0.527521 0.280532 0.044470 0.061865
0 0.680727 0.226813 0.040165 0.068290
0 0.765625 0.205309 0.028843 0.047481
2 0.515558 0.153649 0.037733 0.086757
0 0.795895 0.217529 0.047615 0.072025