0 0.062396 0.891184 0.123693 0.215659
2 0.450157 0.241185 0.064839 0.136262
0 0.571371 0.579179 0.105457 0.151403
2 0.177514 0.585268 0.144246 0.296508
0 0.460705 0.450292 0.078825 0.117986
0 0.570003 0.414634 0.064370 0.102248
0 0.738457 0.793445 0.147922 0.253748
0 0.519083 0.355365 0.057796 0.088491
2 0.951156 0.213642 0.075653 0.124087
2 0.781050 0.237597 0.082658 0.141068
0 0.850211 0.226593 0.041110 0.049085
0 0.561075 0.292847 0.040657 0.087302
1 0.606487 0.251369 0.043901 0.109347
0 0.671652 0.425333 0.063211 0.143304
1 0.671740 0.425709 0.063548 0.144257
0 0.721992 0.217497 0.039843 0.053351
0 0.528216 0.280233 0.032762 0.066162
2 0.472404 0.197427 0.055827 0.108074