2 0.368063 0.277515 0.073938 0.156297
0 0.056847 0.882018 0.113316 0.226464
0 0.731941 0.574971 0.097079 0.149837
0 0.934864 0.827058 0.129382 0.235617
0 0.947735 0.413137 0.072239 0.094661
0 0.582228 0.754714 0.146849 0.253306
0 0.515489 0.514702 0.087746 0.151842
0 0.673329 0.475291 0.084205 0.125725
0 0.454716 0.441946 0.073850 0.148018
0 0.529328 0.368735 0.063891 0.098172
0 0.643635 0.381803 0.065176 0.094664
2 0.970237 0.227591 0.058416 0.124856
1 0.289755 0.743554 0.145215 0.263596
0 0.628457 0.326455 0.057573 0.078667
2 0.739009 0.199868 0.067104 0.104834
1 0.422164 0.637987 0.116780 0.232934
0 0.289542 0.742814 0.145735 0.263180
1 0.970773 0.228251 0.058073 0.124275
0 0.599055 0.257657 0.041183 0.055642
0 0.680961 0.226601 0.038137 0.065635
0 0.493807 0.228443 0.034865 0.054883
2 0.783857 0.168864 0.059260 0.078125