0 0.494283 0.909517 0.156802 0.179263
0 0.423570 0.354601 0.056075 0.087575
0 0.875403 0.389462 0.076941 0.108702
0 0.771945 0.268881 0.046753 0.068492
0 0.890145 0.282191 0.054541 0.091872
0 0.842229 0.339801 0.058998 0.076021
0 0.672573 0.224962 0.035963 0.047462
0 0.977338 0.314610 0.044524 0.074919
2 0.487747 0.181783 0.048853 0.096632
0 0.738307 0.234138 0.034029 0.052935
1 0.488225 0.181088 0.048944 0.096194
0 0.552718 0.207954 0.030332 0.045567
0 0.857567 0.270954 0.032159 0.052056
0 0.828880 0.248869 0.044451 0.063978