2 0.270923 0.685214 0.225861 0.461956
0 0.628632 0.556736 0.091463 0.139396
2 0.407681 0.221978 0.054491 0.119667
0 0.507567 0.398384 0.058753 0.129577
2 0.738626 0.197878 0.067262 0.107463
4 0.319441 0.699706 0.043017 0.082208
0 0.649751 0.443192 0.073373 0.108550
0 0.425579 0.568890 0.094096 0.144150
2 0.853282 0.178610 0.055812 0.094121
2 0.810565 0.172016 0.041916 0.076788
0 0.525483 0.364139 0.061215 0.102092
0 0.628900 0.309271 0.049573 0.073670
0 0.681290 0.226227 0.039657 0.064237
0 0.439234 0.373795 0.067535 0.132045
0 0.614802 0.282097 0.055008 0.073637
0 0.540404 0.290165 0.047032 0.090030