0 0.589124 0.574885 0.100366 0.195956
0 0.539674 0.375918 0.058405 0.092244
0 0.222913 0.913647 0.138636 0.171262
0 0.695663 0.255316 0.043252 0.060563
4 0.048105 0.725937 0.040954 0.149508
0 0.956531 0.496108 0.086289 0.124840
0 0.780552 0.334695 0.059807 0.080396
0 0.907865 0.308624 0.058338 0.081248
0 0.966970 0.361471 0.064089 0.085217
0 0.978993 0.393569 0.041317 0.117380
0 0.864719 0.276720 0.046644 0.065480
3 0.048456 0.771193 0.036519 0.118159
0 0.984221 0.221580 0.030666 0.051041
0 0.811311 0.230013 0.037143 0.053900
0 0.478276 0.248034 0.038939 0.062204
0 0.839749 0.260685 0.039747 0.059861
1 0.491967 0.173006 0.046050 0.084267
0 0.954757 0.292068 0.042202 0.052809