0 0.195567 0.511781 0.128851 0.120432
0 0.767759 0.532890 0.103638 0.138455
0 0.501801 0.523118 0.084557 0.137654
0 0.649432 0.435353 0.074529 0.114389
0 0.039530 0.876146 0.077944 0.246413
0 0.791413 0.932498 0.168520 0.133210
0 0.511749 0.421580 0.066468 0.097221
0 0.457202 0.272151 0.044083 0.065582
2 0.738242 0.199893 0.069798 0.104911
0 0.408636 0.357625 0.064610 0.090168
1 0.891991 0.190068 0.055945 0.097594
0 0.632386 0.345176 0.061144 0.099283
0 0.528411 0.281501 0.043701 0.064119
0 0.487395 0.967493 0.138500 0.063760
0 0.523071 0.354800 0.056171 0.091069
0 0.909219 0.232863 0.046521 0.066816
0 0.584829 0.326377 0.049150 0.084570
0 0.825858 0.208283 0.029040 0.059285
1 0.910133 0.231900 0.047113 0.068195
0 0.597085 0.323426 0.074831 0.090373