2 0.276253 0.474020 0.127213 0.284052
0 0.513462 0.746788 0.129091 0.205476
0 0.937488 0.849847 0.124154 0.219823
0 0.514794 0.542122 0.088556 0.168724
0 0.646315 0.395063 0.063248 0.094313
0 0.428930 0.382819 0.056660 0.129901
0 0.278270 0.942696 0.165335 0.113428
0 0.796691 0.955314 0.160588 0.087536
0 0.526772 0.337152 0.054302 0.085199
2 0.745987 0.200160 0.054452 0.107543
0 0.710148 0.262252 0.036522 0.057366
1 0.895061 0.189706 0.054988 0.100097
0 0.514486 0.456952 0.091688 0.118818
0 0.880584 0.238036 0.036031 0.069415
0 0.504902 0.271468 0.041797 0.060652
1 0.985692 0.218578 0.027728 0.074465
0 0.632791 0.335532 0.059856 0.095211
0 0.559182 0.283024 0.047762 0.073100
0 0.680402 0.225306 0.036414 0.064602
0 0.598072 0.291475 0.040897 0.078490
2 0.779021 0.161609 0.038854 0.064756