0 0.725466 0.472550 0.084122 0.119813
0 0.022473 0.225706 0.042166 0.072648
0 0.048191 0.345756 0.068467 0.121237
0 0.021895 0.472946 0.043629 0.116164
0 0.525362 0.162269 0.038762 0.052648
0 0.455692 0.146642 0.034486 0.049278
0 0.270105 0.084969 0.024446 0.037776
0 0.670680 0.534049 0.100617 0.136097
4 0.809904 0.575957 0.032040 0.111027
0 0.585519 0.283123 0.056992 0.088912
0 0.418465 0.152698 0.035673 0.060321
1 0.614632 0.432006 0.094132 0.164139
0 0.613192 0.337144 0.066098 0.088099
4 0.831833 0.544045 0.027836 0.105499
0 0.904857 0.515593 0.107977 0.129417
4 0.900486 0.579857 0.042262 0.138570
3 0.806642 0.614480 0.035287 0.088893
0 0.006524 0.125313 0.013048 0.039123
0 0.608279 0.234285 0.047499 0.072612
3 0.909290 0.638695 0.048481 0.117644
1 0.904345 0.516198 0.111069 0.133100
1 0.193571 0.077772 0.036833 0.082978
4 0.899550 0.547837 0.035380 0.075199
2 0.193908 0.077208 0.036330 0.081864
0 0.695521 0.327140 0.075167 0.107348
1 0.694649 0.319699 0.074556 0.124510
3 0.831814 0.586635 0.021561 0.064632