0 0.378117 0.728259 0.219099 0.179727
0 0.178936 0.526134 0.119106 0.173693
0 0.682126 0.418023 0.066914 0.106750
0 0.670407 0.534817 0.100030 0.137836
0 0.545825 0.176802 0.039104 0.059128
0 0.554068 0.275332 0.052556 0.075893
0 0.280563 0.140042 0.032233 0.055136
0 0.577459 0.376112 0.058215 0.102739
0 0.025556 0.353097 0.050669 0.097024
0 0.473580 0.117910 0.029104 0.043404
3 0.792897 0.580759 0.038722 0.084444
0 0.426204 0.113353 0.027893 0.043493
0 0.534142 0.225804 0.046661 0.066382
0 0.022076 0.182550 0.034613 0.052025
3 0.867337 0.603347 0.038847 0.096418
0 0.608819 0.157901 0.044342 0.042791
0 0.614953 0.435600 0.091876 0.158959
4 0.869701 0.552335 0.038977 0.132515
0 0.902924 0.517191 0.112931 0.133863
1 0.628851 0.262647 0.062632 0.103940
1 0.186640 0.110090 0.047674 0.111452
1 0.614794 0.434749 0.091328 0.160841
4 0.874554 0.545856 0.030729 0.118980
4 0.793361 0.533394 0.032733 0.084237