0 0.740697 0.491029 0.088025 0.122611
0 0.671077 0.534052 0.100822 0.138157
0 0.555697 0.190021 0.041891 0.058513
0 0.474483 0.165853 0.037199 0.054719
0 0.023148 0.179651 0.034883 0.060827
0 0.266793 0.061661 0.021444 0.030551
1 0.755247 0.785653 0.297935 0.211094
3 0.923921 0.668953 0.046795 0.090043
0 0.907405 0.522296 0.113448 0.134706
3 0.813558 0.623897 0.035795 0.088192
0 0.437595 0.182070 0.039947 0.062525
0 0.648317 0.375888 0.074244 0.105374
0 0.978766 0.951549 0.041832 0.094784
0 0.023252 0.274084 0.046017 0.095704
4 0.817758 0.584081 0.034375 0.114417
0 0.614403 0.309813 0.062877 0.080927
0 0.727520 0.365376 0.081465 0.102750
1 0.612058 0.431910 0.096758 0.166000
0 0.236437 0.132087 0.033161 0.069254
4 0.845381 0.566124 0.027292 0.110190
1 0.197518 0.059405 0.031959 0.079265
4 0.909158 0.577784 0.033566 0.126088
0 0.638306 0.260348 0.052388 0.083302
4 0.878078 0.542517 0.028411 0.105335
3 0.845517 0.602774 0.024889 0.069452