0 0.761719 0.316204 0.053646 0.073148
0 0.539844 0.403704 0.064062 0.096296
0 0.918229 0.447222 0.079167 0.112963
0 0.973698 0.376852 0.051562 0.116667
4 0.024479 0.769444 0.047917 0.185185
0 0.691406 0.250463 0.041146 0.056481
0 0.605469 0.662037 0.116146 0.231481
0 0.472917 0.260648 0.040625 0.054630
0 0.945573 0.347222 0.051562 0.083333
0 0.186719 0.968519 0.117188 0.061111
0 0.852604 0.268519 0.043750 0.059259
0 0.832292 0.256944 0.043750 0.058333
0 0.842969 0.257870 0.064062 0.062037
0 0.986458 0.218981 0.025000 0.052778
0 0.909896 0.292130 0.087500 0.080556
0 0.667969 0.211111 0.030729 0.050000
0 0.538542 0.195833 0.039583 0.041667
1 0.488542 0.173148 0.044792 0.083333
