0 0.612760 0.423611 0.066146 0.104630
1 0.416667 0.317593 0.082292 0.194444
0 0.938281 0.295833 0.056771 0.069444
4 0.085417 0.557870 0.027083 0.119444
0 0.523177 0.333333 0.054688 0.072222
1 0.971094 0.424074 0.056771 0.255556
0 0.705990 0.268519 0.043229 0.081481
0 0.825521 0.249537 0.053125 0.078704
1 0.477344 0.185185 0.052604 0.081481
0 0.988802 0.253704 0.021354 0.048148
0 0.872656 0.255093 0.039062 0.045370
0 0.665885 0.232407 0.036979 0.051852
0 0.517708 0.271296 0.047917 0.068519
0 0.735677 0.243056 0.026562 0.041667
0 0.465104 0.292593 0.030208 0.090741
