0 0.221616 0.673389 0.109512 0.118505
2 0.596997 0.495472 0.077225 0.194907
0 0.193406 0.823366 0.137480 0.177550
0 0.293511 0.587771 0.077958 0.096136
0 0.681728 0.526843 0.052603 0.080085
0 0.751643 0.556423 0.077802 0.107006
4 0.742292 0.673085 0.021947 0.080226
0 0.443867 0.482516 0.029043 0.055392
0 0.338090 0.522102 0.059710 0.069690
0 0.827140 0.744465 0.120658 0.174404
0 0.829448 0.657652 0.115818 0.148921
0 0.372188 0.480294 0.042502 0.050208
0 0.480502 0.411790 0.019442 0.036536
0 0.498589 0.433081 0.020177 0.041282
0 0.648782 0.479419 0.031815 0.060600
0 0.922814 0.910081 0.152200 0.175373
4 0.023628 0.941600 0.046453 0.106735
0 0.393775 0.451713 0.031330 0.038202
4 0.635017 0.722922 0.026884 0.061745
0 0.411811 0.423267 0.029910 0.040458
3 0.633461 0.771249 0.026269 0.077383
1 0.957233 0.821049 0.084459 0.197982
4 0.717620 0.590241 0.017450 0.075807
4 0.634768 0.737334 0.027573 0.090704