0 0.113523 0.664060 0.177877 0.176860
0 0.852938 0.631511 0.096655 0.151649
0 0.544785 0.697433 0.189009 0.253613
3 0.314824 0.764424 0.105538 0.245693
0 0.492101 0.645718 0.120936 0.185831
3 0.665729 0.831350 0.094616 0.311883
4 0.667017 0.723319 0.102274 0.333580
0 0.381362 0.625722 0.047885 0.090362
4 0.318143 0.678591 0.080306 0.238792
1 0.955550 0.624249 0.088267 0.382088
3 0.759382 0.694858 0.045959 0.123639
0 0.208048 0.621624 0.054249 0.076352
0 0.787682 0.617707 0.040190 0.070190
2 0.955257 0.624224 0.088426 0.382478
1 0.450931 0.575126 0.103897 0.219762
4 0.711831 0.666786 0.044269 0.210066
4 0.760325 0.627674 0.052704 0.114276
4 0.711996 0.633094 0.043184 0.141166
0 0.048786 0.597318 0.097227 0.066367
1 0.472073 0.551674 0.145785 0.260343
0 0.730774 0.597428 0.039322 0.066929