0 0.587879 0.614626 0.087680 0.130443
0 0.473136 0.608996 0.059343 0.085991
4 0.931863 0.634436 0.056833 0.179770
0 0.529826 0.605741 0.073998 0.124404
3 0.709573 0.650376 0.034744 0.087411
0 0.393806 0.613537 0.095068 0.107309
3 0.763580 0.648244 0.042755 0.097619
1 0.903898 0.567390 0.071177 0.145631
3 0.643350 0.650948 0.038673 0.087375
0 0.054167 0.620749 0.062681 0.059445
0 0.160499 0.617052 0.073749 0.060514
4 0.839391 0.624517 0.039539 0.138579
4 0.642516 0.624837 0.034701 0.131452
0 0.685825 0.586459 0.039579 0.059710
0 0.734372 0.607811 0.048924 0.099676
4 0.667272 0.605950 0.027470 0.102294
3 0.844628 0.646627 0.054942 0.102162
3 0.809525 0.637378 0.037242 0.103821
3 0.980930 0.654032 0.036572 0.088849
4 0.810132 0.614674 0.035888 0.119952
4 0.980513 0.623595 0.037171 0.123666
4 0.711333 0.600289 0.031123 0.083027
3 0.863127 0.648252 0.027652 0.095050
4 0.768563 0.613392 0.046153 0.112544