0 0.490833 0.700562 0.202858 0.299562
0 0.072592 0.667360 0.144902 0.190332
0 0.850521 0.634186 0.104901 0.165503
3 0.197154 0.795051 0.139463 0.317572
4 0.620239 0.763394 0.121713 0.421500
0 0.254921 0.615201 0.060191 0.065860
3 0.619126 0.839530 0.119553 0.315795
4 0.685556 0.664632 0.061063 0.222150
4 0.199055 0.707545 0.107582 0.296368
3 0.737681 0.699372 0.060890 0.154960
0 0.357676 0.631934 0.066506 0.106472
0 0.111326 0.608659 0.122637 0.094317
2 0.959774 0.626009 0.079330 0.413824
1 0.959397 0.628047 0.080109 0.417931
2 0.457354 0.534993 0.154288 0.246617
4 0.746515 0.649095 0.065479 0.176026
3 0.679533 0.741157 0.052991 0.192522
4 0.748566 0.621203 0.062932 0.117567
0 0.772961 0.625700 0.043474 0.099416