0 0.344265 0.643651 0.112907 0.123075
0 0.517984 0.634230 0.095895 0.123671
0 0.465554 0.634523 0.045209 0.090243
0 0.102488 0.642833 0.134843 0.096166
4 0.710988 0.649208 0.041280 0.147018
3 0.767214 0.694705 0.038550 0.117146
3 0.658182 0.683934 0.035296 0.100741
4 0.827097 0.646001 0.046492 0.139305
4 0.769814 0.657673 0.044306 0.162962
3 0.598486 0.687383 0.042087 0.104644
3 0.899712 0.681723 0.043203 0.111805
3 0.709785 0.691193 0.036491 0.095779
4 0.596830 0.649312 0.040628 0.153765
3 0.952508 0.702930 0.030556 0.108949
4 0.957584 0.648193 0.040843 0.125854
0 0.802625 0.603254 0.035032 0.049838
3 0.826472 0.680481 0.041847 0.078653
3 0.954789 0.698644 0.047871 0.117110
0 0.179958 0.639035 0.063757 0.072082
0 0.741753 0.616793 0.040316 0.050622
1 0.913195 0.569584 0.077814 0.116678
0 0.265251 0.636458 0.050243 0.054937