2 0.418192 0.481322 0.083749 0.169935
0 0.460572 0.619384 0.054529 0.101152
0 0.220856 0.670278 0.109686 0.116906
0 0.291747 0.580960 0.079568 0.091734
0 0.338569 0.518769 0.059057 0.074197
0 0.489031 0.515343 0.031962 0.073098
0 0.184627 0.822158 0.119877 0.176420
0 0.681597 0.521313 0.052199 0.080048
0 0.594228 0.596042 0.047496 0.111900
0 0.652991 0.931098 0.099669 0.137805
0 0.750579 0.542473 0.074210 0.094265
0 0.566307 0.502232 0.027938 0.069659
0 0.749200 0.744030 0.106490 0.189727
0 0.831077 0.644207 0.104626 0.138306
1 0.858086 0.795079 0.136478 0.216069
3 0.383050 0.771136 0.029044 0.082807
0 0.857797 0.794719 0.137705 0.217798
3 0.331232 0.768589 0.037564 0.112211
3 0.252222 0.826351 0.052088 0.113278
0 0.689495 0.781319 0.102157 0.240133
0 0.561345 0.433213 0.029990 0.054503
0 0.645008 0.468562 0.032512 0.064212
0 0.987202 0.876386 0.025007 0.151928
0 0.639459 0.550935 0.041022 0.096912
3 0.332405 0.782548 0.033764 0.089540
0 0.954699 0.790539 0.090010 0.162243
1 0.689783 0.780700 0.101222 0.237913
0 0.585792 0.403300 0.022244 0.039375
0 0.780555 0.653517 0.104665 0.136112
0 0.368536 0.475170 0.040191 0.054889