0 0.130889 0.820485 0.184539 0.284536
0 0.091321 0.672311 0.144991 0.185700
0 0.789244 0.831758 0.201423 0.301740
0 0.336921 0.721567 0.117085 0.215483
0 0.441865 0.778130 0.080663 0.218084
0 0.177154 0.454325 0.084370 0.063012
0 0.418112 0.486883 0.039111 0.081274
0 0.279054 0.490614 0.055250 0.097673
0 0.318220 0.507773 0.052494 0.091981
0 0.386687 0.384094 0.030538 0.050394
0 0.353419 0.392178 0.031776 0.052861
0 0.040974 0.490243 0.079718 0.067020
4 0.987343 0.834907 0.024669 0.095195
0 0.588703 0.475848 0.047817 0.101521
0 0.877754 0.790254 0.087890 0.100378
4 0.022525 0.624512 0.029305 0.089982
4 0.652451 0.592211 0.020894 0.051096
1 0.588159 0.475876 0.047672 0.100733
3 0.296422 0.590668 0.030955 0.082380