0 0.472840 0.637967 0.049010 0.090681
0 0.360945 0.644190 0.107010 0.118853
0 0.522543 0.637751 0.084675 0.120951
3 0.786910 0.690563 0.042488 0.114145
0 0.582366 0.645405 0.065931 0.126096
3 0.907631 0.682679 0.041595 0.106911
3 0.615246 0.685046 0.039724 0.098716
4 0.677222 0.643772 0.049932 0.123830
3 0.959572 0.695552 0.036842 0.107572
4 0.726186 0.646160 0.042974 0.141406
3 0.671449 0.681277 0.033227 0.102208
4 0.785975 0.658600 0.049664 0.153278
4 0.825258 0.648241 0.036392 0.139726
3 0.725535 0.686023 0.041099 0.101079
0 0.078981 0.646920 0.102526 0.091911
4 0.911247 0.633612 0.042475 0.102349
1 0.912126 0.570298 0.076634 0.109512
4 0.618721 0.647683 0.048740 0.144656
4 0.958756 0.643433 0.043738 0.107588
3 0.878714 0.678533 0.032876 0.097094