2 0.737093 0.853652 0.248849 0.281879
0 0.422164 0.896856 0.123990 0.204383
0 0.294771 0.552595 0.078965 0.092745
0 0.225877 0.643336 0.110044 0.125381
0 0.830374 0.609614 0.106940 0.129382
0 0.477185 0.628803 0.048747 0.114869
0 0.375984 0.711307 0.101341 0.191124
0 0.171167 0.933933 0.160625 0.121845
0 0.757708 0.607385 0.079317 0.131732
0 0.584727 0.537220 0.046955 0.108505
0 0.640739 0.526038 0.046451 0.101266
0 0.683630 0.491232 0.052964 0.080463
0 0.752476 0.507175 0.076355 0.084309
0 0.491094 0.462120 0.026497 0.059720
0 0.956507 0.755428 0.086439 0.150159
0 0.449183 0.478264 0.035850 0.066364
0 0.611034 0.427946 0.027780 0.057456
0 0.405370 0.486694 0.042205 0.073505
0 0.572606 0.451735 0.027996 0.060329
0 0.985060 0.844335 0.029428 0.150617
0 0.288102 0.751058 0.101272 0.170377
4 0.878866 0.947134 0.049370 0.092281
0 0.853698 0.760304 0.140296 0.204640
1 0.853579 0.760459 0.139432 0.206183
1 0.288363 0.750942 0.101368 0.170505
0 0.339784 0.488277 0.057324 0.068572
2 0.503603 0.390206 0.025807 0.081931
0 0.647507 0.441891 0.031127 0.065010