0 0.220514 0.670807 0.110637 0.115766
0 0.408631 0.660271 0.066179 0.120945
0 0.612782 0.647195 0.066167 0.159999
0 0.192842 0.821024 0.138177 0.180750
0 0.290885 0.585643 0.079343 0.093955
0 0.465338 0.540217 0.037698 0.072590
0 0.681312 0.522304 0.055593 0.079615
0 0.478575 0.626728 0.045903 0.103984
0 0.750343 0.546257 0.075736 0.097053
0 0.621424 0.522310 0.040243 0.078059
0 0.387672 0.558184 0.049650 0.091308
0 0.215676 0.980921 0.091557 0.037537
3 0.773649 0.856414 0.046495 0.128868
1 0.854900 0.798568 0.141466 0.214535
0 0.795446 0.659726 0.134671 0.141355
0 0.337854 0.519571 0.057522 0.074272
0 0.830032 0.647171 0.106604 0.139724
4 0.102983 0.871667 0.028644 0.116453
4 0.767580 0.797279 0.041904 0.093220
0 0.572851 0.503817 0.036704 0.082360
0 0.954971 0.789457 0.089861 0.151900
1 0.954326 0.790692 0.090283 0.156410
2 0.495444 0.488100 0.030734 0.068736
0 0.391903 0.446454 0.030735 0.036558
1 0.644853 0.472095 0.035768 0.064867
0 0.369626 0.473571 0.040713 0.051692
0 0.551563 0.426717 0.019059 0.039971