3 0.741323 0.842413 0.080401 0.306654
1 0.936717 0.603634 0.118348 0.279215
3 0.264414 0.822455 0.126998 0.319809
4 0.044286 0.771634 0.087958 0.444786
3 0.664528 0.770499 0.069156 0.241751
4 0.426761 0.721782 0.106051 0.363692
4 0.120105 0.787461 0.150387 0.412074
0 0.156517 0.618209 0.110249 0.083309
3 0.417160 0.842243 0.108421 0.308345
4 0.753384 0.730999 0.099882 0.341339
0 0.629641 0.617963 0.057553 0.118672
4 0.271543 0.718802 0.105650 0.332360
3 0.566399 0.666500 0.050477 0.134445
0 0.856927 0.610310 0.049524 0.113821
4 0.671650 0.689994 0.083390 0.280964
1 0.520798 0.572720 0.087756 0.177043
4 0.566782 0.641902 0.049636 0.169644
4 0.676146 0.638052 0.076571 0.175453
0 0.228729 0.649745 0.055350 0.095429
0 0.328896 0.627887 0.124683 0.188787
0 0.207888 0.610827 0.058211 0.083542