0 0.220403 0.672005 0.110353 0.114301
0 0.193120 0.821281 0.137543 0.179765
0 0.460044 0.592487 0.046387 0.090329
0 0.377971 0.770581 0.089427 0.163440
0 0.290854 0.584230 0.080033 0.092020
0 0.363436 0.618824 0.064805 0.115631
0 0.464083 0.738299 0.060819 0.142802
0 0.681167 0.521795 0.055167 0.078616
0 0.489501 0.521168 0.034807 0.078864
0 0.750412 0.546428 0.075150 0.097247
0 0.596127 0.580019 0.051579 0.120627
0 0.611648 0.492686 0.031227 0.064971
3 0.720533 0.733183 0.031973 0.094090
0 0.954897 0.793770 0.089947 0.164003
0 0.987448 0.888086 0.024608 0.176384
0 0.792485 0.948309 0.120766 0.103381
0 0.830237 0.646153 0.106654 0.139163
0 0.568141 0.480213 0.032121 0.068192
0 0.790343 0.658666 0.124852 0.140390
0 0.337735 0.518855 0.057287 0.073649
1 0.855323 0.798561 0.140841 0.214301
0 0.855470 0.797973 0.141768 0.217233
0 0.505701 0.402928 0.016810 0.033642
4 0.719841 0.699918 0.032005 0.090621
4 0.013797 0.917358 0.027193 0.062449
0 0.022931 0.969665 0.045862 0.058515
0 0.643242 0.471509 0.034995 0.066108