0 0.438268 0.869379 0.098905 0.257579
0 0.224282 0.658038 0.110191 0.126048
0 0.226230 0.885585 0.145993 0.224614
1 0.854903 0.774834 0.138894 0.209315
0 0.293646 0.566707 0.078090 0.092038
0 0.715267 0.651320 0.082175 0.147819
0 0.462533 0.516713 0.042772 0.100561
0 0.752106 0.520829 0.075432 0.083118
0 0.681821 0.503853 0.051894 0.082319
0 0.339428 0.502624 0.056979 0.070630
0 0.632232 0.572660 0.051643 0.112819
0 0.608570 0.485636 0.034843 0.074087
0 0.762057 0.620829 0.078049 0.129766
0 0.391899 0.527234 0.046203 0.084662
0 0.830814 0.629487 0.106439 0.147411
1 0.956409 0.767538 0.086132 0.153175
0 0.641811 0.880117 0.090321 0.198802
0 0.370922 0.458067 0.041122 0.051319
0 0.956496 0.766757 0.086359 0.147393
0 0.986053 0.856151 0.027393 0.156954
0 0.422442 0.460161 0.033369 0.066960
0 0.577965 0.425532 0.023073 0.049806
0 0.560673 0.455245 0.026503 0.065739
0 0.464440 0.441772 0.030533 0.062639
0 0.501089 0.458625 0.026819 0.057174