0 0.463087 0.667450 0.062559 0.121332
0 0.292905 0.588741 0.078608 0.089817
0 0.221018 0.679132 0.111983 0.129517
0 0.829176 0.662237 0.112697 0.149051
0 0.760063 0.659285 0.085336 0.147581
0 0.322652 0.834484 0.138969 0.256431
0 0.338694 0.524721 0.057444 0.072030
0 0.899705 0.858236 0.164459 0.240336
0 0.591548 0.474750 0.029764 0.060434
0 0.748753 0.553870 0.085009 0.089392
0 0.459661 0.438248 0.027079 0.042831
0 0.370842 0.485655 0.042595 0.058744
0 0.514338 0.352088 0.016424 0.025101
0 0.393785 0.455695 0.031949 0.038587
0 0.691725 0.491573 0.027729 0.041568
0 0.413261 0.425104 0.031639 0.041297
0 0.483462 0.378319 0.017136 0.034704