2 0.392185 0.539923 0.114474 0.228858
0 0.220865 0.672259 0.110154 0.121973
0 0.613274 0.755210 0.072294 0.201363
0 0.291722 0.581494 0.077359 0.091671
0 0.181544 0.832579 0.129419 0.184297
0 0.426847 0.785951 0.086691 0.200404
0 0.641005 0.635777 0.064191 0.155019
0 0.681187 0.520671 0.053661 0.081932
0 0.479759 0.585546 0.040662 0.095565
0 0.581941 0.537038 0.036371 0.081433
0 0.707469 0.668818 0.080839 0.149979
0 0.750531 0.540632 0.074074 0.090689
0 0.238281 0.966694 0.069638 0.066612
0 0.830092 0.643755 0.105636 0.138401
1 0.854854 0.795532 0.141907 0.214654
0 0.625147 0.518772 0.035813 0.071804
1 0.922065 0.663581 0.096904 0.106969
0 0.155031 0.957046 0.092067 0.085003
0 0.987099 0.876181 0.025214 0.152354
0 0.954486 0.790056 0.090372 0.160992
0 0.259178 0.782880 0.053098 0.119102
2 0.497317 0.457383 0.024714 0.078431
1 0.645537 0.469270 0.031257 0.066657
0 0.368337 0.470678 0.039584 0.046170