2 0.728662 0.877749 0.227059 0.236214
0 0.222373 0.672716 0.109698 0.117892
0 0.293426 0.587327 0.078965 0.095156
0 0.752253 0.557494 0.076173 0.106266
0 0.426746 0.611526 0.062918 0.108493
0 0.595246 0.663224 0.057496 0.162313
0 0.850688 0.780399 0.136409 0.198973
0 0.340967 0.522730 0.057859 0.071740
0 0.193352 0.823040 0.136239 0.179661
0 0.680567 0.517023 0.049370 0.060111
0 0.433142 0.478784 0.029910 0.062774
0 0.393453 0.451737 0.031807 0.039009
0 0.687966 0.542445 0.045674 0.061414
0 0.956812 0.801207 0.086376 0.157144
0 0.494312 0.388017 0.018761 0.035418
0 0.645886 0.477366 0.033972 0.066259
0 0.372384 0.476149 0.041875 0.045979
0 0.824868 0.650124 0.103849 0.131617
0 0.579092 0.397567 0.016517 0.029652
0 0.989680 0.891262 0.019864 0.147447
0 0.682037 0.528354 0.051773 0.078688
0 0.416254 0.417889 0.035244 0.041869