0 0.322935 0.754760 0.118850 0.221008
0 0.034376 0.857429 0.068032 0.181485
0 0.449044 0.577365 0.056660 0.120724
0 0.252733 0.542746 0.072165 0.102546
0 0.732849 0.723627 0.122857 0.197314
0 0.322756 0.505291 0.068269 0.102309
0 0.263382 0.460247 0.062208 0.072887
0 0.608267 0.510388 0.054426 0.124258
0 0.137216 0.627084 0.110760 0.155177
0 0.430316 0.486652 0.047515 0.084208
1 0.600006 0.653862 0.054156 0.159708
4 0.965560 0.784134 0.036244 0.097298
3 0.283730 0.623457 0.032344 0.079754
3 0.126345 0.930518 0.080812 0.137153
0 0.339971 0.412017 0.035968 0.066861
0 0.878750 0.798953 0.086258 0.087025
0 0.479966 0.482478 0.033150 0.061348
1 0.465358 0.774342 0.154260 0.441245
2 0.465577 0.774067 0.153197 0.442205
4 0.016755 0.629414 0.025270 0.074182
0 0.599885 0.653880 0.053090 0.159531
3 0.148727 0.463038 0.032946 0.036085
3 0.204914 0.763831 0.052447 0.108452
0 0.446566 0.408568 0.029227 0.060803
3 0.118537 0.949228 0.063265 0.101417
0 0.559661 0.401606 0.039676 0.064743
0 0.279973 0.398086 0.040200 0.048295
1 0.446891 0.408785 0.030092 0.061060