0 0.586801 0.679066 0.159768 0.230142
0 0.180159 0.652197 0.139067 0.156372
0 0.856766 0.628944 0.089086 0.144924
3 0.700227 0.784187 0.080883 0.262699
0 0.039778 0.690847 0.078687 0.304881
0 0.502672 0.644792 0.095880 0.167337
3 0.393896 0.741070 0.079172 0.188873
4 0.703740 0.686372 0.086863 0.263983
1 0.950970 0.622907 0.097393 0.353530
3 0.773190 0.680920 0.045125 0.116093
3 0.099367 0.692190 0.052255 0.144310
4 0.398678 0.682617 0.057968 0.200327
0 0.317837 0.618716 0.063058 0.065083
4 0.097217 0.609137 0.041842 0.084729
4 0.734858 0.611608 0.036370 0.100340
1 0.486829 0.552537 0.136115 0.253519
2 0.950427 0.624636 0.098127 0.356923
0 0.261524 0.625455 0.041049 0.052903
2 0.486967 0.553391 0.136987 0.253101
4 0.774236 0.646138 0.048812 0.152226