2 0.200901 0.879539 0.275426 0.229678
0 0.220478 0.671553 0.110883 0.125171
0 0.290914 0.579143 0.078115 0.090998
0 0.416652 0.930573 0.096001 0.136134
0 0.743121 0.858192 0.146957 0.276707
0 0.337051 0.515792 0.058088 0.071317
0 0.630801 0.609585 0.056925 0.122539
0 0.466578 0.505786 0.034364 0.066122
0 0.749906 0.536461 0.074032 0.086844
4 0.021593 0.941358 0.043186 0.115058
0 0.680412 0.517985 0.053708 0.079420
0 0.579414 0.533623 0.042263 0.096806
1 0.853862 0.791123 0.141426 0.212152
0 0.762247 0.636399 0.083945 0.131664
0 0.369479 0.469871 0.041700 0.053441
0 0.828722 0.642000 0.108331 0.139233
0 0.465908 0.695085 0.050705 0.132319
0 0.468289 0.440427 0.025442 0.046695
0 0.986656 0.872863 0.026077 0.152492
0 0.624758 0.487736 0.033402 0.088849
1 0.953648 0.783379 0.091454 0.151172
0 0.605387 0.448320 0.024177 0.044601