0 0.457010 0.677005 0.295595 0.362540
4 0.155061 0.756858 0.309653 0.475801
0 0.775932 0.589778 0.126629 0.204843
3 0.645034 0.833767 0.195844 0.324309
0 0.146779 0.652966 0.293450 0.438807
0 0.705239 0.536061 0.052650 0.108281
0 0.286955 0.545851 0.096286 0.148712
0 0.620635 0.542085 0.110912 0.159054
4 0.645314 0.726137 0.194504 0.506110
0 0.347244 0.537571 0.053258 0.117885
0 0.517226 0.484829 0.079651 0.035932
3 0.880456 0.569936 0.034566 0.091421
4 0.878718 0.528208 0.034234 0.094346
0 0.264663 0.609858 0.063235 0.246501
3 0.933524 0.521654 0.018376 0.065041