0 0.653062 0.884573 0.112280 0.224677
0 0.344847 0.644430 0.074682 0.110798
0 0.221840 0.668164 0.110435 0.122800
0 0.588830 0.603092 0.054246 0.118971
0 0.475212 0.622247 0.049501 0.106178
0 0.380211 0.716044 0.081801 0.143875
0 0.337752 0.512478 0.057225 0.070283
0 0.290715 0.576464 0.080250 0.092496
1 0.852440 0.787129 0.138887 0.209109
0 0.749713 0.532104 0.075711 0.087098
0 0.758295 0.629788 0.079827 0.129973
0 0.681754 0.514030 0.056087 0.081824
0 0.828848 0.638125 0.106641 0.139976
0 0.371083 0.469373 0.044303 0.054474
0 0.412603 0.491309 0.036635 0.064796
0 0.449459 0.481629 0.038554 0.074838
0 0.610502 0.514693 0.042436 0.074956
4 0.024848 0.940847 0.048917 0.117660
0 0.655389 0.628096 0.065993 0.131607
1 0.954710 0.777371 0.089569 0.159717
0 0.985381 0.867683 0.028700 0.149385
0 0.580564 0.443044 0.027291 0.056665