0 0.458830 0.588188 0.054060 0.121395
0 0.682386 0.502357 0.053230 0.079752
0 0.224125 0.655930 0.109491 0.125784
0 0.294786 0.565047 0.078432 0.092633
1 0.854748 0.775172 0.138668 0.214811
0 0.351118 0.612633 0.066613 0.106099
0 0.455664 0.474831 0.038247 0.075217
0 0.831126 0.628557 0.106461 0.144142
0 0.673859 0.570146 0.060895 0.106952
0 0.752150 0.519309 0.074988 0.084720
0 0.400946 0.514871 0.043204 0.082436
2 0.670883 0.898126 0.110308 0.200235
0 0.554167 0.415386 0.021842 0.051844
0 0.592511 0.562735 0.049134 0.124162
0 0.498924 0.485299 0.028072 0.059053
0 0.760556 0.620605 0.082418 0.128902
0 0.338531 0.500570 0.058417 0.071910
1 0.953239 0.813979 0.092898 0.251047
0 0.473970 0.404198 0.021959 0.041022
0 0.613717 0.494202 0.032987 0.079055
1 0.760391 0.617690 0.082050 0.129582
0 0.985775 0.855450 0.027457 0.153991