2 0.628162 0.613978 0.124782 0.331174
0 0.222292 0.672553 0.109986 0.117423
0 0.192842 0.821794 0.139347 0.177829
0 0.752207 0.556228 0.076699 0.107262
0 0.345911 0.716014 0.080963 0.134859
0 0.292799 0.587116 0.078845 0.096192
0 0.681337 0.527669 0.050673 0.079646
0 0.456508 0.432608 0.021278 0.040414
0 0.829475 0.657853 0.115309 0.151088
0 0.930886 0.929191 0.137886 0.138010
0 0.831268 0.755049 0.128075 0.182938
0 0.340034 0.521489 0.059350 0.071884
4 0.116923 0.943584 0.027495 0.109366
0 0.373117 0.480482 0.043540 0.055438
0 0.394374 0.451544 0.031669 0.038106
1 0.956540 0.828898 0.086186 0.209276
0 0.484907 0.399815 0.017606 0.026526
0 0.648302 0.477710 0.030697 0.063615
0 0.498833 0.416332 0.016497 0.034028
4 0.022472 0.940391 0.041182 0.107667
1 0.560709 0.471991 0.022059 0.069602