0 0.545708 0.674085 0.053061 0.159548
0 0.412726 0.536494 0.053830 0.107173
4 0.969498 0.783039 0.037764 0.099169
0 0.562171 0.398457 0.037636 0.063577
0 0.302412 0.543412 0.083903 0.105632
0 0.442389 0.456820 0.038768 0.069012
1 0.537140 0.453280 0.047326 0.152942
1 0.492498 0.550227 0.046821 0.168055
4 0.753752 0.705249 0.026345 0.091836
0 0.245275 0.542116 0.068149 0.112238
0 0.271190 0.452454 0.055443 0.074785
0 0.585440 0.525923 0.041298 0.106855
1 0.639156 0.563817 0.058163 0.119660
0 0.213477 0.527946 0.065654 0.102536
0 0.307900 0.463215 0.053101 0.068410
1 0.585252 0.526313 0.041727 0.106218
0 0.596006 0.460703 0.044115 0.095698
3 0.316434 0.591967 0.022533 0.074442
0 0.639288 0.564490 0.058276 0.118252
0 0.348412 0.469073 0.056861 0.090546
4 0.432460 0.331449 0.009964 0.049392
0 0.086421 0.574830 0.061465 0.046788