0 0.119445 0.653437 0.192770 0.182865
1 0.923540 0.600729 0.098125 0.241751
3 0.554097 0.782467 0.097893 0.273473
0 0.732536 0.634252 0.094867 0.140171
3 0.390529 0.754630 0.082985 0.196573
3 0.476998 0.731398 0.061990 0.175609
4 0.868363 0.677191 0.082122 0.233123
4 0.794966 0.662651 0.063961 0.210326
3 0.792892 0.711930 0.060197 0.170805
4 0.560253 0.692789 0.082847 0.283088
4 0.393199 0.667582 0.073417 0.233601
3 0.867066 0.739759 0.069936 0.214433
0 0.690842 0.602215 0.048364 0.079537
0 0.651209 0.619549 0.043083 0.112338
4 0.563111 0.624501 0.073299 0.146684
3 0.869952 0.744914 0.047854 0.202227
0 0.404996 0.620699 0.136155 0.142621
0 0.357867 0.630557 0.045999 0.150815
0 0.428928 0.613962 0.087404 0.139749
0 0.291251 0.615831 0.086059 0.071191
4 0.596841 0.622339 0.045743 0.150993
3 0.628529 0.667627 0.028024 0.092908
1 0.545212 0.559589 0.076688 0.135701
4 0.839080 0.606861 0.036094 0.089876