0 0.466472 0.725670 0.065162 0.147007
0 0.353554 0.816674 0.116969 0.227721
0 0.221573 0.672111 0.109600 0.117637
0 0.292545 0.585868 0.080396 0.093978
0 0.403954 0.562510 0.048568 0.079387
0 0.681420 0.526297 0.051595 0.080002
0 0.477683 0.498720 0.038622 0.074033
1 0.878400 0.844993 0.150297 0.239475
0 0.193599 0.822305 0.135709 0.176125
0 0.339223 0.520276 0.057174 0.073486
0 0.422410 0.948057 0.091076 0.103492
0 0.606288 0.643602 0.050574 0.138474
0 0.752086 0.550369 0.074652 0.098888
4 0.271905 0.762487 0.023982 0.088594
3 0.350958 0.685218 0.031992 0.082115
0 0.566323 0.452707 0.024016 0.054086
0 0.503532 0.421690 0.018824 0.044955
1 0.725157 0.838794 0.110843 0.238352
0 0.988760 0.884971 0.021688 0.150647
0 0.371892 0.478480 0.042065 0.057667
0 0.724640 0.838760 0.111034 0.238774
0 0.831830 0.654607 0.106660 0.148939
1 0.623606 0.503826 0.041918 0.123467
2 0.623104 0.503151 0.042019 0.125037
0 0.956246 0.797454 0.087318 0.159042
0 0.478460 0.412247 0.018540 0.038869
0 0.393486 0.449269 0.031643 0.038574