0 0.221949 0.673952 0.110343 0.119815
0 0.192725 0.823618 0.137628 0.176612
0 0.294014 0.587839 0.077477 0.096998
0 0.336372 0.865999 0.139358 0.258508
0 0.752841 0.557324 0.075882 0.105434
0 0.829344 0.658316 0.114311 0.152352
0 0.339907 0.521825 0.056946 0.072306
0 0.691097 0.538693 0.040863 0.073727
0 0.469951 0.431697 0.024513 0.042423
4 0.817877 0.705297 0.021110 0.080320
0 0.598633 0.456170 0.023720 0.049959
0 0.373388 0.481190 0.044728 0.054586
0 0.512080 0.383278 0.020789 0.035421
0 0.982403 0.716189 0.034328 0.063391
1 0.896760 0.849585 0.164585 0.240812
0 0.394976 0.453658 0.033300 0.040417
0 0.896926 0.849383 0.164140 0.242465
4 0.090508 0.680968 0.022702 0.086110
4 0.277282 0.730434 0.025163 0.102148
0 0.683791 0.531647 0.053935 0.079212
1 0.957622 0.840271 0.084094 0.234554
1 0.646349 0.476715 0.031924 0.067470
0 0.494795 0.370433 0.014802 0.031325
0 0.413694 0.419649 0.034672 0.045336
0 0.450637 0.409887 0.018198 0.036269