0 0.475896 0.639858 0.054077 0.089086
0 0.525126 0.639700 0.079049 0.120014
0 0.585076 0.648521 0.075798 0.131446
0 0.371710 0.646776 0.103366 0.115048
3 0.623716 0.682254 0.041922 0.097156
3 0.683888 0.686144 0.035208 0.086863
3 0.912335 0.686144 0.042549 0.097227
3 0.799317 0.690652 0.035429 0.104126
0 0.169631 0.652092 0.069706 0.055968
4 0.739529 0.649451 0.044835 0.135381
3 0.740188 0.684340 0.039526 0.104680
4 0.963923 0.666080 0.042684 0.141860
4 0.625974 0.648539 0.039753 0.132555
4 0.800729 0.662966 0.037285 0.155730
3 0.963347 0.693396 0.036971 0.102281
4 0.918384 0.646465 0.032699 0.118146
1 0.910228 0.609159 0.075500 0.177412
4 0.794051 0.651227 0.053294 0.139214
3 0.959965 0.699699 0.029198 0.092195
3 0.874736 0.689267 0.036235 0.071593
4 0.116580 0.653706 0.016735 0.068634
4 0.677903 0.646775 0.042269 0.115132
1 0.910506 0.580199 0.076092 0.119531