2 0.211803 0.833866 0.307489 0.319886
0 0.220917 0.672874 0.109937 0.127276
0 0.647206 0.658465 0.066912 0.142304
0 0.438040 0.840585 0.080895 0.212397
0 0.290005 0.580687 0.079727 0.090678
0 0.336904 0.516999 0.059005 0.072605
0 0.749587 0.536331 0.074954 0.087280
0 0.475201 0.483159 0.030167 0.056640
0 0.680889 0.519119 0.052939 0.082577
0 0.763015 0.641717 0.084677 0.131487
0 0.829065 0.641789 0.105566 0.137479
0 0.473826 0.631769 0.044175 0.111791
0 0.585786 0.556537 0.046435 0.116359
0 0.370251 0.472801 0.042339 0.052696
4 0.023617 0.942773 0.046050 0.113110
1 0.853884 0.791017 0.142365 0.211577
0 0.854007 0.791966 0.143199 0.212897
0 0.986801 0.874054 0.025798 0.151306
0 0.629571 0.510784 0.038649 0.075282
1 0.777853 0.914930 0.146627 0.165552
0 0.555702 0.467723 0.024710 0.056525
0 0.585827 0.471825 0.028878 0.057598
0 0.471901 0.428827 0.025509 0.047147
1 0.954267 0.784565 0.090460 0.154716