0 0.222204 0.674134 0.111100 0.119032
0 0.192683 0.823447 0.137504 0.178220
0 0.826429 0.658016 0.117042 0.153566
0 0.481401 0.529863 0.038544 0.089077
0 0.293326 0.584447 0.078825 0.090039
0 0.752081 0.557253 0.075695 0.106466
0 0.339603 0.521462 0.056509 0.071559
0 0.694920 0.564023 0.050673 0.087457
0 0.636657 0.566759 0.047996 0.098060
4 0.777680 0.662353 0.024997 0.082704
0 0.459181 0.467732 0.032321 0.062040
0 0.900540 0.856723 0.167134 0.244685
4 0.157446 0.613515 0.014679 0.065040
3 0.709150 0.727603 0.034058 0.087442
0 0.649523 0.477609 0.040553 0.069384
4 0.300191 0.648067 0.017142 0.082400
0 0.372243 0.480163 0.042321 0.052959
0 0.393495 0.450309 0.031070 0.036626
4 0.022707 0.943720 0.040247 0.106307
3 0.648587 0.854832 0.035664 0.101090
4 0.647584 0.804770 0.032195 0.121027
0 0.958021 0.795151 0.083957 0.149728
1 0.564052 0.441253 0.033764 0.088634
4 0.100002 0.633998 0.024597 0.099772
0 0.694331 0.490047 0.027556 0.038079
2 0.563930 0.441755 0.033965 0.088672
0 0.481891 0.379790 0.018586 0.030806
0 0.631298 0.417326 0.020337 0.036002