0 0.221404 0.673474 0.110755 0.119586
0 0.193385 0.824083 0.137311 0.179836
0 0.393571 0.655202 0.060675 0.115118
0 0.293694 0.587825 0.076953 0.097084
0 0.339106 0.521289 0.057998 0.071176
0 0.473323 0.440057 0.026630 0.048871
0 0.681546 0.527519 0.053291 0.080367
0 0.751730 0.556356 0.075716 0.107709
0 0.493904 0.470704 0.025145 0.049013
0 0.371407 0.479114 0.041244 0.050886
0 0.631740 0.841200 0.086778 0.233755
0 0.830799 0.659709 0.110480 0.156186
0 0.799759 0.704881 0.103310 0.160585
0 0.392990 0.450631 0.032229 0.039474
2 0.578069 0.432997 0.048074 0.122445
1 0.912520 0.893010 0.156857 0.202769
0 0.646641 0.478686 0.034362 0.063368
4 0.724061 0.613231 0.022352 0.069818
4 0.021654 0.940639 0.040540 0.106480
1 0.800059 0.705809 0.104641 0.159845
0 0.913779 0.892954 0.158946 0.199019
3 0.766601 0.838497 0.040928 0.079195
1 0.578663 0.431182 0.047041 0.114921
1 0.957047 0.849459 0.085333 0.259845
1 0.848033 0.933936 0.164079 0.129369
3 0.583586 0.543631 0.015788 0.059095
3 0.765918 0.820906 0.042978 0.110692