0 0.407393 0.888160 0.118936 0.217918
0 0.292649 0.588848 0.078220 0.096246
0 0.217256 0.790957 0.128528 0.164410
0 0.726307 0.663607 0.070830 0.135596
0 0.221313 0.671956 0.111587 0.114232
0 0.751204 0.558302 0.077500 0.107565
0 0.658661 0.740820 0.075884 0.175861
0 0.483639 0.495504 0.029770 0.063649
0 0.577294 0.535099 0.042422 0.100062
0 0.594520 0.420622 0.022066 0.046442
0 0.561583 0.417928 0.020497 0.037923
0 0.337697 0.522433 0.061217 0.067624
0 0.370353 0.481984 0.041791 0.054840
0 0.653135 0.497707 0.037438 0.072625
0 0.899252 0.856472 0.163740 0.244514
0 0.393200 0.452040 0.031065 0.039053
0 0.686983 0.483372 0.037484 0.053336
0 0.485636 0.388114 0.017839 0.045297
0 0.457616 0.460485 0.024978 0.048280
0 0.844011 0.676923 0.083065 0.118129
0 0.828856 0.659381 0.113565 0.153535
1 0.957765 0.813028 0.083847 0.179904
0 0.823031 0.629515 0.102618 0.095025