0 0.221508 0.784027 0.130404 0.163299
0 0.425707 0.817953 0.099939 0.237811
0 0.293035 0.588353 0.079691 0.095806
0 0.729520 0.674737 0.074023 0.142678
0 0.221260 0.675201 0.112022 0.119623
0 0.750903 0.558293 0.077260 0.106406
0 0.675652 0.809834 0.090079 0.213447
0 0.582168 0.555769 0.046370 0.116127
0 0.562500 0.424880 0.021570 0.040739
0 0.899078 0.856956 0.163328 0.243586
0 0.337991 0.522417 0.061061 0.067671
0 0.485763 0.482686 0.027215 0.060058
0 0.654831 0.501704 0.037871 0.072276
0 0.595387 0.425490 0.022561 0.044455
0 0.370493 0.482182 0.041508 0.054603
0 0.393263 0.452259 0.030964 0.039128
0 0.485398 0.384097 0.018290 0.044172
0 0.687078 0.485472 0.037280 0.050136
0 0.828946 0.660029 0.113147 0.154528
0 0.460717 0.450979 0.025581 0.045069
1 0.957891 0.816702 0.083739 0.186917
0 0.843797 0.677323 0.083497 0.118950
0 0.822657 0.628308 0.101586 0.092101