0 0.410562 0.926317 0.102861 0.144425
0 0.667563 0.894961 0.111559 0.207331
0 0.221123 0.670519 0.110109 0.118100
0 0.291604 0.581936 0.077502 0.091381
0 0.193876 0.817277 0.138096 0.179698
0 0.588627 0.612243 0.048116 0.122291
0 0.467036 0.686574 0.056024 0.128799
0 0.681724 0.522064 0.053570 0.081746
0 0.201814 0.953143 0.143550 0.093122
0 0.484048 0.490420 0.029331 0.062720
2 0.447641 0.413416 0.052830 0.103728
0 0.337402 0.515850 0.058721 0.073788
0 0.672923 0.657309 0.063024 0.140410
0 0.851413 0.891707 0.165115 0.213424
0 0.750277 0.543564 0.075430 0.097447
3 0.302162 0.731849 0.034087 0.078000
0 0.370206 0.473159 0.045318 0.054024
0 0.830151 0.645940 0.105894 0.141534
0 0.987570 0.877976 0.024294 0.153149
0 0.571966 0.475514 0.032867 0.077981
1 0.643888 0.469225 0.032478 0.064347
0 0.855970 0.794984 0.142044 0.212335
4 0.408554 0.559433 0.018114 0.074093
0 0.878619 0.826623 0.094881 0.148378
0 0.499564 0.442241 0.022012 0.050065
0 0.782549 0.658950 0.105519 0.140299
0 0.955392 0.790313 0.089208 0.155856
3 0.364074 0.596877 0.022919 0.067917