0 0.293718 0.723977 0.352100 0.526494
4 0.462744 0.707423 0.240668 0.487368
0 0.069146 0.683730 0.137693 0.437002
0 0.203965 0.567579 0.147879 0.176700
4 0.804550 0.644097 0.093664 0.309744
4 0.646222 0.722447 0.140267 0.430581
3 0.802549 0.725207 0.097096 0.283243
3 0.636940 0.818377 0.161283 0.345351
0 0.695179 0.568075 0.086997 0.172881
3 0.452443 0.840503 0.238331 0.303248
0 0.860374 0.533760 0.044196 0.077566
0 0.582881 0.583439 0.094550 0.186853
3 0.892750 0.560709 0.042661 0.089266
0 0.766103 0.552554 0.050443 0.096332
3 0.450952 0.885410 0.232202 0.221229