0 0.585713 0.609387 0.084767 0.128660
0 0.470254 0.603318 0.059622 0.087171
0 0.390800 0.607536 0.095913 0.107420
4 0.887468 0.630090 0.052609 0.169931
0 0.526592 0.601634 0.071910 0.119410
0 0.157801 0.612298 0.065609 0.059831
0 0.227918 0.608175 0.063396 0.058745
3 0.711524 0.645485 0.037923 0.081452
3 0.644816 0.642570 0.042843 0.088955
3 0.760048 0.642108 0.042294 0.099790
4 0.838881 0.619701 0.034529 0.137987
4 0.763995 0.617066 0.046161 0.133899
0 0.685814 0.587080 0.046517 0.072660
4 0.643317 0.612767 0.038263 0.133635
4 0.807786 0.608366 0.036285 0.116521
4 0.716632 0.602504 0.032979 0.105797
4 0.928525 0.620079 0.034512 0.135108
3 0.927105 0.640691 0.038929 0.101353
4 0.664084 0.601132 0.027674 0.101442
0 0.259160 0.603643 0.037567 0.048546
4 0.986520 0.640680 0.026203 0.153551
3 0.807326 0.630859 0.038068 0.106691
4 0.381641 0.199217 0.015331 0.076406