0 0.221347 0.675578 0.110086 0.118929
0 0.428117 0.590436 0.057551 0.092686
0 0.292918 0.587826 0.078320 0.096566
0 0.194045 0.823161 0.137533 0.176397
0 0.434657 0.482130 0.035668 0.058488
0 0.682042 0.526854 0.050967 0.078185
0 0.670817 0.918355 0.106904 0.158767
0 0.466624 0.680857 0.054278 0.123862
0 0.574366 0.502257 0.030203 0.076538
0 0.486798 0.562295 0.038225 0.080367
0 0.337523 0.522850 0.061506 0.070027
0 0.831945 0.656434 0.106741 0.149316
4 0.603743 0.609604 0.018384 0.078350
0 0.752188 0.550827 0.075374 0.095556
0 0.775408 0.666006 0.090382 0.141351
1 0.888284 0.864244 0.156542 0.246660
4 0.022636 0.940375 0.041688 0.108412
0 0.371538 0.478582 0.041367 0.052122
0 0.507754 0.401394 0.017256 0.036682
0 0.988700 0.889652 0.022061 0.145341
1 0.562058 0.389961 0.028133 0.061297
1 0.654994 0.592431 0.061824 0.161125
0 0.393027 0.451387 0.030810 0.040053
2 0.562019 0.389494 0.028057 0.061060
0 0.888081 0.864452 0.156139 0.250856
4 0.407731 0.531849 0.016012 0.062073
0 0.486294 0.440931 0.026869 0.057567
3 0.317665 0.790610 0.035770 0.116802
4 0.298607 0.698590 0.021002 0.070640
1 0.957413 0.803921 0.084534 0.172683
2 0.655278 0.591944 0.062138 0.162980