0 0.279908 0.710320 0.105495 0.129707
0 0.645667 0.862718 0.119838 0.269104
0 0.293522 0.587632 0.077342 0.093560
0 0.221389 0.679244 0.108309 0.126568
0 0.751163 0.558800 0.076879 0.106754
0 0.828287 0.658179 0.113042 0.151195
0 0.478889 0.515583 0.038779 0.075382
0 0.581115 0.498446 0.034481 0.068613
0 0.778671 0.797204 0.116361 0.215983
0 0.900759 0.857857 0.164145 0.247193
0 0.339716 0.521692 0.058439 0.064239
0 0.372409 0.481692 0.043524 0.053302
0 0.496146 0.421354 0.018743 0.038789
0 0.667087 0.530153 0.042769 0.072096
0 0.393693 0.451858 0.032182 0.038410
0 0.604719 0.462977 0.027099 0.045195
1 0.920310 0.643561 0.108347 0.171710
4 0.022046 0.945231 0.042006 0.106387
0 0.692744 0.490356 0.027140 0.040144
0 0.411820 0.424527 0.032414 0.042606