0 0.291421 0.577818 0.080579 0.091065
0 0.220494 0.671693 0.111088 0.126965
0 0.442500 0.568526 0.045978 0.089816
0 0.672253 0.681199 0.088273 0.170512
0 0.758099 0.632238 0.081777 0.132490
0 0.828446 0.635816 0.107795 0.131711
0 0.636626 0.883250 0.095430 0.230446
0 0.750038 0.533257 0.073544 0.083937
4 0.024176 0.941703 0.048032 0.115195
0 0.458833 0.467175 0.030484 0.056098
0 0.680670 0.516629 0.054040 0.078091
0 0.607647 0.543382 0.044350 0.085008
0 0.341274 0.514726 0.063558 0.071123
0 0.105972 0.968740 0.111742 0.060959
1 0.853095 0.790188 0.140232 0.213160
0 0.479709 0.401577 0.022811 0.036052
0 0.852898 0.790699 0.140966 0.213302
0 0.986141 0.872187 0.027176 0.150887
2 0.925295 0.629947 0.094792 0.166194
1 0.444216 0.893676 0.086508 0.205492
0 0.953657 0.782771 0.092687 0.154110
0 0.368223 0.472027 0.038758 0.054125
0 0.443976 0.894472 0.086455 0.206846
0 0.568421 0.483248 0.034132 0.092186
1 0.953836 0.784392 0.091311 0.157198