0 0.162842 0.750375 0.324517 0.483928
0 0.549597 0.667837 0.302820 0.391941
0 0.430255 0.558757 0.102155 0.152353
1 0.842837 0.522757 0.112796 0.301717
4 0.923913 0.561720 0.060074 0.170967
4 0.983172 0.787431 0.033094 0.413172
4 0.312726 0.572324 0.048018 0.156714
0 0.716400 0.573489 0.104395 0.214293
3 0.921479 0.625106 0.042965 0.136973
0 0.308670 0.559286 0.117334 0.122334
1 0.075082 0.408673 0.149815 0.240466
0 0.775942 0.545035 0.030790 0.104473
2 0.210164 0.483802 0.128800 0.088819
0 0.347170 0.569382 0.038542 0.103729