0 0.637765 0.797477 0.088923 0.214852
0 0.221576 0.669857 0.110130 0.116541
0 0.481072 0.512601 0.034098 0.069372
0 0.459374 0.771347 0.072011 0.167208
0 0.291686 0.581777 0.078514 0.091104
0 0.582250 0.575028 0.042164 0.108421
0 0.681135 0.520705 0.052240 0.081474
0 0.187669 0.819313 0.125881 0.174735
0 0.660585 0.620237 0.056064 0.124864
0 0.337997 0.515713 0.060331 0.073749
2 0.441028 0.429034 0.058843 0.114607
0 0.750204 0.542734 0.076561 0.095727
0 0.829779 0.644874 0.105822 0.141293
0 0.569272 0.463878 0.030303 0.064582
0 0.987511 0.877196 0.024408 0.152784
0 0.370194 0.473706 0.045076 0.054563
0 0.777424 0.657898 0.096929 0.138492
4 0.396784 0.592215 0.020253 0.090122
0 0.556772 0.423205 0.022758 0.047624
0 0.269337 0.794230 0.053106 0.107715
0 0.857624 0.791117 0.139129 0.207263
0 0.819544 0.851567 0.144145 0.211885
0 0.955627 0.790272 0.088746 0.156866
4 0.024857 0.942924 0.047569 0.113638
0 0.882938 0.826038 0.087365 0.141564
1 0.644251 0.469177 0.032257 0.065296
0 0.392016 0.446259 0.031439 0.043404