0 0.162298 0.650732 0.106136 0.167876
1 0.656877 0.610288 0.071873 0.138988
0 0.396230 0.581885 0.064925 0.124434
0 0.183194 0.735418 0.139409 0.199309
0 0.466713 0.518989 0.041720 0.099869
0 0.266573 0.456712 0.058753 0.083170
0 0.440843 0.465336 0.047457 0.075981
0 0.597933 0.480278 0.048266 0.090964
3 0.278507 0.657187 0.035109 0.096232
0 0.205069 0.530260 0.077975 0.097425
0 0.286888 0.488319 0.041136 0.069422
1 0.514268 0.576479 0.079458 0.257763
1 0.479106 0.855539 0.088541 0.287465
1 0.587907 0.556116 0.047519 0.117262
0 0.339466 0.480047 0.059727 0.094472
4 0.965057 0.784051 0.033681 0.094322
4 0.012178 0.630079 0.023782 0.073291
0 0.587952 0.555830 0.047206 0.118328
3 0.307710 0.571960 0.027205 0.069880
0 0.342618 0.406131 0.037095 0.057873
3 0.880355 0.795820 0.083690 0.095410
0 0.480149 0.442681 0.028475 0.060150
0 0.560380 0.400196 0.040266 0.065434
0 0.293122 0.485407 0.054754 0.075822