0 0.468390 0.619734 0.050811 0.111220
0 0.223373 0.661154 0.110605 0.126081
0 0.294229 0.955907 0.116903 0.088015
0 0.306481 0.714471 0.091739 0.138455
0 0.681543 0.506685 0.052614 0.082520
0 0.690150 0.782920 0.095172 0.214942
0 0.755490 0.729945 0.103324 0.183366
0 0.294216 0.568895 0.078363 0.090302
0 0.628999 0.558557 0.049004 0.101622
0 0.752366 0.524659 0.075385 0.086666
0 0.830106 0.630021 0.107381 0.140480
0 0.338092 0.503694 0.058096 0.069519
0 0.571527 0.528389 0.035117 0.083284
1 0.856821 0.776794 0.133466 0.206980
0 0.414554 0.476022 0.035026 0.066691
0 0.467467 0.473250 0.035376 0.066845
0 0.759237 0.625187 0.082206 0.126593
0 0.986026 0.857812 0.027461 0.155717
0 0.371700 0.463494 0.043360 0.054191
0 0.581658 0.462975 0.027256 0.055901
0 0.436930 0.432669 0.025742 0.049062
1 0.955287 0.771492 0.088340 0.154956
0 0.392340 0.434352 0.030687 0.038199