0 0.623525 0.738052 0.084028 0.198893
0 0.419577 0.582319 0.064530 0.110054
0 0.225938 0.651484 0.110396 0.128277
0 0.431849 0.849696 0.113598 0.298258
0 0.831052 0.618130 0.106204 0.139807
0 0.220753 0.885981 0.148174 0.224552
0 0.689354 0.649427 0.077597 0.153549
0 0.683156 0.497965 0.052961 0.082433
0 0.293488 0.558909 0.080023 0.093261
0 0.761099 0.613738 0.083403 0.126201
1 0.855388 0.767711 0.139080 0.207097
0 0.334480 0.652465 0.078160 0.130076
0 0.753216 0.515294 0.075618 0.088929
0 0.586720 0.526960 0.038725 0.094532
0 0.487390 0.565153 0.037703 0.084915
0 0.338310 0.494602 0.061073 0.074468
0 0.460858 0.447439 0.029289 0.060307
1 0.955631 0.807832 0.088130 0.247705
0 0.562489 0.431464 0.026223 0.058951
0 0.422608 0.456462 0.033178 0.063178
0 0.985769 0.849753 0.027523 0.152172
1 0.955663 0.761769 0.087828 0.157384
0 0.592894 0.424635 0.025113 0.053569
0 0.495104 0.441624 0.022901 0.050770
0 0.371605 0.449369 0.041836 0.052101