0 0.451035 0.701000 0.075183 0.192135
0 0.611214 0.646709 0.058536 0.147753
0 0.295442 0.559868 0.077764 0.091757
0 0.225368 0.655810 0.108751 0.129209
0 0.831303 0.621619 0.105626 0.138527
0 0.440626 0.514291 0.049476 0.079061
0 0.683358 0.498617 0.052048 0.081819
0 0.760335 0.613819 0.082690 0.131419
0 0.854465 0.768761 0.139506 0.208590
0 0.296868 0.730972 0.095301 0.151514
0 0.646755 0.514148 0.048491 0.088800
0 0.752808 0.516448 0.073619 0.085108
0 0.468557 0.422349 0.025187 0.043590
0 0.432999 0.437001 0.028106 0.051110
0 0.494818 0.514324 0.033013 0.077013
0 0.986067 0.852281 0.026862 0.156082
0 0.775984 0.858642 0.138503 0.258821
0 0.339942 0.493760 0.058686 0.074444
0 0.373613 0.567070 0.058163 0.095166
1 0.855277 0.769610 0.139747 0.206989
2 0.922331 0.608547 0.111541 0.167385
0 0.601573 0.452864 0.028752 0.069400
1 0.920653 0.611478 0.114281 0.164681