0 0.389102 0.867967 0.131415 0.253923
0 0.221113 0.673689 0.109986 0.118051
0 0.192909 0.825909 0.137275 0.184889
0 0.612213 0.641176 0.062913 0.147390
0 0.292308 0.587794 0.078387 0.095847
2 0.505230 0.416581 0.030938 0.089426
0 0.362399 0.642691 0.068972 0.126322
0 0.608570 0.514147 0.038529 0.071041
1 0.864230 0.815352 0.146196 0.222003
0 0.339145 0.520302 0.056844 0.077910
0 0.680823 0.525455 0.053136 0.081543
0 0.445411 0.520689 0.034577 0.072829
0 0.486743 0.534568 0.036683 0.074027
0 0.751417 0.549607 0.076282 0.097948
0 0.475557 0.417692 0.019820 0.035275
0 0.782317 0.662291 0.108711 0.145348
0 0.370347 0.480664 0.042186 0.060975
0 0.562539 0.453223 0.024569 0.062885
0 0.021554 0.967358 0.042826 0.058158
0 0.988397 0.884691 0.022407 0.152442
0 0.393063 0.450657 0.032235 0.038650
0 0.831865 0.645987 0.101565 0.130827
1 0.957078 0.802195 0.085217 0.164582