0 0.586894 0.622403 0.090292 0.133317
1 0.902390 0.600070 0.072945 0.196606
0 0.471681 0.616794 0.061189 0.087845
0 0.527892 0.614942 0.074299 0.120586
0 0.156368 0.621433 0.062558 0.066618
3 0.700959 0.659846 0.034254 0.083392
0 0.391953 0.621340 0.096080 0.106479
3 0.641843 0.660528 0.037442 0.084055
0 0.251042 0.620788 0.056957 0.054548
4 0.763131 0.631803 0.043683 0.141286
3 0.759416 0.658110 0.039839 0.094175
4 0.837608 0.634013 0.037176 0.138210
0 0.052421 0.631110 0.065854 0.055430
3 0.927845 0.658378 0.035632 0.092163
0 0.731480 0.616938 0.052312 0.097487
0 0.680572 0.591926 0.036297 0.056030
4 0.640957 0.632940 0.037480 0.135835
3 0.842889 0.657871 0.047266 0.097066