0 0.251629 0.748374 0.118254 0.146629
0 0.467505 0.585584 0.052590 0.093915
0 0.605990 0.686552 0.074083 0.190841
0 0.221097 0.677806 0.108595 0.120848
0 0.751214 0.558693 0.077179 0.107056
0 0.293205 0.588787 0.077178 0.096583
0 0.828544 0.658394 0.112450 0.151689
0 0.751918 0.732587 0.093014 0.172745
0 0.900067 0.858267 0.166941 0.245097
0 0.571710 0.461764 0.027030 0.052122
0 0.493379 0.440556 0.022294 0.047708
0 0.372357 0.481949 0.043814 0.054223
0 0.660502 0.512616 0.042589 0.083664
0 0.338698 0.522564 0.059758 0.063323
0 0.393589 0.451990 0.032203 0.038510
4 0.022438 0.945304 0.042446 0.106448
0 0.484953 0.376279 0.020305 0.031482
0 0.466772 0.421415 0.017697 0.035005
4 0.790203 0.665954 0.018663 0.073642
0 0.692490 0.490329 0.027966 0.038363
0 0.958015 0.797558 0.083894 0.151804
0 0.411332 0.424619 0.030643 0.041698
0 0.331819 0.539052 0.062333 0.083215
0 0.600289 0.445915 0.022616 0.043986