0 0.099359 0.863259 0.198320 0.265907
0 0.115974 0.711452 0.139116 0.196954
0 0.380974 0.622684 0.076853 0.143447
0 0.462889 0.536079 0.045443 0.105065
0 0.268895 0.457237 0.062209 0.082790
4 0.965903 0.783484 0.036759 0.098811
0 0.437097 0.468876 0.047717 0.079444
0 0.189522 0.557514 0.087921 0.123726
1 0.671838 0.639627 0.083167 0.151022
3 0.286664 0.615831 0.032258 0.090784
1 0.501664 0.628287 0.102211 0.301679
0 0.284951 0.498882 0.058612 0.081870
0 0.335658 0.486172 0.059213 0.093991
0 0.599327 0.486146 0.050288 0.100892
3 0.245324 0.725812 0.040677 0.110176
1 0.592739 0.580803 0.048809 0.128748
0 0.592598 0.579672 0.048494 0.128529
0 0.671641 0.639607 0.082485 0.150826
0 0.560211 0.401610 0.038084 0.063789
1 0.479968 0.442837 0.028134 0.078746
0 0.479549 0.445984 0.028810 0.073683
1 0.380943 0.400496 0.041152 0.083604
0 0.342593 0.408980 0.037465 0.062120
0 0.221576 0.430600 0.028977 0.044974
3 0.328247 0.539330 0.023259 0.072133
3 0.883687 0.804224 0.077076 0.077686
3 0.221521 0.428751 0.027446 0.043704
4 0.013467 0.628442 0.026692 0.069647
1 0.473424 0.918884 0.108576 0.162233