0 0.087490 0.662401 0.174981 0.189067
0 0.850925 0.633077 0.101540 0.157987
3 0.262136 0.771080 0.119830 0.293773
0 0.524599 0.698351 0.203015 0.276531
0 0.210134 0.624840 0.095129 0.088666
4 0.648119 0.735098 0.109209 0.358223
0 0.367408 0.631149 0.057631 0.104628
3 0.646348 0.835797 0.102854 0.323983
1 0.956838 0.627664 0.085265 0.402324
1 0.442875 0.580720 0.106469 0.220685
3 0.750852 0.696323 0.053137 0.131383
4 0.697138 0.656232 0.055535 0.203626
4 0.265871 0.681009 0.090558 0.249161
4 0.754521 0.631043 0.059937 0.123714
0 0.483302 0.627399 0.124013 0.157777
2 0.956834 0.627242 0.085772 0.402133
4 0.642800 0.642391 0.099495 0.169286