0 0.636733 0.804291 0.098637 0.244649
0 0.226130 0.652328 0.110409 0.130455
0 0.423858 0.567262 0.060659 0.099579
0 0.343153 0.631584 0.072525 0.119041
0 0.436349 0.825001 0.103584 0.285042
0 0.831073 0.618728 0.106460 0.140922
0 0.236529 0.861166 0.136522 0.227769
0 0.683133 0.498283 0.051857 0.083270
0 0.294097 0.559447 0.078672 0.092954
1 0.854924 0.767596 0.138955 0.206668
0 0.760823 0.614325 0.083740 0.128700
0 0.753392 0.515640 0.075495 0.087359
0 0.589966 0.541318 0.041624 0.104005
0 0.702459 0.682590 0.085479 0.169244
0 0.488820 0.548983 0.037035 0.089671
0 0.339330 0.495470 0.059309 0.074131
0 0.563781 0.439754 0.027938 0.061477
0 0.629054 0.478127 0.039146 0.078049
1 0.955394 0.808796 0.088590 0.246447
0 0.461920 0.443364 0.028262 0.055821
0 0.425213 0.450564 0.032844 0.061078
0 0.985815 0.850026 0.027409 0.152376
0 0.595802 0.430871 0.024275 0.054607
1 0.955498 0.762155 0.088573 0.155862