0 0.353779 0.643414 0.110099 0.121320
0 0.470092 0.635758 0.046628 0.090965
0 0.094215 0.643169 0.130439 0.095806
0 0.521067 0.636338 0.090467 0.119794
3 0.608860 0.687989 0.038799 0.097863
4 0.720559 0.650971 0.038408 0.154065
3 0.779323 0.691680 0.045358 0.117994
0 0.576213 0.643880 0.048014 0.121039
3 0.903191 0.682066 0.042609 0.110000
3 0.668250 0.683110 0.040867 0.099397
4 0.198754 0.641978 0.028589 0.065621
4 0.783848 0.657344 0.050848 0.159742
3 0.717993 0.687081 0.037493 0.102286
3 0.956244 0.692511 0.042677 0.123993
4 0.605025 0.648036 0.036674 0.133615
4 0.669077 0.640587 0.041265 0.124895
4 0.826670 0.645366 0.042922 0.136125
4 0.908525 0.642262 0.044808 0.124800
0 0.749529 0.629552 0.043742 0.083042
0 0.265489 0.638339 0.050160 0.057065
4 0.960684 0.648207 0.037294 0.129331
1 0.912656 0.570586 0.076626 0.114309