0 0.946094 0.929130 0.106862 0.137849
0 0.462397 0.397997 0.030859 0.064327
1 0.467885 0.537277 0.042855 0.107692
0 0.352390 0.442772 0.042645 0.068371
4 0.017765 0.636848 0.031303 0.075744
4 0.698217 0.924320 0.037722 0.111092
4 0.782497 0.925178 0.041606 0.143541
3 0.698676 0.957272 0.037791 0.083586
4 0.337959 0.396236 0.013960 0.043346
4 0.040883 0.606073 0.025388 0.083927
4 0.527038 0.339389 0.010062 0.035527
4 0.887949 0.785378 0.023576 0.098050
0 0.468318 0.537892 0.042572 0.107374
4 0.986699 0.841313 0.025934 0.091074
3 0.878453 0.798829 0.087118 0.081232
4 0.783961 0.899729 0.039863 0.093496