2 0.260863 0.747965 0.314586 0.489833
0 0.220886 0.672439 0.110200 0.125112
0 0.291307 0.578504 0.080021 0.088848
0 0.427884 0.943928 0.092428 0.111215
1 0.630576 0.739350 0.089220 0.223614
0 0.749672 0.539311 0.075311 0.090424
0 0.680914 0.520232 0.053407 0.081366
0 0.480100 0.566188 0.037828 0.079712
4 0.024419 0.942902 0.048161 0.114195
0 0.572086 0.542815 0.034724 0.082016
0 0.654592 0.563122 0.051648 0.098852
0 0.749850 0.922809 0.127109 0.152562
1 0.854828 0.794282 0.141484 0.214526
0 0.854560 0.793831 0.141166 0.214630
0 0.830235 0.644423 0.106901 0.144092
0 0.496166 0.414939 0.020449 0.044274
0 0.370033 0.475904 0.041182 0.055986
0 0.987157 0.875899 0.025079 0.154468
0 0.766097 0.649298 0.083719 0.133566
0 0.336774 0.515311 0.052298 0.065723
1 0.749498 0.921607 0.126037 0.153249
0 0.391627 0.445338 0.031603 0.043947
0 0.132916 0.888124 0.104164 0.210925
0 0.603693 0.529444 0.038573 0.074607
0 0.953879 0.789613 0.091424 0.164856
1 0.954191 0.790082 0.090716 0.163598