0 0.192761 0.823325 0.138651 0.177583
0 0.293849 0.587858 0.078769 0.096913
0 0.221826 0.674796 0.109585 0.118343
0 0.752338 0.557575 0.076404 0.104777
0 0.829553 0.659370 0.112382 0.151046
0 0.471303 0.424706 0.025288 0.042370
0 0.340031 0.522308 0.057480 0.072706
0 0.687747 0.538518 0.050228 0.074802
0 0.899082 0.851445 0.166135 0.242575
0 0.368164 0.774582 0.106854 0.209087
0 0.373148 0.480348 0.045523 0.055573
4 0.813548 0.703426 0.023959 0.081331
1 0.368195 0.775307 0.107618 0.209085
2 0.558077 0.368934 0.039817 0.058673
0 0.394431 0.454052 0.032601 0.042139
0 0.957996 0.797323 0.083879 0.153636
0 0.512211 0.384918 0.021105 0.035377
4 0.077650 0.670866 0.021365 0.087073
4 0.099065 0.677132 0.020622 0.077129
4 0.024316 0.724946 0.034424 0.085882
4 0.620648 0.514374 0.016966 0.061322
0 0.600711 0.461341 0.026791 0.052667
0 0.990208 0.892913 0.018806 0.144990