0 0.221088 0.672644 0.111587 0.117193
0 0.291424 0.586536 0.079340 0.094730
0 0.193203 0.822298 0.137381 0.178148
0 0.605320 0.686263 0.061441 0.152303
2 0.477949 0.565487 0.070404 0.206994
0 0.291050 0.866458 0.119890 0.212980
0 0.657124 0.585324 0.058223 0.112295
0 0.338736 0.521137 0.055610 0.074200
0 0.681234 0.524211 0.053118 0.078520
0 0.587944 0.542328 0.038405 0.082809
0 0.836190 0.932793 0.145551 0.132754
0 0.573443 0.468900 0.030126 0.063724
0 0.410148 0.509303 0.046629 0.080155
0 0.751505 0.547448 0.074748 0.097157
0 0.430007 0.555714 0.035164 0.081341
0 0.788604 0.661400 0.119947 0.142904
0 0.955575 0.796026 0.087939 0.163589
0 0.987406 0.883706 0.024670 0.153333
0 0.463935 0.471896 0.028951 0.055336
0 0.500532 0.431840 0.022888 0.045505
4 0.053170 0.687221 0.028578 0.090170
0 0.855314 0.801186 0.142096 0.213056
1 0.855383 0.800432 0.142166 0.211654
0 0.369554 0.472548 0.043893 0.049175
3 0.701106 0.777727 0.036064 0.071032
0 0.644270 0.473848 0.034517 0.067305
0 0.021132 0.948349 0.042042 0.095091
0 0.446888 0.437349 0.025596 0.045537
4 0.703338 0.746992 0.025308 0.065533
0 0.392018 0.448534 0.030484 0.036803
0 0.883501 0.833912 0.085658 0.148324