0 0.223085 0.660049 0.111486 0.127782
0 0.187673 0.927077 0.174303 0.141483
0 0.342316 0.631842 0.070699 0.108972
0 0.293275 0.568934 0.079399 0.089504
0 0.353966 0.813129 0.099586 0.193844
0 0.338095 0.504752 0.058326 0.069168
0 0.475180 0.544616 0.040341 0.084939
0 0.681546 0.506408 0.053846 0.082756
0 0.585483 0.491225 0.030971 0.067658
0 0.751318 0.524094 0.073067 0.084730
0 0.653588 0.645569 0.064162 0.137964
0 0.584268 0.600404 0.047116 0.121959
1 0.857562 0.776349 0.131674 0.208080
0 0.369024 0.464606 0.041017 0.054793
0 0.424150 0.453162 0.027432 0.052267
0 0.760752 0.976607 0.104597 0.044137
1 0.955142 0.772124 0.088663 0.158883
0 0.756450 0.613329 0.076405 0.113816
0 0.829800 0.629699 0.107681 0.140558
1 0.778688 0.772936 0.121050 0.213227
4 0.026620 0.939343 0.051454 0.120503
1 0.986008 0.858371 0.027182 0.157761
2 0.470093 0.427252 0.029193 0.102657