2 0.894861 0.622230 0.209191 0.528034
0 0.708808 0.556395 0.127465 0.191642
0 0.682854 0.300300 0.080428 0.130871
0 0.559071 0.562642 0.113634 0.225556
0 0.620422 0.440332 0.102553 0.165492
0 0.777966 0.417857 0.095840 0.174848
0 0.714367 0.924918 0.182116 0.142020
4 0.783905 0.308998 0.033629 0.056687
0 0.437066 0.860072 0.149263 0.269926
0 0.463813 0.751442 0.130415 0.271248
4 0.681815 0.953305 0.044011 0.082170
1 0.440996 0.528917 0.112338 0.209090
4 0.411131 0.829756 0.042793 0.069850
0 0.660674 0.242908 0.078045 0.111819
4 0.870939 0.632769 0.036381 0.074999
3 0.774388 0.222390 0.025657 0.087529
0 0.579922 0.250630 0.064828 0.112933
0 0.839722 0.870015 0.123276 0.255868
4 0.774764 0.210034 0.027111 0.111208
4 0.740363 0.146744 0.020687 0.055648
0 0.682878 0.033807 0.038651 0.065987
1 0.839281 0.869638 0.123076 0.254657
4 0.740618 0.158904 0.021245 0.081385