0 0.111315 0.619605 0.138620 0.142421
1 0.770777 0.873825 0.160791 0.245970
0 0.658495 0.649708 0.077842 0.213963
0 0.849701 0.575758 0.101699 0.167643
4 0.193418 0.628998 0.025702 0.118536
0 0.256118 0.683407 0.098610 0.165667
0 0.275498 0.853847 0.198940 0.286062
1 0.770134 0.652447 0.091524 0.218209
0 0.929298 0.772258 0.140964 0.263771
4 0.103667 0.765695 0.040345 0.141729
0 0.784253 0.428635 0.059025 0.090771
0 0.203794 0.519472 0.082216 0.095931
0 0.638972 0.503124 0.067386 0.139059
0 0.050009 0.826727 0.099225 0.202597
0 0.518961 0.361383 0.047044 0.064196
4 0.879760 0.824677 0.047078 0.145609
3 0.879028 0.900890 0.048418 0.142768
1 0.555471 0.726144 0.067532 0.204965
0 0.543676 0.288934 0.032841 0.044960
0 0.308062 0.412747 0.062954 0.058229
0 0.344763 0.392758 0.053408 0.061017
1 0.487140 0.614880 0.061208 0.186142
0 0.256509 0.455912 0.057819 0.073163
4 0.782097 0.519296 0.029813 0.064988
0 0.023958 0.716667 0.047573 0.062670
0 0.656935 0.394650 0.044117 0.081434
2 0.694600 0.299279 0.033963 0.072361
0 0.258836 0.533120 0.111944 0.092116
2 0.654244 0.273606 0.028633 0.074335
1 0.896214 0.480958 0.206520 0.539646