0 0.366564 0.715842 0.210109 0.266451
0 0.321014 0.398788 0.163009 0.237438
0 0.442398 0.245031 0.161387 0.239805
0 0.345574 0.956784 0.193690 0.082339
0 0.172821 0.515602 0.187227 0.331020
0 0.129751 0.923546 0.210328 0.149851
0 0.115401 0.368332 0.163286 0.250554
4 0.288578 0.528080 0.048258 0.249641
0 0.016155 0.176635 0.032160 0.180830
0 0.045692 0.837097 0.090931 0.282459
4 0.932521 0.738141 0.050924 0.274092
4 0.538343 0.308158 0.049446 0.195612
4 0.848712 0.704172 0.051247 0.240803
4 0.830613 0.518320 0.044009 0.218521
4 0.141108 0.793894 0.056952 0.115139
3 0.029315 0.525986 0.058630 0.232131
4 0.951019 0.506603 0.039773 0.177091
4 0.780508 0.681802 0.043443 0.274217
0 0.150972 0.181901 0.092367 0.114138
4 0.789143 0.406427 0.055504 0.223450