2 0.712834 0.429836 0.090853 0.239983
0 0.863382 0.941761 0.091290 0.116097
0 0.351095 0.605701 0.079495 0.131201
0 0.891460 0.708741 0.060568 0.119077
2 0.387332 0.775158 0.090662 0.183691
4 0.118142 0.542192 0.019717 0.103913
0 0.325551 0.906108 0.107203 0.133365
2 0.682205 0.271553 0.064934 0.154063
0 0.962984 0.879043 0.073811 0.128638
4 0.082712 0.589280 0.018811 0.097931
0 0.366880 0.050143 0.030065 0.046099
0 0.870542 0.563333 0.047733 0.083948
0 0.018528 0.321159 0.036715 0.109432
2 0.636980 0.415609 0.065931 0.149257
1 0.588306 0.753578 0.105582 0.215276
2 0.680570 0.555972 0.078903 0.138658
0 0.884361 0.807118 0.069539 0.119207
4 0.012078 0.827255 0.024155 0.132302
4 0.951817 0.932766 0.027285 0.130469
2 0.567792 0.403626 0.065719 0.109021
0 0.878466 0.863013 0.071036 0.094452
2 0.438429 0.310876 0.038273 0.090224
0 0.439458 0.392457 0.043082 0.081274
4 0.946086 0.589545 0.017713 0.093877
0 0.575768 0.842126 0.077582 0.144136
0 0.256423 0.973888 0.096833 0.051805
0 0.886315 0.643575 0.064610 0.104156
2 0.667290 0.698970 0.063119 0.148534
0 0.900864 0.600241 0.054436 0.112144
1 0.018522 0.319838 0.036711 0.108976
2 0.453306 0.247837 0.042373 0.099950