2 0.807324 0.541382 0.173333 0.339523
0 0.792833 0.873192 0.142000 0.188842
0 0.065864 0.727401 0.131495 0.151329
0 0.126814 0.545366 0.100061 0.117886
0 0.701465 0.709115 0.109587 0.159440
0 0.170204 0.626170 0.109219 0.136527
0 0.417068 0.351844 0.073103 0.094845
0 0.398895 0.432253 0.096387 0.096195
0 0.580704 0.675999 0.079972 0.139104
0 0.049575 0.635728 0.098793 0.146362
0 0.571955 0.884444 0.111559 0.191330
0 0.326618 0.407895 0.083639 0.092820
4 0.249556 0.884214 0.027537 0.064839
0 0.268197 0.546029 0.102387 0.142607
0 0.727436 0.611709 0.069650 0.146682
0 0.637701 0.600111 0.068272 0.152520
0 0.305192 0.330015 0.066569 0.071804
1 0.267827 0.951367 0.093485 0.094333
0 0.101015 0.392712 0.095809 0.099859
4 0.404044 0.908846 0.023549 0.124838
4 0.886591 0.730636 0.029464 0.106553
0 0.279047 0.460915 0.088113 0.095065
0 0.459108 0.742202 0.128551 0.160710