0 0.177104 0.609088 0.130162 0.135710
0 0.918834 0.574174 0.108286 0.174314
0 0.601809 0.744936 0.118749 0.264366
0 0.964129 0.772434 0.070753 0.257391
1 0.420796 0.606543 0.094402 0.211382
0 0.850487 0.419030 0.067439 0.099005
1 0.798551 0.634570 0.108371 0.301630
0 0.087907 0.843927 0.175054 0.262874
2 0.769859 0.371145 0.090796 0.192399
0 0.705423 0.875089 0.118568 0.242869
0 0.265378 0.511671 0.079597 0.099442
0 0.323817 0.453163 0.070599 0.072185
0 0.665232 0.402092 0.038507 0.084396
0 0.318096 0.538918 0.109322 0.117692
0 0.444108 0.467849 0.066804 0.081120
1 0.311161 0.855137 0.194581 0.279136
0 0.058172 0.723983 0.115873 0.102800
4 0.164209 0.760944 0.032840 0.135132
0 0.369267 0.429441 0.066816 0.101446
0 0.702306 0.522077 0.074992 0.198705
0 0.604251 0.278109 0.030952 0.043650
0 0.426940 0.356200 0.043019 0.060238
0 0.683488 0.301417 0.035600 0.066402
0 0.639910 0.247921 0.024599 0.036693
0 0.403717 0.386725 0.052086 0.065108
0 0.789490 0.825885 0.066713 0.147299
0 0.615510 0.243699 0.025246 0.037060
4 0.616931 0.543170 0.023973 0.092148
1 0.587254 0.327435 0.040115 0.089133
0 0.831842 0.378206 0.042880 0.081661
1 0.543311 0.432950 0.044216 0.101249
0 0.822169 0.316098 0.040477 0.049055
0 0.555170 0.239680 0.028670 0.035060