2 0.504727 0.332731 0.084932 0.223067
0 0.699803 0.840201 0.110299 0.189548
4 0.639551 0.800460 0.036546 0.178809
0 0.672734 0.329993 0.043513 0.067611
0 0.430787 0.320523 0.062628 0.090918
0 0.806045 0.620139 0.091011 0.144277
0 0.755378 0.728521 0.094317 0.123912
0 0.909853 0.959789 0.178982 0.070602
0 0.899965 0.913584 0.199823 0.144562
0 0.805393 0.599901 0.087654 0.110693
0 0.867953 0.792926 0.201835 0.164083
0 0.120061 0.581577 0.074852 0.102708
0 0.447618 0.962762 0.100018 0.074476
0 0.897912 0.885040 0.204176 0.125315
1 0.780203 0.424027 0.055731 0.137273
0 0.791063 0.565970 0.081381 0.133623
4 0.851619 0.593784 0.026414 0.118892
4 0.729497 0.602604 0.027336 0.083316
0 0.887124 0.461103 0.116771 0.086474
0 0.855133 0.427649 0.091961 0.088147
3 0.527554 0.468593 0.023678 0.093550
0 0.880085 0.810155 0.204883 0.126056
3 0.556256 0.474838 0.027117 0.060345
4 0.739801 0.750206 0.028354 0.091614
0 0.891749 0.843130 0.213679 0.165152
0 0.280620 0.363711 0.051827 0.072470
4 0.656165 0.258223 0.014693 0.053948