0 0.451545 0.830470 0.168578 0.327264
0 0.202792 0.546851 0.165016 0.225441
0 0.179833 0.279598 0.154503 0.219507
0 0.775726 0.440941 0.229376 0.154991
0 0.597073 0.930591 0.207593 0.133654
4 0.021081 0.848607 0.042163 0.277323
1 0.274606 0.800157 0.198193 0.390914
0 0.072332 0.352463 0.142971 0.251536
0 0.449461 0.229204 0.146360 0.206159
4 0.051308 0.747901 0.062084 0.290230
0 0.401246 0.615215 0.140650 0.140468
0 0.378184 0.377431 0.146658 0.143643
0 0.057577 0.071482 0.099800 0.140639
4 0.468162 0.352527 0.036577 0.194715
4 0.537639 0.319956 0.037354 0.208084
4 0.302669 0.506858 0.037881 0.209839
4 0.936939 0.690144 0.049419 0.155458
4 0.634836 0.436111 0.047271 0.135224
4 0.619669 0.232035 0.054517 0.199905
4 0.595135 0.425969 0.047025 0.189115
4 0.063378 0.565152 0.069102 0.148716
4 0.610966 0.310208 0.041820 0.151190
4 0.280288 0.482531 0.040971 0.200858
4 0.799603 0.470843 0.031524 0.120066
4 0.611073 0.586288 0.071245 0.276035
4 0.916897 0.829297 0.072667 0.241068
4 0.978463 0.814729 0.042593 0.180355
4 0.396875 0.480702 0.052541 0.132435