0 0.550796 0.844698 0.128410 0.302384
0 0.630372 0.504743 0.068607 0.134145
0 0.900167 0.569645 0.107090 0.170614
0 0.301699 0.535505 0.109806 0.114869
0 0.693911 0.748111 0.102405 0.267216
0 0.158935 0.604612 0.132892 0.138838
0 0.834175 0.418249 0.057335 0.096928
0 0.141443 0.877678 0.175680 0.238172
0 0.955376 0.772289 0.088732 0.269495
0 0.379756 0.645945 0.078772 0.178899
0 0.555362 0.376045 0.048380 0.072492
0 0.248844 0.507542 0.083973 0.095569
4 0.172770 0.713235 0.032271 0.116421
1 0.748534 0.454768 0.061623 0.180109
3 0.779476 0.638001 0.034781 0.096834
4 0.699596 0.568503 0.030875 0.098306
1 0.238279 0.860691 0.132264 0.234928
0 0.837695 0.825066 0.105653 0.231941
4 0.779575 0.585894 0.040975 0.097118
4 0.856446 0.687992 0.047023 0.092934
0 0.303588 0.446283 0.058585 0.067020
4 0.623501 0.632140 0.032485 0.091331
4 0.368594 0.485875 0.019856 0.089709
0 0.808021 0.375074 0.046943 0.072476
0 0.546682 0.328103 0.036933 0.065105
2 0.683477 0.396158 0.051010 0.120920
0 0.075859 0.838378 0.150700 0.253892
4 0.292558 0.604897 0.023911 0.108661
0 0.441974 0.323687 0.035344 0.053762
3 0.623448 0.671011 0.031090 0.073359
4 0.279597 0.620674 0.023629 0.100142
4 0.249265 0.624376 0.021276 0.099138
2 0.732580 0.292854 0.058220 0.111020
0 0.387199 0.385278 0.052513 0.064268
0 0.804554 0.317734 0.041013 0.060627
0 0.743131 0.876991 0.158372 0.240030
0 0.905955 0.955528 0.175783 0.085568
1 0.732966 0.292715 0.058062 0.112698
1 0.075484 0.836420 0.149955 0.254189
0 0.557530 0.272965 0.027287 0.045224
4 0.232652 0.629143 0.020901 0.100119
0 0.411294 0.350471 0.045168 0.053460
3 0.623209 0.688868 0.030640 0.101411
0 0.565033 0.473280 0.065693 0.178132