2 0.809880 0.536318 0.178982 0.340563
0 0.680124 0.448366 0.070152 0.107586
0 0.655170 0.383963 0.103464 0.089033
0 0.661986 0.291413 0.066662 0.099253
0 0.706180 0.332661 0.053213 0.081767
0 0.027332 0.730338 0.054165 0.129477
0 0.496158 0.775594 0.105472 0.165571
0 0.304495 0.336068 0.064455 0.078469
0 0.043742 0.515004 0.085944 0.093528
0 0.495096 0.239158 0.068753 0.080737
2 0.155566 0.538596 0.152134 0.177107
0 0.101932 0.393546 0.095971 0.098095
0 0.582684 0.262114 0.077358 0.091250
0 0.243274 0.375856 0.081508 0.084860
0 0.088130 0.476854 0.087418 0.087966
0 0.272042 0.358297 0.060841 0.087022
4 0.420747 0.944066 0.020749 0.104039
2 0.192699 0.178516 0.120553 0.138236
0 0.363336 0.289944 0.082152 0.069721
0 0.015064 0.551324 0.030028 0.085330
0 0.351449 0.292865 0.073835 0.070337
0 0.175465 0.347809 0.072554 0.087005
0 0.032486 0.449733 0.064493 0.069039
0 0.134931 0.445704 0.066534 0.066840
0 0.114615 0.287526 0.095242 0.087040
0 0.213379 0.402598 0.071900 0.091951
1 0.405210 0.240585 0.078815 0.104060
4 0.368963 0.977460 0.016626 0.044854