0 0.621213 0.853323 0.057534 0.071603
0 0.770401 0.849794 0.072735 0.089430
0 0.269667 0.834611 0.059588 0.080430
0 0.055734 0.782088 0.059938 0.056958
0 0.230541 0.914132 0.068826 0.095175
0 0.691160 0.925282 0.073530 0.093892
0 0.112096 0.880058 0.062526 0.069086
0 0.600536 0.914339 0.062129 0.081640
0 0.501711 0.682037 0.040355 0.058794
0 0.436466 0.752034 0.044301 0.066619
0 0.682980 0.789109 0.036153 0.067685
0 0.336306 0.828489 0.057783 0.078154
0 0.460148 0.684669 0.048023 0.063733
0 0.655787 0.654610 0.022338 0.051228
0 0.624297 0.653373 0.021470 0.054570
0 0.895422 0.870119 0.069773 0.096501
0 0.051088 0.860804 0.054553 0.047538
2 0.605866 0.449158 0.043099 0.070959
0 0.556363 0.647467 0.033663 0.050476
1 0.895326 0.869531 0.069621 0.096669
0 0.289738 0.916087 0.064945 0.089511
0 0.810494 0.798138 0.057039 0.084390
0 0.586364 0.601987 0.029005 0.043367