0 0.693134 0.861444 0.214373 0.266583
0 0.218854 0.870037 0.213154 0.250898
0 0.356196 0.479573 0.132250 0.307945
0 0.021585 0.676945 0.042674 0.285179
0 0.047983 0.451667 0.095477 0.276087
0 0.443538 0.247705 0.162643 0.245089
4 0.171952 0.119943 0.043222 0.218581
4 0.036586 0.924905 0.054277 0.149737
4 0.224611 0.656987 0.058145 0.210980
4 0.243386 0.191040 0.039561 0.213003
4 0.116889 0.125802 0.048698 0.201980
4 0.971689 0.723307 0.054903 0.306579
4 0.269117 0.165887 0.040155 0.209951
4 0.846566 0.675501 0.045426 0.232972
4 0.330035 0.697938 0.049849 0.241747
4 0.937606 0.708690 0.051302 0.251555
0 0.068935 0.181908 0.136578 0.241146
4 0.274081 0.719900 0.047475 0.200155
0 0.141418 0.597394 0.142709 0.348211
4 0.804675 0.652213 0.044371 0.255488
4 0.755542 0.520492 0.045287 0.212772
4 0.622208 0.427073 0.044570 0.191039
3 0.069110 0.181751 0.135734 0.241181
4 0.102425 0.901785 0.041896 0.192429
0 0.789610 0.467905 0.204908 0.200515
4 0.145641 0.670259 0.049533 0.233858