2 0.713714 0.440640 0.096722 0.248685
0 0.863743 0.941594 0.090824 0.116812
0 0.891722 0.709712 0.059563 0.111015
4 0.082088 0.703461 0.029283 0.129026
4 0.154800 0.520444 0.020268 0.100988
0 0.884044 0.811334 0.071154 0.126971
0 0.903322 0.600063 0.056018 0.108689
0 0.879068 0.858958 0.071539 0.089682
2 0.684099 0.288312 0.066772 0.168327
0 0.563003 0.903521 0.082166 0.148072
0 0.099960 0.289968 0.025461 0.061079
4 0.192552 0.767267 0.030538 0.129475
0 0.870961 0.561632 0.048582 0.080549
0 0.440159 0.134243 0.033001 0.058946
0 0.372796 0.973032 0.082745 0.051714
4 0.779864 0.519606 0.022272 0.100444
4 0.905481 0.515924 0.018115 0.057590
4 0.310071 0.618442 0.027724 0.087073
0 0.317267 0.926801 0.102898 0.137354
0 0.416118 0.761837 0.066288 0.149182
0 0.425418 0.919362 0.077434 0.152186
2 0.689056 0.545078 0.061879 0.146748
0 0.259243 0.973885 0.098590 0.052051
4 0.197256 0.453407 0.018458 0.094138
2 0.626993 0.332258 0.041741 0.090922
0 0.886875 0.642882 0.064939 0.103194
1 0.363615 0.813470 0.095063 0.194331
4 0.337613 0.327380 0.015802 0.081949
2 0.017726 0.319964 0.035237 0.099826
0 0.171549 0.306387 0.031327 0.048218
1 0.574623 0.804682 0.103401 0.236379
2 0.451706 0.665064 0.101725 0.158165
2 0.508398 0.699329 0.078907 0.171654
2 0.598500 0.567399 0.060980 0.124118