0 0.441333 0.247833 0.157580 0.246523
0 0.780329 0.466472 0.222264 0.208659
4 0.684736 0.611102 0.052085 0.266034
4 0.015485 0.815081 0.030809 0.277130
4 0.615398 0.350041 0.040548 0.204110
4 0.034487 0.077531 0.058296 0.152953
4 0.745611 0.669677 0.065245 0.295693
4 0.503526 0.359361 0.035229 0.179207
3 0.035355 0.114679 0.052064 0.143200
4 0.641201 0.563793 0.050566 0.231852
4 0.319845 0.135593 0.038952 0.186162
4 0.532320 0.341952 0.036705 0.228070
4 0.903209 0.514065 0.053682 0.191922
4 0.295565 0.115123 0.037237 0.198571
4 0.786387 0.658889 0.056187 0.267590
4 0.221437 0.325953 0.073464 0.228610
4 0.140405 0.773582 0.052317 0.096050
4 0.079430 0.642918 0.081004 0.253688
4 0.349783 0.125063 0.033575 0.204660
0 0.754122 0.435371 0.166462 0.143293
4 0.571608 0.351377 0.031879 0.210790
4 0.633860 0.450144 0.045177 0.125238
4 0.718461 0.501112 0.043611 0.144414