0 0.195602 0.851400 0.162544 0.292382
0 0.463415 0.606176 0.195612 0.253143
0 0.194120 0.588104 0.223575 0.273688
0 0.445015 0.248358 0.165069 0.249148
0 0.322833 0.446453 0.155860 0.242903
0 0.100399 0.415527 0.169948 0.239919
0 0.049544 0.744945 0.098695 0.289420
0 0.397659 0.869000 0.176585 0.251626
0 0.794094 0.490783 0.201671 0.248519
4 0.868047 0.835803 0.058481 0.290804
0 0.284931 0.296672 0.165180 0.214424
4 0.926209 0.838580 0.055219 0.274054
4 0.777192 0.620668 0.036594 0.258730
0 0.567132 0.717153 0.197181 0.296204
4 0.584145 0.446487 0.045257 0.220993
4 0.728201 0.521612 0.041741 0.229400
4 0.527740 0.394389 0.043224 0.192393
4 0.693717 0.626852 0.062365 0.238855
3 0.600913 0.790689 0.165295 0.261105
4 0.844226 0.320800 0.047541 0.200855