0 0.593250 0.942864 0.086459 0.109798
0 0.618780 0.797133 0.058441 0.069419
0 0.686395 0.874968 0.073046 0.082698
0 0.057599 0.723752 0.059085 0.056424
0 0.759815 0.944238 0.074169 0.092135
0 0.245195 0.800334 0.066048 0.081565
0 0.117812 0.819313 0.063849 0.066749
0 0.598846 0.857316 0.060219 0.083144
0 0.754822 0.797500 0.064019 0.094482
0 0.183155 0.723588 0.059230 0.057388
0 0.122237 0.889151 0.077489 0.101194
0 0.676061 0.945316 0.060869 0.087287
0 0.246502 0.945195 0.081038 0.109609
0 0.624034 0.598279 0.024655 0.049103
0 0.864728 0.923739 0.087112 0.114135
0 0.343063 0.652439 0.055332 0.054776
0 0.485712 0.516718 0.036598 0.042009
0 0.128977 0.948204 0.080919 0.097210
0 0.891567 0.818761 0.069895 0.090510
1 0.299327 0.777593 0.072262 0.117142
2 0.660434 0.289602 0.033510 0.035810
0 0.543734 0.749286 0.042266 0.061113
0 0.053997 0.800718 0.055654 0.047812
0 0.694429 0.486390 0.021621 0.032899
0 0.297737 0.879900 0.078466 0.123223
0 0.682038 0.539419 0.026322 0.039863