0 0.055530 0.791964 0.060460 0.059466
0 0.619686 0.861602 0.061407 0.073392
0 0.842810 0.916703 0.087507 0.101859
0 0.708377 0.832666 0.063273 0.083959
0 0.205139 0.945615 0.071047 0.096492
0 0.692098 0.936888 0.075494 0.091069
0 0.432255 0.718978 0.055789 0.072874
0 0.600450 0.923226 0.061150 0.084673
0 0.111320 0.891133 0.061271 0.066625
0 0.625874 0.685710 0.024028 0.060399
0 0.562602 0.630989 0.032345 0.047009
0 0.052303 0.871920 0.054255 0.047707
2 0.605442 0.452353 0.043645 0.077603
0 0.895261 0.878867 0.071216 0.094874
0 0.657031 0.677982 0.022617 0.057280
4 0.765989 0.918721 0.013007 0.059404
1 0.895711 0.878671 0.070316 0.096070
0 0.628766 0.628442 0.028174 0.048906
1 0.810611 0.811445 0.057329 0.089627
0 0.035140 0.938683 0.070002 0.099822
0 0.179593 0.792582 0.055011 0.054074
0 0.295915 0.941902 0.080562 0.114950
1 0.035215 0.938201 0.070193 0.104822