0 0.124136 0.257064 0.156438 0.253146
0 0.084815 0.871830 0.168665 0.241579
0 0.443737 0.247094 0.167502 0.242021
4 0.434071 0.321675 0.050755 0.202192
4 0.234531 0.795239 0.060716 0.273270
4 0.045584 0.723467 0.061357 0.152320
0 0.755760 0.472400 0.193110 0.221086
4 0.217143 0.109893 0.048316 0.200903
4 0.248241 0.275140 0.050432 0.162649
4 0.364308 0.749195 0.072524 0.301528
4 0.192405 0.722921 0.059379 0.264773
4 0.345104 0.100316 0.040862 0.198947
4 0.313346 0.154245 0.033002 0.200638
1 0.092769 0.574052 0.150185 0.344506
4 0.286980 0.100607 0.038799 0.184391
0 0.093320 0.574831 0.150124 0.344007
4 0.738392 0.558589 0.031900 0.155314
0 0.213093 0.445218 0.169836 0.274674
4 0.378336 0.318221 0.046456 0.229069
4 0.846152 0.503839 0.035004 0.126299
3 0.488100 0.436789 0.075672 0.203362
4 0.685080 0.566438 0.048610 0.226749
4 0.716392 0.710703 0.056261 0.241028
4 0.818587 0.718446 0.047766 0.274624
4 0.672695 0.393127 0.051364 0.173748
4 0.357232 0.947179 0.069082 0.105145
4 0.606890 0.446893 0.056934 0.205179