2 0.713619 0.436498 0.092832 0.246012
0 0.863777 0.941862 0.090200 0.116277
0 0.891800 0.709587 0.059131 0.113880
4 0.132523 0.847315 0.033192 0.099200
4 0.060291 0.727220 0.033083 0.128237
0 0.320109 0.924745 0.105045 0.136343
0 0.171250 0.308417 0.032902 0.052502
2 0.681533 0.284342 0.069315 0.171334
0 0.569787 0.885983 0.082485 0.149132
0 0.902829 0.600483 0.057822 0.108546
0 0.884440 0.810328 0.070389 0.124869
2 0.434562 0.904981 0.079152 0.159777
0 0.878912 0.859161 0.071100 0.088842
4 0.179663 0.502836 0.020588 0.093649
1 0.363962 0.814594 0.093918 0.206408
0 0.258110 0.972880 0.101696 0.052946
0 0.385103 0.958554 0.087469 0.082318
0 0.870796 0.561767 0.048511 0.081123
2 0.691635 0.537763 0.060398 0.154646
4 0.162884 0.490956 0.017882 0.096337
3 0.128720 0.899372 0.034630 0.073586
4 0.909675 0.521347 0.017385 0.050595
4 0.548128 0.968928 0.027940 0.062143
2 0.577505 0.786938 0.102269 0.233708
0 0.050206 0.397713 0.035029 0.069699
0 0.018208 0.314250 0.036173 0.090365
0 0.886998 0.642779 0.064284 0.102368
2 0.604726 0.165826 0.052563 0.105249
2 0.363918 0.816182 0.093395 0.209040
0 0.417416 0.754443 0.070308 0.146652
4 0.325824 0.666607 0.033283 0.097883
4 0.278949 0.197521 0.012199 0.054823