2 0.804712 0.539945 0.178347 0.336872
0 0.115613 0.792612 0.135168 0.168565
0 0.064819 0.725585 0.129447 0.151785
0 0.212525 0.653106 0.129547 0.172514
0 0.721663 0.651840 0.078776 0.157111
0 0.637067 0.581545 0.062014 0.144224
0 0.629358 0.920169 0.137095 0.155480
0 0.440971 0.457798 0.087612 0.139452
0 0.341972 0.479053 0.097162 0.115147
0 0.018758 0.834810 0.037517 0.157240
2 0.495503 0.262664 0.093293 0.151317
0 0.971271 0.847077 0.056849 0.157402
0 0.409445 0.401421 0.072575 0.096963
0 0.371169 0.378862 0.066842 0.094450
0 0.249642 0.487358 0.086991 0.110172
0 0.273116 0.528194 0.098574 0.112096
0 0.162809 0.630737 0.098397 0.153957
0 0.048440 0.637753 0.096578 0.149698
0 0.484064 0.788837 0.086989 0.160661
2 0.560671 0.496632 0.057120 0.289979
0 0.436320 0.341191 0.074001 0.070838
0 0.224768 0.453439 0.080673 0.112120
4 0.258326 0.884589 0.028402 0.061969
0 0.124029 0.541863 0.094661 0.106976
0 0.310834 0.425555 0.067709 0.093961
4 0.418878 0.851796 0.020438 0.115852
4 0.570090 0.948777 0.026238 0.102445
0 0.145138 0.578906 0.105346 0.130702
0 0.570139 0.278221 0.059651 0.085361
1 0.267238 0.950909 0.093849 0.093473