0 0.049424 0.457834 0.098695 0.243801
0 0.113200 0.324929 0.153815 0.215451
0 0.445682 0.246936 0.160603 0.242312
0 0.168031 0.126365 0.162759 0.205930
0 0.023546 0.156519 0.046605 0.186081
0 0.432405 0.908426 0.184930 0.177653
4 0.051451 0.772524 0.062966 0.264920
0 0.223929 0.254758 0.136373 0.241883
0 0.360314 0.390148 0.162808 0.209029
0 0.466625 0.514094 0.142251 0.269168
3 0.605017 0.232729 0.072249 0.142702
3 0.387093 0.629810 0.082243 0.144462
4 0.982456 0.491164 0.034415 0.208832
1 0.237801 0.654898 0.227390 0.448237
3 0.022813 0.602469 0.045625 0.118501
4 0.557694 0.251560 0.047683 0.220067
4 0.797034 0.647324 0.064952 0.134627
4 0.831587 0.524252 0.042650 0.205686
4 0.683649 0.563736 0.044518 0.234401
4 0.735889 0.557297 0.039768 0.248930
4 0.664568 0.378044 0.046118 0.150193
3 0.946999 0.492897 0.049311 0.128214
0 0.737247 0.934532 0.285374 0.125724
4 0.704083 0.514835 0.043908 0.260670
3 0.569912 0.509381 0.091736 0.209874
4 0.658130 0.542155 0.029451 0.227963