2 0.807419 0.540807 0.172634 0.337553
2 0.782956 0.227911 0.097821 0.185667
0 0.234573 0.542408 0.114016 0.129605
0 0.128032 0.778957 0.142490 0.163816
0 0.207240 0.667454 0.112256 0.129574
0 0.650230 0.628570 0.076358 0.159224
0 0.314230 0.569016 0.097040 0.144447
0 0.589274 0.665756 0.075142 0.159408
0 0.628241 0.428396 0.042854 0.130491
0 0.673768 0.531113 0.057622 0.140430
0 0.038864 0.779080 0.077231 0.129197
0 0.673664 0.296272 0.055009 0.086299
0 0.103334 0.607687 0.122539 0.138693
0 0.126342 0.662595 0.115144 0.135841
4 0.544043 0.810123 0.024677 0.114469
0 0.154366 0.442439 0.105810 0.107743
0 0.492994 0.236579 0.062118 0.074177
0 0.487521 0.342115 0.063956 0.084207
0 0.164774 0.529601 0.112074 0.104184
0 0.716841 0.255798 0.048246 0.083137
0 0.100846 0.392284 0.096799 0.099947
0 0.593443 0.314384 0.054374 0.080806
4 0.413275 0.698045 0.024240 0.104770
0 0.542257 0.503111 0.053399 0.156859
0 0.421230 0.344334 0.089280 0.103302
0 0.363423 0.286797 0.081420 0.066240
4 0.588294 0.952303 0.020209 0.088097
0 0.664674 0.374339 0.044329 0.096819
1 0.405662 0.242550 0.079808 0.113047
0 0.088130 0.484418 0.099941 0.102401