0 0.077766 0.850482 0.155532 0.291890
0 0.142298 0.638240 0.183546 0.290777
0 0.451482 0.240082 0.149419 0.229758
0 0.212226 0.422730 0.149271 0.250051
0 0.794402 0.478813 0.189697 0.224216
0 0.043617 0.095686 0.086821 0.188039
0 0.156497 0.199973 0.160994 0.178111
0 0.045599 0.930736 0.090748 0.131798
3 0.344485 0.513961 0.062578 0.099435
0 0.387228 0.840226 0.176397 0.310244
4 0.901782 0.458787 0.047373 0.221591
0 0.070641 0.441340 0.126806 0.189663
4 0.902338 0.758170 0.049588 0.257044
4 0.293459 0.112043 0.043173 0.219389
0 0.210305 0.062474 0.088454 0.122802
3 0.425635 0.559042 0.075562 0.101318
4 0.263479 0.103517 0.034380 0.205025
4 0.829382 0.772803 0.121952 0.320512
4 0.350174 0.436367 0.056326 0.195139
4 0.590708 0.281164 0.037203 0.209113
4 0.587520 0.899078 0.065427 0.194624
4 0.777560 0.604454 0.037799 0.235398
0 0.542105 0.704129 0.151207 0.253295
4 0.378851 0.275506 0.056399 0.215750
4 0.704300 0.530185 0.042746 0.257970
4 0.756565 0.530514 0.050177 0.228401
4 0.432038 0.464357 0.054282 0.183830
4 0.950887 0.727055 0.047822 0.280512
0 0.063795 0.337973 0.118010 0.156418
4 0.760111 0.285863 0.073161 0.105595
4 0.505232 0.389542 0.052937 0.125668
4 0.660074 0.605215 0.045149 0.251163
0 0.040360 0.575705 0.080691 0.198131