0 0.573582 0.710648 0.100250 0.246675
0 0.154218 0.605875 0.132151 0.141476
0 0.685494 0.645761 0.087109 0.212525
0 0.952101 0.771922 0.094156 0.269800
0 0.244287 0.508295 0.083126 0.098352
0 0.630809 0.467032 0.060692 0.117040
0 0.061159 0.844265 0.121708 0.235904
0 0.828527 0.417011 0.064044 0.098406
0 0.894922 0.567939 0.105820 0.163687
4 0.817256 0.590526 0.039017 0.068040
1 0.439379 0.602555 0.119062 0.199565
0 0.295274 0.534085 0.102939 0.112050
0 0.803665 0.688479 0.078234 0.153595
0 0.301678 0.445828 0.068921 0.070080
4 0.625392 0.567803 0.029716 0.096411
4 0.128450 0.763447 0.036135 0.131549
0 0.046835 0.712192 0.093669 0.088287
1 0.265792 0.862795 0.118316 0.261093
0 0.804224 0.376808 0.045311 0.077487
4 0.749262 0.520083 0.034473 0.097209
0 0.379705 0.565248 0.073467 0.132639
4 0.694256 0.498102 0.024854 0.082979
0 0.382184 0.383154 0.052067 0.064755
4 0.409645 0.426118 0.018898 0.070712
2 0.677597 0.373008 0.048125 0.112236
4 0.226131 0.652126 0.024103 0.104180
3 0.751558 0.565052 0.030130 0.083271
3 0.861328 0.701687 0.039632 0.129485
0 0.266103 0.863388 0.118132 0.263700
2 0.729659 0.284772 0.056369 0.105373
4 0.861735 0.649680 0.042371 0.125713
0 0.406581 0.350834 0.044346 0.053870
4 0.348819 0.510064 0.020449 0.094612
0 0.345947 0.401630 0.064727 0.052759
3 0.326542 0.593400 0.034119 0.089419
1 0.728836 0.824711 0.138768 0.337209
4 0.209986 0.652914 0.021991 0.120527
0 0.025154 0.712706 0.050090 0.083469
1 0.729832 0.282916 0.055277 0.101036
0 0.436400 0.325216 0.032374 0.055747
0 0.738030 0.447996 0.052125 0.097715
0 0.607678 0.254564 0.029622 0.047257
0 0.784187 0.251416 0.027929 0.041323
0 0.872773 0.876486 0.169817 0.241169
1 0.737484 0.414708 0.055406 0.158538
0 0.524217 0.356882 0.046880 0.067336