2 0.714177 0.430099 0.092704 0.240405
0 0.863942 0.941206 0.091743 0.116860
0 0.892093 0.708926 0.059973 0.111837
2 0.681768 0.273625 0.065976 0.150056
0 0.171270 0.308831 0.033845 0.053906
0 0.884234 0.810071 0.072418 0.125359
0 0.871708 0.563888 0.047902 0.084549
2 0.582838 0.774930 0.100086 0.228904
4 0.197333 0.478760 0.018215 0.091807
2 0.438819 0.893768 0.082919 0.160122
4 0.168192 0.485823 0.018279 0.098483
0 0.480181 0.240644 0.034680 0.075174
0 0.902982 0.601194 0.058422 0.109461
0 0.573101 0.870520 0.078177 0.144560
0 0.879164 0.860130 0.071363 0.091537
2 0.364762 0.808193 0.094260 0.184152
2 0.604808 0.162525 0.050775 0.112900
0 0.985484 0.841269 0.028050 0.131946
0 0.317818 0.924260 0.099644 0.135272
0 0.243119 0.697328 0.066791 0.139199
4 0.032463 0.754108 0.029865 0.132147
4 0.682780 0.854365 0.038202 0.109076
0 0.258601 0.972903 0.100284 0.054037
0 0.336743 0.172483 0.030387 0.041574
3 0.682820 0.911219 0.034416 0.090337
2 0.018496 0.321560 0.036853 0.109545
0 0.089081 0.396288 0.044325 0.085482
4 0.914759 0.529504 0.020250 0.043833
4 0.018783 0.910677 0.034200 0.102735
0 0.887562 0.643649 0.064737 0.104858
4 0.145310 0.507404 0.017081 0.090791
2 0.441404 0.118068 0.043740 0.129807
0 0.352617 0.981061 0.082292 0.037879
0 0.400671 0.945104 0.086474 0.108831
2 0.562747 0.401934 0.066636 0.118237
0 0.418871 0.751818 0.069840 0.146114
4 0.561967 0.957979 0.027879 0.084042
2 0.492265 0.816554 0.072581 0.205217
2 0.569772 0.336319 0.072643 0.162382
2 0.635939 0.427835 0.066088 0.145284
0 0.049068 0.432287 0.036072 0.076091
4 0.278364 0.202965 0.014568 0.052668
1 0.985690 0.841402 0.028132 0.131891
1 0.440022 0.117698 0.045573 0.125208