2 0.712993 0.429580 0.091364 0.239528
0 0.863141 0.941881 0.090709 0.115680
0 0.891518 0.708357 0.060507 0.119074
0 0.374994 0.564641 0.075108 0.124467
2 0.386143 0.777442 0.090295 0.185956
2 0.682417 0.270547 0.065886 0.154262
0 0.964796 0.889889 0.069930 0.129894
0 0.323952 0.910433 0.106619 0.137341
0 0.385840 0.357809 0.038768 0.092214
4 0.087915 0.581708 0.023343 0.105267
0 0.451969 0.369873 0.051108 0.081922
2 0.567477 0.403459 0.065830 0.109833
4 0.121150 0.536232 0.019240 0.101265
2 0.639121 0.417239 0.062070 0.147025
0 0.870458 0.563230 0.047903 0.083635
0 0.884682 0.804368 0.068901 0.113825
0 0.018492 0.322004 0.036607 0.108005
0 0.362308 0.424437 0.044913 0.097371
0 0.878525 0.861286 0.071513 0.090840
0 0.576015 0.847195 0.077387 0.152935
0 0.256436 0.973646 0.098631 0.051408
2 0.679701 0.556555 0.078301 0.140349
2 0.667498 0.699241 0.062933 0.167146
4 0.942524 0.936137 0.026411 0.126939
2 0.604657 0.156259 0.050975 0.114797
1 0.588360 0.754501 0.103972 0.218792
0 0.886109 0.643471 0.064274 0.103550
0 0.901645 0.600177 0.054370 0.112005
4 0.947477 0.584527 0.017348 0.090084
1 0.296107 0.137210 0.036820 0.075669
0 0.181990 0.321984 0.057656 0.080289