2 0.112688 0.551162 0.224473 0.306858
2 0.812707 0.537137 0.174207 0.340363
2 0.311745 0.511171 0.205174 0.283375
0 0.668661 0.407577 0.052782 0.138165
0 0.051239 0.817350 0.102004 0.238793
0 0.690494 0.561778 0.057920 0.156427
0 0.496123 0.239286 0.068844 0.079246
0 0.707333 0.231139 0.053548 0.088849
0 0.651730 0.332274 0.055939 0.090690
0 0.152244 0.618654 0.134620 0.160322
0 0.774271 0.731237 0.105540 0.180934
2 0.192476 0.178238 0.120775 0.139393
0 0.352908 0.762624 0.076957 0.176087
0 0.757653 0.166580 0.052110 0.067483
2 0.301400 0.143334 0.111015 0.102581
0 0.576363 0.247102 0.061981 0.075195
0 0.362725 0.289872 0.083057 0.069942
0 0.729656 0.299414 0.046692 0.120576
2 0.082840 0.228350 0.102912 0.127716
4 0.300034 0.791661 0.025094 0.110887
0 0.102706 0.394762 0.094358 0.095710
0 0.571333 0.425531 0.052713 0.138166
0 0.738824 0.363402 0.043069 0.088401
0 0.305992 0.336044 0.066092 0.077214
0 0.031993 0.455047 0.063924 0.075391
4 0.126837 0.857765 0.035314 0.121106
0 0.175067 0.347625 0.070859 0.088864
4 0.355935 0.605459 0.026240 0.086854
0 0.273562 0.361951 0.069021 0.099251
4 0.376238 0.956990 0.021364 0.080453