0 0.621701 0.855489 0.056469 0.071913
0 0.787130 0.865120 0.074408 0.091568
0 0.056169 0.785644 0.060756 0.058684
0 0.223939 0.921745 0.068897 0.099872
0 0.452822 0.695804 0.050707 0.069213
0 0.600379 0.917102 0.061564 0.082103
0 0.258687 0.837504 0.061745 0.086694
0 0.328946 0.838236 0.058606 0.080994
0 0.692667 0.925083 0.073094 0.098391
0 0.655078 0.660744 0.022018 0.052143
0 0.112188 0.882828 0.062598 0.065893
0 0.688327 0.798971 0.040739 0.068421
0 0.623962 0.661483 0.022869 0.052670
0 0.495035 0.690439 0.040227 0.057534
0 0.051580 0.862667 0.054242 0.047488
0 0.895255 0.871329 0.070250 0.097180
0 0.550624 0.652507 0.035941 0.053632
0 0.580203 0.608700 0.030273 0.043631
0 0.432020 0.760123 0.038779 0.066267
0 0.593192 0.975390 0.085710 0.049219
0 0.296884 0.935821 0.076213 0.123660
0 0.652584 0.530172 0.024511 0.035443