0 0.864546 0.911519 0.175533 0.174903
0 0.633701 0.681714 0.122176 0.234478
0 0.481031 0.571109 0.130725 0.231895
0 0.945365 0.838184 0.108706 0.258994
0 0.682930 0.418782 0.096314 0.181769
0 0.532657 0.853493 0.115215 0.282333
0 0.544141 0.356031 0.067219 0.135291
4 0.708212 0.562426 0.046232 0.158834
4 0.612135 0.629078 0.034962 0.058867
3 0.821402 0.675070 0.045864 0.139562
3 0.709381 0.612259 0.040009 0.124319
0 0.485188 0.414021 0.095842 0.134116
0 0.626403 0.969929 0.149828 0.056229
4 0.819331 0.621253 0.052233 0.160286
4 0.617101 0.515735 0.050985 0.102256
4 0.879086 0.433633 0.039500 0.135198
3 0.880317 0.482369 0.035952 0.109318
0 0.682601 0.034666 0.041025 0.066492
1 0.663939 0.163484 0.064414 0.156302
3 0.483274 0.697814 0.047512 0.128331
4 0.485444 0.653678 0.057690 0.153743
4 0.803885 0.238441 0.027117 0.067190
0 0.402388 0.888160 0.167192 0.216212
3 0.733937 0.286604 0.025256 0.077566
0 0.588242 0.288961 0.073947 0.111969
3 0.778518 0.381327 0.031784 0.081936
4 0.732846 0.252037 0.027165 0.091208