0 0.697114 0.837874 0.109551 0.186966
0 0.594484 0.605211 0.080398 0.135407
0 0.381179 0.482568 0.072755 0.114087
0 0.640587 0.479140 0.070385 0.111184
0 0.375518 0.879524 0.154415 0.240844
0 0.591619 0.444673 0.069711 0.087770
0 0.790935 0.569083 0.080466 0.134286
0 0.699789 0.366955 0.047697 0.073346
4 0.546518 0.646882 0.039755 0.123838
4 0.766389 0.494540 0.024256 0.090942
4 0.766834 0.867958 0.045679 0.254610
0 0.803268 0.639663 0.089601 0.132722
0 0.632822 0.273683 0.039228 0.052686
0 0.910848 0.959971 0.177035 0.070806
4 0.375913 0.968841 0.051801 0.060387
0 0.854080 0.530962 0.085326 0.099052
3 0.545977 0.690634 0.036418 0.090790
0 0.611318 0.223133 0.031307 0.042900
0 0.754209 0.720910 0.096804 0.119733
0 0.683343 0.321033 0.039935 0.082053
4 0.690641 0.543766 0.027447 0.111817
0 0.897711 0.903730 0.201481 0.162465
0 0.658889 0.305083 0.029440 0.056277
0 0.834555 0.365954 0.049805 0.057227
0 0.391861 0.431681 0.063674 0.095463
0 0.781373 0.311765 0.045379 0.065295
3 0.694026 0.576867 0.046902 0.072718
1 0.463741 0.408532 0.044147 0.097769
1 0.475726 0.282808 0.029472 0.093968
4 0.877571 0.346515 0.016757 0.071832
4 0.496541 0.415762 0.025193 0.067107
0 0.896505 0.872349 0.206990 0.129509
1 0.938190 0.652631 0.121926 0.208098
2 0.938590 0.653174 0.122198 0.209810
0 0.433721 0.292890 0.033297 0.060827
0 0.855813 0.803481 0.123991 0.113341
2 0.463578 0.408093 0.044269 0.096030