2 0.712789 0.429477 0.091178 0.239184
2 0.385096 0.776863 0.088759 0.179109
0 0.862873 0.941757 0.091092 0.116162
0 0.962559 0.902592 0.074504 0.131449
0 0.891442 0.709539 0.060690 0.114476
0 0.323725 0.912146 0.109817 0.135447
0 0.457672 0.345780 0.047858 0.077052
0 0.395003 0.529667 0.072531 0.123249
2 0.682034 0.273447 0.064659 0.159922
0 0.870764 0.562993 0.047278 0.082858
4 0.127539 0.530169 0.023533 0.099872
0 0.018136 0.326747 0.035916 0.096279
2 0.567052 0.402699 0.066203 0.106664
0 0.878798 0.862506 0.071388 0.093976
2 0.666753 0.697088 0.063888 0.169393
0 0.884134 0.804676 0.070532 0.114471
4 0.090159 0.573175 0.019430 0.102101
0 0.257650 0.973168 0.100613 0.052039
0 0.576338 0.852188 0.075825 0.139774
4 0.282589 0.291380 0.015512 0.069904
0 0.356206 0.037459 0.026786 0.042430
2 0.641426 0.417600 0.054883 0.143045
0 0.901419 0.600529 0.054621 0.112039
2 0.680618 0.555578 0.080237 0.138505
0 0.366458 0.400621 0.040249 0.094727
0 0.375579 0.953361 0.111025 0.090792
1 0.386369 0.101923 0.026416 0.058439
0 0.886299 0.643494 0.065099 0.103562
1 0.297147 0.135378 0.038670 0.072683
2 0.605373 0.153038 0.050504 0.107355
2 0.588430 0.751965 0.101374 0.213733
4 0.247117 0.482011 0.019422 0.077228
4 0.052950 0.342025 0.013325 0.056756
0 0.182238 0.320280 0.057099 0.076220
4 0.945143 0.582438 0.017094 0.089580
0 0.433714 0.722599 0.070738 0.139655