0 0.109081 0.618721 0.139388 0.141030
0 0.224520 0.886513 0.235654 0.217688
0 0.654198 0.617726 0.071616 0.197371
1 0.761106 0.855051 0.152663 0.284207
1 0.762884 0.623904 0.087413 0.198401
0 0.636865 0.482265 0.063696 0.128183
0 0.189611 0.772738 0.117871 0.206007
0 0.528620 0.930111 0.127633 0.136530
0 0.505940 0.377949 0.050417 0.069904
4 0.189780 0.630693 0.025590 0.095694
0 0.780297 0.427213 0.063275 0.093357
4 0.089015 0.795334 0.045557 0.152773
0 0.250394 0.597917 0.100080 0.141837
0 0.304172 0.413302 0.060961 0.058100
0 0.201106 0.518996 0.087050 0.096981
0 0.532976 0.299829 0.034830 0.050001
0 0.849165 0.576811 0.099405 0.171273
0 0.928534 0.774624 0.142246 0.265988
0 0.341211 0.393442 0.054593 0.064937
1 0.560471 0.658573 0.062456 0.171864
0 0.022842 0.716610 0.044908 0.065963
4 0.842865 0.713056 0.033944 0.113490
0 0.037510 0.831252 0.074538 0.186885
0 0.260006 0.527133 0.096373 0.072936
1 0.928840 0.774141 0.142283 0.266645
0 0.560292 0.657352 0.063026 0.164854
0 0.279354 0.463604 0.108034 0.089030
0 0.057804 0.827199 0.114632 0.196372
2 0.651521 0.271149 0.028808 0.074999
3 0.842405 0.782042 0.035339 0.118760
3 0.384243 0.603006 0.032902 0.079778
0 0.366476 0.360513 0.044719 0.056896
0 0.255814 0.455943 0.061004 0.071585