0 0.124401 0.738811 0.169184 0.315463
0 0.770026 0.483795 0.245704 0.247743
0 0.198395 0.395673 0.172236 0.276289
0 0.041935 0.234845 0.083869 0.221640
4 0.782281 0.659686 0.049683 0.274912
4 0.940358 0.735504 0.051312 0.271694
0 0.374459 0.712754 0.144073 0.295508
4 0.333739 0.232111 0.052202 0.210491
4 0.057155 0.918976 0.080882 0.161417
4 0.499026 0.352335 0.047397 0.224672
4 0.613355 0.503999 0.059175 0.241788
4 0.284101 0.770316 0.068427 0.204240
3 0.271017 0.841266 0.085902 0.172962
4 0.746803 0.676051 0.046196 0.256552
0 0.053625 0.098239 0.103477 0.188046
0 0.041698 0.440365 0.083194 0.282996
0 0.445667 0.240922 0.161939 0.230420
4 0.781694 0.314551 0.037134 0.115689
3 0.811850 0.918756 0.104966 0.159994
4 0.275130 0.190693 0.036922 0.179700
4 0.556051 0.378139 0.049702 0.243572
4 0.599798 0.256281 0.040396 0.194495
3 0.424383 0.909617 0.073472 0.180766
3 0.953226 0.511612 0.092348 0.153751
4 0.739952 0.508572 0.040719 0.151493
4 0.307103 0.549254 0.072706 0.152601
4 0.718446 0.672401 0.040554 0.363696
4 0.400566 0.308486 0.053517 0.234016
3 0.161476 0.924494 0.075498 0.150928
4 0.424486 0.908852 0.073816 0.182296