2 0.807429 0.541181 0.177185 0.341627
0 0.166419 0.538565 0.109017 0.137593
0 0.672476 0.600043 0.066808 0.170468
0 0.578500 0.535436 0.057459 0.152218
0 0.230279 0.707986 0.105459 0.122565
0 0.041364 0.514368 0.082030 0.093013
0 0.354004 0.389056 0.084022 0.105430
0 0.360671 0.757918 0.114233 0.166981
2 0.493823 0.250922 0.094910 0.131474
0 0.153528 0.444154 0.105170 0.110069
0 0.490446 0.799690 0.103779 0.166684
4 0.883548 0.734410 0.026216 0.103232
0 0.619744 0.645680 0.084895 0.154468
0 0.100460 0.391154 0.098466 0.100011
2 0.191718 0.184972 0.123103 0.155341
0 0.491167 0.365622 0.099768 0.118864
0 0.747281 0.723671 0.088196 0.127915
0 0.600679 0.403945 0.058259 0.156562
0 0.544836 0.412282 0.066156 0.121289
0 0.042450 0.832744 0.084519 0.149060
0 0.654739 0.499042 0.054003 0.115949
0 0.068065 0.634897 0.136131 0.156257
0 0.113951 0.288615 0.096284 0.089428
2 0.310401 0.607372 0.105812 0.194074
0 0.176094 0.348948 0.069905 0.084974
0 0.013776 0.553210 0.027455 0.089197
4 0.259730 0.885124 0.022761 0.057583
0 0.310034 0.608485 0.106062 0.191132
0 0.032466 0.449475 0.064356 0.068562