0 0.641817 0.753032 0.132611 0.251858
0 0.483892 0.631572 0.139853 0.248893
0 0.696908 0.469280 0.099310 0.192618
3 0.724991 0.688976 0.045968 0.133183
3 0.900815 0.531503 0.043414 0.125649
0 0.965659 0.902502 0.067565 0.184027
4 0.617976 0.697170 0.038744 0.062041
4 0.722625 0.634449 0.050423 0.168043
4 0.901282 0.484258 0.044710 0.148974
3 0.834747 0.740044 0.062215 0.172269
4 0.630676 0.580917 0.051818 0.095702
0 0.682610 0.033438 0.037532 0.064774
0 0.481985 0.455842 0.103873 0.150786
3 0.481093 0.787952 0.053554 0.136928
4 0.811610 0.253661 0.029007 0.067928
0 0.652000 0.355815 0.069208 0.153356
3 0.742191 0.307064 0.028125 0.087495
0 0.526206 0.907366 0.124180 0.180190
1 0.670990 0.180017 0.065700 0.159718
0 0.549785 0.382595 0.076025 0.169701
4 0.479783 0.731532 0.058570 0.156530
4 0.837061 0.691239 0.057779 0.172077
3 0.825245 0.410011 0.030398 0.105771
2 0.671044 0.181644 0.066131 0.162186
3 0.810962 0.408445 0.054360 0.103532
0 0.695720 0.378570 0.100010 0.128431