0 0.126103 0.612503 0.136313 0.143494
0 0.642530 0.669053 0.093671 0.225832
1 0.837351 0.874184 0.150401 0.244076
0 0.677967 0.876710 0.112741 0.244500
0 0.867034 0.577240 0.103487 0.165528
0 0.351181 0.590723 0.118684 0.138337
0 0.220358 0.512882 0.086791 0.100544
4 0.214013 0.639107 0.029137 0.124134
0 0.802299 0.427628 0.058465 0.092579
0 0.599338 0.432940 0.050571 0.111086
0 0.936822 0.779658 0.125261 0.272524
0 0.272056 0.541183 0.108687 0.113495
0 0.371650 0.475402 0.057822 0.096142
0 0.167328 0.891388 0.222272 0.204669
0 0.031693 0.710338 0.062907 0.065397
0 0.353510 0.685329 0.087967 0.179059
0 0.059236 0.833514 0.118132 0.227753
0 0.747660 0.740454 0.077194 0.194157
0 0.625695 0.355025 0.040642 0.069821
0 0.272012 0.449741 0.058999 0.064933
0 0.578531 0.276817 0.030056 0.045581
0 0.323184 0.408524 0.063947 0.058495
0 0.359522 0.388594 0.051869 0.064757
1 0.578934 0.565106 0.060414 0.166141
3 0.815311 0.712406 0.042490 0.087699
4 0.801758 0.572095 0.032589 0.094074
0 0.384109 0.357484 0.041809 0.056217
4 0.962999 0.957447 0.059189 0.085106
2 0.708856 0.261795 0.047174 0.080848
4 0.812971 0.656776 0.038089 0.095846
0 0.311119 0.467626 0.068854 0.069643