2 0.713101 0.429040 0.091964 0.237578
0 0.251592 0.753798 0.100067 0.159954
0 0.863327 0.941748 0.091622 0.116146
0 0.021607 0.468085 0.042210 0.081295
0 0.967514 0.840153 0.064646 0.124755
0 0.385703 0.074462 0.030581 0.045481
0 0.418558 0.470226 0.065822 0.108890
0 0.891640 0.706056 0.060237 0.121749
0 0.331798 0.907669 0.111447 0.147813
4 0.961866 0.909263 0.026142 0.130599
2 0.681617 0.273117 0.064857 0.156074
2 0.592262 0.742036 0.102655 0.218768
0 0.260004 0.972705 0.095152 0.054374
2 0.391943 0.766542 0.093281 0.181947
0 0.367584 0.023929 0.025490 0.042853
2 0.567736 0.402680 0.065981 0.112206
0 0.576633 0.837072 0.078847 0.141479
0 0.885112 0.809051 0.069781 0.123639
0 0.870593 0.563608 0.047212 0.083891
0 0.878674 0.864081 0.071461 0.094500
4 0.064308 0.607688 0.022878 0.106943
4 0.055524 0.770815 0.025936 0.133445
2 0.669825 0.690977 0.061291 0.156503
4 0.938709 0.595756 0.016308 0.097718
2 0.430863 0.369112 0.039016 0.095006
2 0.150378 0.169484 0.079911 0.086966
2 0.682232 0.553450 0.081995 0.136275
0 0.360180 0.435780 0.042958 0.096602
0 0.018526 0.321631 0.036858 0.110948
2 0.632519 0.408419 0.057139 0.163500
4 0.276756 0.302356 0.016313 0.069453
4 0.106121 0.552984 0.021202 0.104096
2 0.604399 0.155870 0.050904 0.118265
1 0.331682 0.532824 0.048803 0.115895