2 0.806416 0.539451 0.173248 0.336713
0 0.610994 0.707820 0.100846 0.184821
0 0.640571 0.583003 0.062738 0.128058
0 0.731293 0.645274 0.089711 0.134597
0 0.398475 0.497471 0.093366 0.136248
0 0.097643 0.818368 0.080417 0.167889
0 0.376578 0.712904 0.064926 0.151095
0 0.340122 0.470136 0.080077 0.105564
0 0.666830 0.477051 0.049248 0.110019
0 0.095369 0.618003 0.116043 0.147508
0 0.346307 0.780820 0.114512 0.146639
0 0.043245 0.563853 0.086184 0.192442
0 0.420472 0.618528 0.087704 0.103720
0 0.150589 0.441637 0.101890 0.107809
0 0.080845 0.480729 0.114908 0.095371
0 0.306126 0.334040 0.064971 0.073823
2 0.754420 0.313491 0.085128 0.212091
0 0.211836 0.496869 0.139880 0.123874
4 0.592725 0.959031 0.034760 0.080688
2 0.656054 0.386088 0.047001 0.140271
0 0.100781 0.391665 0.097949 0.098390
4 0.688885 0.427538 0.019306 0.098230
0 0.237394 0.568772 0.104239 0.157169
0 0.495134 0.240027 0.069132 0.089684
4 0.798832 0.688562 0.022936 0.100225
0 0.485269 0.463647 0.070979 0.127328
0 0.487865 0.805907 0.083603 0.166967
4 0.400592 0.952946 0.023679 0.092496
0 0.176697 0.347739 0.071384 0.085312
0 0.579051 0.370879 0.043262 0.089995
0 0.748510 0.914291 0.161330 0.166466