2 0.803470 0.540492 0.181273 0.340540
0 0.639760 0.713174 0.130373 0.218652
0 0.116210 0.792308 0.134914 0.168305
0 0.064811 0.725537 0.129467 0.151816
0 0.210089 0.653149 0.125467 0.171958
0 0.410332 0.405869 0.074516 0.106354
0 0.018824 0.834644 0.037647 0.157036
0 0.342287 0.479114 0.098268 0.116035
0 0.704642 0.602541 0.063130 0.151458
2 0.695580 0.431137 0.064946 0.176442
2 0.495988 0.262590 0.094289 0.151751
0 0.249687 0.487595 0.087157 0.110829
0 0.048520 0.637359 0.096731 0.153653
0 0.577963 0.398828 0.055969 0.110483
0 0.162929 0.630610 0.098637 0.156202
0 0.581508 0.258178 0.054881 0.080385
0 0.631107 0.451555 0.058339 0.108549
0 0.629191 0.919642 0.137461 0.157585
0 0.370743 0.379132 0.067370 0.095472
0 0.273258 0.528060 0.099766 0.111737
0 0.436669 0.341043 0.074162 0.070932
0 0.223393 0.453672 0.083478 0.113765
0 0.670481 0.322936 0.060940 0.102232
0 0.517085 0.580565 0.068646 0.143270
4 0.415453 0.900648 0.025649 0.127594
0 0.311195 0.425297 0.067902 0.093500
0 0.481183 0.784560 0.079681 0.164543
0 0.580790 0.522533 0.058787 0.132894
0 0.485353 0.808888 0.068883 0.115378
0 0.124169 0.542025 0.093523 0.107935
4 0.261476 0.884702 0.028368 0.061224
0 0.145402 0.578111 0.106035 0.132529