2 0.112629 0.519296 0.223661 0.242759
2 0.808867 0.535605 0.183186 0.336966
2 0.258459 0.543156 0.219191 0.281083
0 0.089649 0.819736 0.139950 0.172722
0 0.217108 0.714392 0.117705 0.146723
2 0.078820 0.691602 0.155413 0.277837
0 0.384418 0.645740 0.088559 0.147017
0 0.322485 0.615663 0.094202 0.131767
0 0.642492 0.382447 0.052080 0.104110
0 0.653373 0.587190 0.067134 0.164535
0 0.649506 0.714634 0.105210 0.194942
0 0.385248 0.448000 0.056608 0.093385
0 0.694733 0.436272 0.049251 0.106159
0 0.476776 0.457360 0.089596 0.126958
4 0.318587 0.773320 0.030318 0.115306
2 0.472323 0.335569 0.096518 0.164790
0 0.102939 0.394691 0.095855 0.095148
0 0.305636 0.333197 0.064808 0.071943
0 0.032084 0.454595 0.063853 0.078203
2 0.192642 0.184722 0.120011 0.149591
2 0.301438 0.143514 0.110287 0.103972
0 0.496034 0.230134 0.064386 0.065758
2 0.083031 0.228939 0.103938 0.124807
0 0.771853 0.246588 0.047769 0.074393
4 0.399577 0.952921 0.023300 0.090592
0 0.398045 0.536774 0.082295 0.112101
0 0.619175 0.343615 0.057414 0.097054
0 0.575573 0.434705 0.045460 0.107349
0 0.176075 0.348442 0.072589 0.090525
4 0.367336 0.978858 0.037883 0.042283