0 0.215417 0.861197 0.232789 0.270203
1 0.485483 0.622230 0.295757 0.616090
0 0.265117 0.607667 0.153026 0.248767
0 0.134886 0.472628 0.174176 0.326132
0 0.352534 0.949488 0.188033 0.098166
0 0.447102 0.227414 0.154628 0.200194
4 0.058189 0.909323 0.081851 0.175099
0 0.283679 0.365850 0.148319 0.247333
0 0.045215 0.830324 0.089716 0.284689
4 0.768017 0.714767 0.056751 0.290933
0 0.067902 0.270926 0.135739 0.247062
4 0.832552 0.517437 0.043365 0.205323
0 0.644712 0.936234 0.161709 0.123075
4 0.957129 0.505387 0.050298 0.184458
4 0.949012 0.791252 0.056315 0.289518
4 0.842793 0.756664 0.059339 0.285073
3 0.310524 0.715606 0.053084 0.167643
4 0.786217 0.370315 0.046371 0.198248
4 0.185980 0.688970 0.046257 0.107387
4 0.735260 0.669280 0.045037 0.223927
0 0.174336 0.190459 0.161891 0.202513
4 0.657248 0.195728 0.043101 0.182721
4 0.224829 0.056811 0.043156 0.111796
4 0.633941 0.299973 0.036781 0.204375