0 0.770891 0.483520 0.246696 0.239144
0 0.096164 0.854553 0.180245 0.283176
0 0.017200 0.320961 0.034066 0.224036
0 0.468786 0.680889 0.175674 0.277176
0 0.220844 0.909656 0.198791 0.169142
0 0.125119 0.503726 0.167640 0.254641
4 0.818035 0.516468 0.042283 0.210572
3 0.951613 0.494978 0.096563 0.157589
4 0.905108 0.809078 0.047204 0.247521
4 0.554440 0.429518 0.034709 0.223138
4 0.842550 0.772392 0.038682 0.258668
0 0.440183 0.247435 0.177742 0.244624
4 0.961967 0.815841 0.060049 0.245519
4 0.773719 0.601291 0.041707 0.225942
3 0.699465 0.825699 0.239134 0.329239
3 0.331552 0.449641 0.162906 0.321744
4 0.459703 0.309126 0.034638 0.212966
4 0.402118 0.291512 0.041335 0.230496
4 0.963147 0.647211 0.048585 0.142597
4 0.511674 0.459036 0.052206 0.200032
4 0.304442 0.139627 0.041643 0.186700
4 0.707793 0.346705 0.042735 0.101225
4 0.604222 0.415683 0.037947 0.206124
4 0.433962 0.296960 0.032179 0.203717
4 0.636254 0.387276 0.044236 0.186181
0 0.341835 0.754485 0.213880 0.309263
4 0.782800 0.340035 0.032620 0.064445