0 0.356669 0.509104 0.071178 0.115079
0 0.715992 0.916261 0.116567 0.166509
0 0.524757 0.666342 0.086257 0.155381
0 0.682074 0.437791 0.072315 0.088730
3 0.281541 0.722798 0.048414 0.120174
0 0.793611 0.570818 0.084986 0.140382
4 0.475493 0.755493 0.040649 0.136662
3 0.475444 0.806756 0.041849 0.106025
4 0.781507 0.946307 0.047755 0.107354
4 0.322523 0.854082 0.054077 0.162159
1 0.434373 0.566112 0.078927 0.171609
0 0.813093 0.631551 0.090892 0.142663
0 0.910882 0.959638 0.176932 0.070994
1 0.506906 0.346527 0.043885 0.091169
3 0.320903 0.913093 0.049518 0.138656
1 0.677282 0.697356 0.056107 0.184671
4 0.874818 0.632646 0.028203 0.145717
0 0.759464 0.719597 0.084701 0.114661
0 0.905065 0.918815 0.189870 0.147620
0 0.114941 0.584838 0.058278 0.095595
0 0.855490 0.788803 0.182179 0.166203
4 0.282074 0.679344 0.049012 0.112573
0 0.781578 0.310961 0.044731 0.065191
4 0.801562 0.473661 0.021125 0.057607
0 0.274441 0.340280 0.037925 0.048706
1 0.941034 0.653892 0.117487 0.205739
0 0.566481 0.597171 0.061406 0.139115
4 0.711827 0.742565 0.034098 0.182432
1 0.838547 0.473416 0.058791 0.155887
4 0.725151 0.775147 0.032811 0.119040
0 0.145086 0.543561 0.047973 0.112275
1 0.402461 0.382786 0.056600 0.129497
0 0.834409 0.364808 0.050306 0.058270
3 0.419294 0.450630 0.024216 0.062904
0 0.427159 0.293727 0.044182 0.060157
4 0.804797 0.672615 0.024443 0.064299
0 0.578194 0.503105 0.045300 0.110631
1 0.566710 0.596143 0.061481 0.141695