0 0.853137 0.926477 0.280951 0.138986
0 0.043310 0.482363 0.085964 0.275290
0 0.589155 0.920052 0.248657 0.154467
0 0.132234 0.845417 0.205435 0.297513
0 0.755332 0.487469 0.184015 0.243616
4 0.156681 0.930723 0.061259 0.137725
4 0.742579 0.538186 0.052727 0.196904
0 0.021816 0.849204 0.043260 0.146258
0 0.061257 0.955341 0.121934 0.086069
0 0.644578 0.797103 0.141818 0.264909
1 0.357726 0.395807 0.222649 0.419623
4 0.138014 0.491190 0.067080 0.254449
4 0.879435 0.736810 0.054847 0.230722
4 0.280441 0.112763 0.041832 0.194578
4 0.846816 0.518271 0.040898 0.205539
4 0.181218 0.072403 0.030807 0.142409
0 0.455752 0.249589 0.154912 0.250423
3 0.737703 0.736528 0.095318 0.208389
2 0.475146 0.795590 0.245094 0.388455
4 0.065419 0.259378 0.058206 0.201121
4 0.910664 0.522025 0.030545 0.181966
3 0.067044 0.295432 0.059587 0.175803
1 0.317662 0.828069 0.190084 0.333761
4 0.872454 0.502434 0.031608 0.222221
4 0.229720 0.062263 0.035467 0.118352
4 0.786696 0.641796 0.051829 0.274645
4 0.675562 0.394091 0.061558 0.190553