0 0.175946 0.609740 0.130178 0.138334
1 0.410647 0.634678 0.111369 0.224149
0 0.963491 0.773096 0.072056 0.258142
0 0.604379 0.731480 0.116223 0.258892
0 0.849029 0.419683 0.066612 0.098506
0 0.704596 0.873571 0.118137 0.248276
0 0.917390 0.574541 0.109167 0.173603
0 0.077390 0.842423 0.154233 0.252923
1 0.797744 0.628266 0.107327 0.291427
2 0.767520 0.370119 0.086384 0.192104
0 0.436483 0.483090 0.070010 0.089708
0 0.316489 0.540968 0.108598 0.121630
0 0.265063 0.512154 0.081170 0.101662
0 0.323459 0.454283 0.069647 0.074429
0 0.665134 0.397169 0.036423 0.082476
1 0.278721 0.881887 0.221350 0.228088
0 0.057664 0.723039 0.114842 0.100536
0 0.425751 0.355917 0.044444 0.056916
1 0.583387 0.333329 0.041091 0.092704
0 0.826793 0.379969 0.047412 0.083995
0 0.402832 0.387728 0.052530 0.065387
0 0.765367 0.962934 0.150543 0.070351
0 0.702253 0.512352 0.071576 0.196762
0 0.323556 0.713909 0.041340 0.124825
0 0.368384 0.427987 0.065797 0.098691
0 0.823073 0.311688 0.043406 0.050217
0 0.555768 0.239690 0.029874 0.035971
0 0.509474 0.280509 0.029942 0.058649
1 0.540448 0.444012 0.038401 0.102273