0 0.564430 0.818093 0.226599 0.302861
0 0.444250 0.249678 0.163278 0.249392
0 0.088922 0.811107 0.177844 0.343595
4 0.394219 0.935570 0.059465 0.128861
4 0.714466 0.657061 0.053337 0.252016
4 0.241940 0.712464 0.055410 0.198866
4 0.663219 0.620096 0.048334 0.235751
4 0.246437 0.139850 0.049387 0.214947
4 0.772373 0.659550 0.041140 0.240550
4 0.841101 0.517031 0.040660 0.197368
4 0.871561 0.504110 0.034412 0.214071
0 0.754519 0.465037 0.185220 0.194885
4 0.363630 0.140693 0.042862 0.194465
4 0.319874 0.139174 0.033957 0.190302
4 0.438703 0.966756 0.051727 0.063833
0 0.032852 0.078345 0.064795 0.152146
4 0.128015 0.076503 0.047456 0.151505
4 0.966446 0.498692 0.037980 0.209239
0 0.139921 0.679268 0.128304 0.218108
0 0.073934 0.534553 0.147300 0.267243
4 0.600874 0.578433 0.048190 0.164202
4 0.926790 0.847502 0.066642 0.265053
4 0.277944 0.132432 0.034197 0.199809
4 0.673766 0.393223 0.057935 0.176152
0 0.254754 0.898066 0.196961 0.193454
4 0.833502 0.718269 0.047331 0.228223
4 0.953302 0.816286 0.053523 0.246478