0 0.153656 0.772423 0.061633 0.076900
0 0.709763 0.814299 0.058448 0.078457
0 0.055318 0.821724 0.091137 0.080504
0 0.660275 0.728567 0.047142 0.063143
0 0.197257 0.812917 0.085150 0.107283
0 0.792416 0.944884 0.071990 0.100545
0 0.055734 0.906978 0.077383 0.079757
0 0.937957 0.876239 0.080722 0.083317
0 0.447849 0.593788 0.026728 0.043663
0 0.892422 0.885956 0.080582 0.079600
0 0.647873 0.800924 0.051678 0.079708
0 0.747135 0.964551 0.073055 0.070899
0 0.918026 0.786076 0.054186 0.059802
0 0.531887 0.500901 0.024778 0.032818
0 0.383441 0.925867 0.060834 0.070297
0 0.288111 0.717582 0.048876 0.064062
0 0.879935 0.820551 0.046953 0.046595
0 0.672012 0.910774 0.046920 0.076301
0 0.307566 0.963276 0.075067 0.066553
0 0.355952 0.745978 0.066357 0.061254