0 0.068043 0.291226 0.136085 0.252271
0 0.453009 0.242990 0.146919 0.234603
4 0.155881 0.932358 0.060850 0.135243
0 0.133857 0.847554 0.210931 0.283960
0 0.765400 0.756193 0.201792 0.263212
2 0.498365 0.832927 0.195025 0.315903
0 0.711916 0.487638 0.166050 0.208618
0 0.029877 0.866510 0.059246 0.194279
0 0.710108 0.872856 0.236057 0.231978
3 0.231592 0.315082 0.145076 0.188454
1 0.512346 0.542268 0.203477 0.383627
4 0.930522 0.526414 0.047027 0.180947
4 0.329238 0.615403 0.050798 0.130052
1 0.325281 0.835624 0.186195 0.322084
4 0.632456 0.768435 0.068685 0.196184
4 0.209633 0.101951 0.044002 0.146700
0 0.689174 0.965168 0.233486 0.065424
4 0.917884 0.747562 0.055324 0.166739
3 0.970721 0.508389 0.057954 0.144519
4 0.269225 0.098053 0.039560 0.195565