2 0.810431 0.534782 0.179323 0.339268
0 0.686769 0.596256 0.065201 0.173920
0 0.673325 0.434036 0.071344 0.108598
0 0.698020 0.354010 0.057135 0.086994
0 0.041361 0.515592 0.081996 0.093630
0 0.496571 0.237266 0.070034 0.078732
0 0.495967 0.773326 0.104146 0.169126
0 0.086357 0.478763 0.098814 0.089162
0 0.724032 0.302792 0.049096 0.077569
0 0.454914 0.438039 0.115877 0.180773
4 0.576398 0.785564 0.023897 0.118965
4 0.271869 0.507559 0.013538 0.086065
0 0.101788 0.393011 0.096103 0.097050
0 0.238224 0.380242 0.072890 0.092487
2 0.192423 0.179289 0.121129 0.141627
0 0.363647 0.288553 0.080225 0.068160
0 0.305325 0.335418 0.066896 0.075956
4 0.420164 0.944955 0.020678 0.101679
0 0.154766 0.436779 0.105112 0.093515
0 0.010829 0.571126 0.021251 0.118126
0 0.613578 0.321718 0.066809 0.112524
0 0.275056 0.359248 0.063756 0.088863
0 0.176289 0.348714 0.068345 0.083698
4 0.542183 0.741902 0.019986 0.108456
0 0.137983 0.452713 0.072497 0.071742
0 0.312535 0.325836 0.075002 0.068508
0 0.032474 0.448977 0.064536 0.067980
0 0.233808 0.676617 0.094350 0.103333