0 0.177763 0.610462 0.130205 0.140697
0 0.083812 0.840796 0.166802 0.253205
0 0.920201 0.574670 0.108901 0.173990
0 0.708597 0.876878 0.119247 0.239331
0 0.964574 0.771419 0.069815 0.257580
0 0.600206 0.760582 0.122586 0.274612
0 0.852223 0.418929 0.066274 0.099687
1 0.337056 0.831452 0.180498 0.312364
1 0.433161 0.580239 0.085966 0.199105
0 0.666018 0.407667 0.040252 0.083875
0 0.324578 0.453179 0.070300 0.072566
1 0.801896 0.648162 0.110635 0.310489
1 0.298762 0.688946 0.161638 0.254925
4 0.178350 0.757117 0.037090 0.124767
0 0.265588 0.512290 0.077423 0.097347
0 0.058981 0.723400 0.117504 0.099556
0 0.451292 0.451390 0.054470 0.065581
2 0.774976 0.398243 0.086543 0.172333
0 0.321470 0.526709 0.104359 0.084191
0 0.808202 0.857026 0.064080 0.146366
0 0.428230 0.356977 0.041816 0.062043
0 0.642891 0.244867 0.023370 0.030403
4 0.616014 0.548071 0.027896 0.098265
0 0.609709 0.275508 0.030243 0.042932
0 0.403669 0.387064 0.049161 0.065151
3 0.093515 0.958544 0.081703 0.081807
0 0.370586 0.429632 0.065756 0.102336
0 0.683540 0.302802 0.038777 0.071006
1 0.501682 0.430242 0.053490 0.120042
3 0.200949 0.966078 0.080758 0.066653
0 0.201296 0.965922 0.080582 0.066754
1 0.591558 0.321550 0.038520 0.087871
0 0.822939 0.315924 0.040935 0.048926
0 0.369720 0.405733 0.062335 0.050793
0 0.719917 0.330577 0.016913 0.051906