0 0.642815 0.651945 0.092041 0.213749
0 0.677382 0.865090 0.115842 0.268132
0 0.125036 0.613193 0.135659 0.145978
0 0.333336 0.605815 0.124362 0.142313
0 0.864735 0.577348 0.103177 0.166520
0 0.270343 0.539062 0.108581 0.113810
1 0.829880 0.862468 0.143434 0.269211
0 0.218257 0.513205 0.083782 0.098871
0 0.132144 0.916143 0.240737 0.159486
0 0.800482 0.427802 0.058273 0.092340
0 0.936079 0.777810 0.127143 0.267546
0 0.745578 0.724837 0.076127 0.185371
0 0.058224 0.806929 0.116449 0.173883
4 0.208186 0.641850 0.033147 0.119386
0 0.597867 0.427169 0.051865 0.110484
0 0.030951 0.711025 0.061334 0.065119
4 0.864368 0.724652 0.041115 0.094352
1 0.331172 0.720796 0.092500 0.202700
2 0.706901 0.329244 0.038686 0.106293
0 0.330528 0.720724 0.092998 0.201540
0 0.322563 0.410631 0.064868 0.062087
0 0.271747 0.449611 0.060096 0.064541
0 0.581668 0.554697 0.059593 0.144663
0 0.625308 0.352774 0.040379 0.070408
0 0.574755 0.280551 0.027994 0.045036
0 0.363394 0.487429 0.060609 0.106374
0 0.360079 0.388726 0.052917 0.063437
3 0.520622 0.362671 0.018258 0.048915
1 0.581832 0.555310 0.059256 0.147430
4 0.796647 0.560663 0.030144 0.090924
1 0.731328 0.488983 0.063705 0.156772
0 0.776740 0.382252 0.043255 0.067166
0 0.411061 0.335515 0.033726 0.070325
2 0.708422 0.260753 0.047028 0.079175
3 0.809098 0.693981 0.037186 0.081545
0 0.383250 0.356726 0.041743 0.054926