0 0.819738 0.785376 0.074244 0.088597
0 0.591559 0.875039 0.082672 0.106401
0 0.597559 0.789144 0.059566 0.079598
0 0.171738 0.820249 0.073823 0.098761
0 0.750130 0.955327 0.100372 0.088625
2 0.717748 0.633762 0.064715 0.131147
0 0.756414 0.877714 0.072554 0.091426
0 0.618670 0.732717 0.058643 0.070140
0 0.251146 0.875459 0.078644 0.114887
0 0.902931 0.892061 0.081921 0.105922
0 0.686589 0.805980 0.071333 0.087307
0 0.863543 0.948141 0.096927 0.103436
0 0.491846 0.525450 0.037382 0.046535
0 0.120628 0.748691 0.061201 0.065158
0 0.544544 0.685099 0.042324 0.061822
0 0.670110 0.876660 0.068729 0.089805
0 0.063145 0.652277 0.058874 0.055820
0 0.477795 0.461564 0.037768 0.038947
0 0.467273 0.566882 0.043318 0.056183
0 0.889463 0.751886 0.068917 0.088087
0 0.514206 0.413710 0.020040 0.036610
0 0.430419 0.621707 0.041384 0.055610
0 0.264478 0.713382 0.070214 0.081611
0 0.601929 0.471255 0.027342 0.041363
0 0.286433 0.735255 0.059972 0.082181
0 0.486868 0.394802 0.019320 0.032169
4 0.966243 0.767801 0.017030 0.049749
0 0.149176 0.951835 0.099620 0.096007
0 0.295768 0.787527 0.065423 0.085506
0 0.041497 0.945826 0.082987 0.108157
0 0.370439 0.657994 0.040881 0.055621
0 0.111344 0.837656 0.070375 0.089860