0 0.111333 0.713334 0.126123 0.157981
0 0.155801 0.917006 0.172929 0.151810
2 0.272037 0.545565 0.181752 0.269969
0 0.712952 0.591472 0.068339 0.131838
0 0.752888 0.327903 0.048844 0.076359
0 0.031294 0.788604 0.062227 0.126281
0 0.459736 0.393760 0.069500 0.101093
0 0.654304 0.513793 0.048763 0.116532
2 0.930554 0.800625 0.137859 0.349884
0 0.178308 0.523696 0.115342 0.122090
2 0.232876 0.414088 0.092098 0.159686
4 0.882242 0.497912 0.020697 0.078532
0 0.013716 0.930730 0.027085 0.132797
0 0.606178 0.613406 0.066862 0.147967
0 0.421648 0.621225 0.083167 0.133333
0 0.495602 0.238370 0.069450 0.077944
1 0.379160 0.382522 0.080954 0.147114
1 0.930712 0.803716 0.137331 0.352261
0 0.029703 0.578070 0.058878 0.116454
0 0.311393 0.406298 0.070797 0.087978
0 0.592311 0.475908 0.049061 0.111648
2 0.192553 0.183893 0.119784 0.146636
0 0.417855 0.549074 0.083914 0.124484
0 0.696855 0.278099 0.047243 0.083373
4 0.359063 0.976905 0.018653 0.044212
0 0.785401 0.124936 0.037927 0.073447
0 0.149018 0.440243 0.096905 0.101948
0 0.155213 0.598065 0.079559 0.112397
4 0.763511 0.400684 0.019480 0.069387
0 0.102425 0.392503 0.096302 0.098136
4 0.498212 0.803699 0.026288 0.106777
0 0.254427 0.722989 0.121836 0.164373
4 0.786539 0.518694 0.017018 0.076112
4 0.587841 0.775533 0.029922 0.104308
4 0.735956 0.686534 0.025729 0.101874