2 0.807810 0.540048 0.174617 0.337662
0 0.613355 0.716895 0.103576 0.184680
0 0.162859 0.523879 0.098358 0.121106
0 0.054010 0.664122 0.107677 0.139818
0 0.372621 0.824312 0.116173 0.168980
0 0.642078 0.611123 0.060050 0.125903
0 0.732156 0.648214 0.092579 0.137150
4 0.929384 0.807576 0.025119 0.113786
0 0.554308 0.612532 0.058010 0.135929
2 0.758162 0.313010 0.091937 0.210767
0 0.556550 0.469949 0.062148 0.152355
0 0.683521 0.533458 0.056907 0.110177
0 0.357586 0.588499 0.098368 0.122061
0 0.606296 0.526581 0.055066 0.117325
0 0.043635 0.520038 0.087269 0.101764
0 0.526356 0.836198 0.089267 0.159333
1 0.314417 0.444606 0.127490 0.208764
4 0.356394 0.976635 0.020835 0.046284
0 0.377544 0.705667 0.067242 0.126766
0 0.100446 0.392615 0.098471 0.099775
4 0.443658 0.961944 0.033346 0.075371
0 0.152993 0.438617 0.107824 0.098906
0 0.023255 0.598848 0.046168 0.120127
4 0.597091 0.955156 0.020194 0.087850
0 0.081395 0.481959 0.114643 0.098717
0 0.241994 0.377526 0.080896 0.088720
4 0.691067 0.404778 0.018236 0.086749
4 0.310043 0.881998 0.026473 0.082326
4 0.644392 0.652719 0.024461 0.069461
0 0.271495 0.660217 0.108399 0.116516