0 0.620068 0.788349 0.056059 0.071036
0 0.275809 0.765631 0.059988 0.074023
0 0.059924 0.715022 0.060929 0.056437
0 0.118632 0.810715 0.065634 0.067241
0 0.806108 0.865273 0.071175 0.104223
0 0.688525 0.864571 0.068557 0.085589
0 0.594850 0.939065 0.081406 0.106651
0 0.599204 0.849033 0.059963 0.080212
0 0.670927 0.935149 0.071327 0.092393
0 0.760657 0.934400 0.076961 0.092118
0 0.716745 0.753898 0.056383 0.089883
0 0.159077 0.920052 0.074777 0.105413
0 0.186429 0.717195 0.060521 0.057614
0 0.435073 0.681375 0.046356 0.063848
4 0.332543 0.950593 0.013062 0.065552
0 0.247788 0.938146 0.079778 0.117387
0 0.544242 0.741008 0.042291 0.065600
0 0.663407 0.742972 0.052033 0.079131
0 0.173621 0.836066 0.067729 0.089366
0 0.494713 0.634527 0.040454 0.060164
0 0.484123 0.511458 0.036873 0.040580
0 0.626536 0.576740 0.027991 0.051190
1 0.891375 0.806705 0.068628 0.100085
0 0.891497 0.808527 0.069332 0.098225
1 0.327918 0.745422 0.068496 0.114668
2 0.607044 0.388743 0.044488 0.075729