0 0.308279 0.735372 0.058181 0.074313
0 0.759205 0.927671 0.075192 0.092928
0 0.620407 0.783910 0.057837 0.067504
0 0.688166 0.852162 0.069687 0.093391
0 0.593741 0.930503 0.085283 0.108337
0 0.187197 0.887883 0.071877 0.103170
0 0.760847 0.822903 0.066180 0.096148
0 0.060868 0.707797 0.061883 0.055226
0 0.118445 0.805105 0.063708 0.067626
0 0.249352 0.929960 0.082782 0.115961
0 0.517040 0.609295 0.039033 0.059228
0 0.667822 0.926375 0.077222 0.093934
0 0.598958 0.841713 0.060226 0.080954
0 0.644218 0.719668 0.042333 0.071173
2 0.354668 0.719704 0.065992 0.110957
0 0.455097 0.654740 0.042323 0.062770
0 0.543831 0.732585 0.041806 0.058235
0 0.891472 0.802310 0.070745 0.095530
0 0.185055 0.710324 0.056695 0.055397
0 0.944497 0.890731 0.033665 0.060268
1 0.976532 0.928569 0.046288 0.139568
0 0.689695 0.719078 0.044237 0.082048
0 0.056697 0.784323 0.053626 0.046922
2 0.607469 0.386313 0.043007 0.068952
2 0.976256 0.927732 0.046521 0.140420
0 0.051844 0.940433 0.082177 0.115774
0 0.038721 0.850857 0.077441 0.104573
0 0.227470 0.812939 0.075601 0.097606
0 0.297491 0.855151 0.077512 0.120541
0 0.557980 0.560982 0.034925 0.053420