0 0.622269 0.906873 0.059068 0.072100
0 0.449824 0.738373 0.047774 0.056410
0 0.794052 0.897337 0.060177 0.086286
0 0.109947 0.937030 0.065792 0.069403
0 0.571314 0.678542 0.034902 0.048581
0 0.313102 0.871138 0.075421 0.103665
0 0.159252 0.955056 0.090467 0.082709
0 0.541835 0.675491 0.032382 0.050716
0 0.489894 0.748325 0.037442 0.061018
0 0.052762 0.833394 0.061993 0.052503
0 0.601087 0.962900 0.063012 0.074164
0 0.732763 0.897546 0.057363 0.087231
0 0.674609 0.754454 0.040714 0.066240
0 0.641311 0.700320 0.024272 0.057415
0 0.678300 0.584677 0.025116 0.036185
0 0.898648 0.922828 0.071461 0.094055
0 0.691778 0.969895 0.083499 0.060116
0 0.246397 0.957158 0.065441 0.083964
0 0.180290 0.835967 0.062455 0.060025
0 0.292678 0.963256 0.076566 0.073488
0 0.417090 0.783630 0.035568 0.050992
0 0.048383 0.915741 0.052687 0.049104
0 0.628378 0.617305 0.031632 0.050237
0 0.342122 0.756612 0.052627 0.050849