2 0.924075 0.742199 0.150796 0.496712
0 0.769871 0.717542 0.159031 0.230887
0 0.661361 0.580828 0.120723 0.203520
0 0.603943 0.745197 0.135680 0.274844
0 0.701051 0.390315 0.096431 0.155365
0 0.453464 0.689336 0.140172 0.251735
0 0.437317 0.914076 0.175841 0.164620
0 0.731571 0.327524 0.086172 0.130746
0 0.822627 0.540342 0.114823 0.196445
0 0.579349 0.448397 0.119804 0.203229
4 0.817977 0.405527 0.043907 0.085728
3 0.546838 0.574128 0.038758 0.113648
0 0.447039 0.531611 0.109150 0.121626
0 0.592981 0.313494 0.076192 0.142929
4 0.580366 0.695393 0.034899 0.059365
0 0.683357 0.035515 0.037205 0.069164
4 0.813586 0.506108 0.026428 0.041622
4 0.757979 0.171871 0.021241 0.064956
4 0.757969 0.189210 0.022654 0.102552
1 0.640270 0.138692 0.069331 0.111110
4 0.546234 0.531920 0.042087 0.157483
4 0.545858 0.518575 0.043701 0.108564
0 0.612285 0.189720 0.060903 0.123330
4 0.789671 0.253393 0.026792 0.118344