0 0.444647 0.248632 0.166579 0.249295
0 0.540855 0.810213 0.208411 0.370424
0 0.075564 0.640588 0.147771 0.256449
0 0.239409 0.325460 0.133308 0.253375
0 0.420021 0.671031 0.178396 0.291127
0 0.298888 0.547481 0.136007 0.285153
4 0.693747 0.856737 0.061960 0.277400
4 0.194671 0.867907 0.053308 0.263539
4 0.251164 0.871613 0.051929 0.256182
0 0.171487 0.204163 0.155130 0.238073
0 0.786207 0.467580 0.212380 0.205126
4 0.834679 0.531645 0.037516 0.172698
4 0.752768 0.567926 0.036874 0.261274
4 0.724066 0.614634 0.037767 0.252834
4 0.688815 0.609800 0.040841 0.247720
4 0.016775 0.783578 0.033551 0.128392
4 0.588157 0.456553 0.050958 0.199928
4 0.948126 0.706258 0.039721 0.246070
4 0.304646 0.131367 0.036382 0.194038
4 0.159973 0.529214 0.052646 0.165612
4 0.785956 0.652265 0.045589 0.248134
4 0.634596 0.620052 0.058282 0.268790
4 0.659726 0.614454 0.040522 0.265716
3 0.950109 0.519203 0.098788 0.166871
4 0.985845 0.788737 0.027814 0.255866
4 0.654846 0.344500 0.047688 0.166118