0 0.116756 0.616691 0.138972 0.143797
0 0.150967 0.868887 0.208466 0.256399
0 0.664950 0.727811 0.086681 0.254242
0 0.642408 0.554146 0.077850 0.162281
1 0.786992 0.741267 0.104241 0.278028
0 0.209811 0.515867 0.084636 0.097520
0 0.054084 0.827957 0.107580 0.206296
4 0.148479 0.710112 0.035706 0.106024
4 0.224302 0.592359 0.024256 0.106928
0 0.791371 0.427579 0.059851 0.091081
0 0.859274 0.575982 0.097169 0.166543
1 0.538003 0.879855 0.089737 0.228683
0 0.932481 0.775783 0.134389 0.267507
1 0.789377 0.934883 0.160403 0.127186
0 0.313881 0.410931 0.063594 0.055944
0 0.542758 0.326475 0.039027 0.055661
0 0.661674 0.419206 0.047654 0.088097
0 0.302591 0.551700 0.076408 0.133476
2 0.699926 0.312977 0.036412 0.084488
0 0.026698 0.714725 0.053007 0.063513
1 0.361283 0.677183 0.121492 0.197674
0 0.247239 0.542580 0.074038 0.112524
0 0.361710 0.675974 0.121962 0.197566
0 0.263961 0.452150 0.060435 0.067107
0 0.565370 0.266208 0.029663 0.041605
1 0.932675 0.775724 0.134325 0.268365
0 0.351295 0.391426 0.054438 0.065280
0 0.537862 0.879073 0.089803 0.230810
1 0.451096 0.438676 0.056940 0.127347
0 0.726618 0.616167 0.063239 0.145124
0 0.620552 0.330265 0.036203 0.059563
1 0.899495 0.478597 0.200106 0.530475
2 0.712631 0.431118 0.051823 0.140702
3 0.847705 0.744069 0.030566 0.130910
0 0.598512 0.377845 0.047371 0.075946