0 0.643582 0.724134 0.107204 0.258765
0 0.129993 0.610714 0.137121 0.143683
0 0.804352 0.427340 0.063028 0.093144
0 0.221820 0.510774 0.084163 0.099978
0 0.678151 0.912600 0.106837 0.170689
0 0.270941 0.540730 0.101982 0.115312
4 0.233603 0.611598 0.027353 0.124580
1 0.859872 0.912276 0.167268 0.172310
0 0.390536 0.538280 0.100268 0.119230
0 0.870109 0.577476 0.099401 0.169966
1 0.562337 0.628289 0.064677 0.173783
0 0.938322 0.779871 0.122275 0.271372
0 0.033826 0.707671 0.067165 0.063384
1 0.746324 0.527870 0.073841 0.190823
0 0.598414 0.451687 0.054198 0.121011
4 0.831329 0.735757 0.045308 0.126422
0 0.625893 0.362733 0.044454 0.071632
0 0.259529 0.797847 0.168326 0.252571
0 0.363990 0.386022 0.055462 0.063291
4 0.903851 0.847283 0.048563 0.135273
1 0.400474 0.598578 0.060758 0.154289
1 0.755554 0.799201 0.087985 0.229424
1 0.259136 0.798152 0.168633 0.252198
0 0.275247 0.449174 0.056943 0.065359
0 0.044679 0.843531 0.088869 0.213976
3 0.832634 0.782954 0.049917 0.095991
0 0.324973 0.405756 0.058168 0.050999
0 0.314651 0.465545 0.065826 0.065534
4 0.816690 0.616674 0.035667 0.098922
4 0.073490 0.849171 0.027335 0.139884
0 0.059890 0.838027 0.119182 0.230605
0 0.385966 0.355438 0.042597 0.054131
0 0.415807 0.327267 0.034870 0.055110
0 0.060463 0.774479 0.120503 0.112653
2 0.661469 0.317793 0.034039 0.085009
0 0.760729 0.261976 0.027400 0.038690
0 0.780537 0.323059 0.047599 0.064386
3 0.814055 0.654605 0.031342 0.074428
0 0.788173 0.315096 0.057860 0.053136
4 0.323830 0.525499 0.019844 0.080325
1 0.904910 0.460909 0.189327 0.495748
0 0.580454 0.525125 0.054452 0.112282