0 0.689283 0.899374 0.070300 0.080400
0 0.619097 0.820770 0.058856 0.071239
0 0.598283 0.881049 0.061309 0.084996
0 0.123778 0.914581 0.071495 0.096446
0 0.056885 0.746457 0.060510 0.055530
0 0.759813 0.961053 0.075160 0.077894
0 0.807795 0.893730 0.070850 0.093005
0 0.594181 0.956807 0.087894 0.086386
1 0.192555 0.882979 0.086359 0.142243
0 0.340052 0.792435 0.058042 0.076871
0 0.114033 0.846629 0.063061 0.066871
0 0.543813 0.773066 0.043296 0.064639
1 0.958704 0.952253 0.081927 0.095494
1 0.892085 0.839313 0.070158 0.096322
0 0.671801 0.534458 0.024168 0.038102
0 0.252108 0.822528 0.059657 0.087472
0 0.630937 0.668464 0.030347 0.064220
0 0.682835 0.714739 0.031191 0.052598
0 0.809421 0.770273 0.057105 0.083035
0 0.291169 0.881446 0.067109 0.089113
0 0.549619 0.585351 0.039136 0.049561
0 0.529538 0.636514 0.036694 0.055654
0 0.444444 0.662685 0.041005 0.056089