0 0.716598 0.881523 0.133689 0.231239
0 0.179596 0.612570 0.131501 0.140252
0 0.965583 0.770280 0.068264 0.257548
0 0.595873 0.793387 0.128731 0.294632
0 0.921493 0.573082 0.106151 0.172067
0 0.085555 0.841801 0.170479 0.254127
0 0.854633 0.418183 0.064322 0.100438
1 0.385989 0.738597 0.144931 0.271002
0 0.666032 0.415680 0.042178 0.092414
4 0.192433 0.737389 0.029774 0.118434
0 0.326228 0.453512 0.072247 0.073726
2 0.777085 0.400011 0.096892 0.188799
0 0.267620 0.511656 0.078762 0.096626
1 0.806036 0.665014 0.111463 0.324254
0 0.060362 0.726209 0.120328 0.106133
3 0.156517 0.896337 0.082831 0.142269
0 0.698480 0.589493 0.067383 0.132013
1 0.473310 0.532412 0.098265 0.172176
0 0.722210 0.332257 0.019881 0.065258
0 0.317072 0.530873 0.101399 0.096263
2 0.704511 0.547018 0.080501 0.213749
1 0.339481 0.622197 0.138915 0.231841
0 0.428607 0.358892 0.044056 0.060087
0 0.460163 0.431016 0.040639 0.055728
0 0.372372 0.428934 0.066669 0.100216
3 0.842838 0.960214 0.055910 0.077224
0 0.371193 0.415546 0.063436 0.068297
0 0.406804 0.387072 0.052924 0.061186
0 0.825012 0.315104 0.038362 0.049952
3 0.269450 0.873771 0.062392 0.110449
4 0.842521 0.924752 0.059936 0.144729
1 0.599752 0.311622 0.035414 0.081669
0 0.618843 0.266521 0.027319 0.038246