2 0.889548 0.589139 0.220086 0.512109
0 0.701139 0.519522 0.119441 0.185689
0 0.703923 0.891977 0.173176 0.211968
0 0.644825 0.227590 0.074028 0.110205
0 0.612339 0.414471 0.095743 0.165939
0 0.430126 0.942746 0.176322 0.110447
0 0.676658 0.281252 0.079326 0.128386
0 0.443702 0.791833 0.136829 0.237920
0 0.550017 0.526120 0.110574 0.205246
0 0.767000 0.396773 0.091648 0.174621
0 0.468648 0.709538 0.124983 0.252607
4 0.778087 0.291378 0.030095 0.055347
1 0.821974 0.823682 0.113775 0.275412
1 0.440447 0.492848 0.109828 0.206257
4 0.673794 0.874794 0.041917 0.071397
3 0.767634 0.218677 0.024764 0.082841
4 0.737843 0.168454 0.021345 0.107522
0 0.576108 0.244730 0.067667 0.123961
4 0.855671 0.592593 0.035309 0.078534
4 0.903674 0.275472 0.024411 0.074350