0 0.776855 0.489628 0.233095 0.250738
0 0.023863 0.296894 0.047363 0.208131
0 0.451236 0.250387 0.148892 0.249332
0 0.092316 0.499548 0.143145 0.289626
0 0.714476 0.913813 0.225604 0.167708
4 0.032777 0.788743 0.065006 0.254037
4 0.661619 0.605290 0.052186 0.248835
4 0.344608 0.492477 0.057225 0.217649
3 0.230758 0.524070 0.076026 0.227920
4 0.466960 0.347098 0.043663 0.215752
4 0.294908 0.231862 0.036457 0.213048
4 0.943726 0.715348 0.059352 0.232947
0 0.222135 0.418853 0.152735 0.287343
4 0.375496 0.281430 0.046337 0.201147
0 0.083167 0.828076 0.092831 0.167214
4 0.881490 0.713833 0.056304 0.270063
4 0.960638 0.872472 0.051504 0.254060
4 0.781701 0.313076 0.034711 0.120015
4 0.735558 0.319438 0.036550 0.117168
0 0.058920 0.089996 0.114053 0.177726
3 0.420645 0.658554 0.110646 0.265769
3 0.953399 0.511020 0.092293 0.151478
4 0.708755 0.585948 0.055504 0.241720
4 0.834570 0.718551 0.059124 0.257641
3 0.261474 0.802375 0.084340 0.283983
3 0.343769 0.543350 0.054830 0.165113
4 0.266513 0.244285 0.034529 0.179995
4 0.352783 0.224508 0.044959 0.180186
4 0.590248 0.236074 0.035090 0.166259
4 0.261660 0.753927 0.085448 0.215704
4 0.374560 0.420832 0.053829 0.166207
4 0.517425 0.844380 0.063583 0.150396
4 0.592576 0.404365 0.046928 0.242678