0 0.143322 0.607655 0.134423 0.140602
0 0.287536 0.539703 0.107632 0.118917
0 0.592147 0.551095 0.074680 0.166472
0 0.882342 0.569438 0.103950 0.166687
0 0.066987 0.830960 0.133503 0.232071
0 0.947714 0.773200 0.103697 0.267529
1 0.793944 0.696676 0.112117 0.311544
0 0.643377 0.924495 0.135603 0.149982
0 0.817258 0.419468 0.062464 0.095603
0 0.558633 0.749157 0.080644 0.211765
0 0.234781 0.509705 0.085186 0.099903
1 0.693274 0.633057 0.094358 0.298174
1 0.406265 0.634977 0.094090 0.162560
0 0.626985 0.411003 0.051815 0.091671
3 0.885700 0.822484 0.042419 0.121562
0 0.041213 0.708395 0.082427 0.076314
0 0.225598 0.898140 0.235764 0.191098
0 0.290251 0.449034 0.065990 0.071965
4 0.887138 0.750254 0.043623 0.132802
4 0.383746 0.467549 0.017495 0.098153
0 0.792966 0.381491 0.047790 0.080788
0 0.373621 0.383417 0.053059 0.066481
4 0.172985 0.729138 0.027721 0.119492
0 0.440153 0.478147 0.045710 0.114475
0 0.552342 0.462292 0.065425 0.151079
4 0.150915 0.724516 0.027706 0.103225
1 0.960983 0.409166 0.077226 0.278200
4 0.759306 0.469229 0.024058 0.050764
0 0.336873 0.402238 0.063158 0.050713
3 0.937666 0.939038 0.073011 0.116962
4 0.926550 0.923547 0.048699 0.131936
0 0.795490 0.313392 0.052785 0.057899
0 0.667759 0.500487 0.058551 0.141071
2 0.665555 0.342160 0.039355 0.099652
0 0.428314 0.324844 0.035401 0.056587