0 0.246989 0.768396 0.068806 0.082948
0 0.712086 0.860219 0.062606 0.085588
0 0.631266 0.751250 0.048590 0.073387
0 0.742984 0.960305 0.073661 0.077038
0 0.756834 0.847335 0.060898 0.072745
0 0.151231 0.818197 0.068648 0.079397
0 0.050967 0.817218 0.091284 0.083934
0 0.501619 0.618570 0.035610 0.053078
0 0.455043 0.513056 0.021471 0.024001
4 0.668265 0.707313 0.010801 0.056082
0 0.533858 0.664283 0.038541 0.057811
0 0.405145 0.652672 0.029976 0.034916
0 0.667712 0.901117 0.046968 0.081476
0 0.147796 0.768901 0.067631 0.084703
0 0.406815 0.552668 0.024387 0.039444
4 0.638668 0.967398 0.014649 0.063549
4 0.453602 0.859746 0.014917 0.050602
0 0.377388 0.509532 0.023374 0.035519