0 0.501244 0.880338 0.198923 0.231640
0 0.118717 0.604724 0.204116 0.248677
0 0.444044 0.247024 0.164661 0.244437
0 0.047614 0.851133 0.094683 0.265954
0 0.284049 0.530082 0.181959 0.245819
0 0.343345 0.682904 0.200382 0.299813
0 0.122470 0.935319 0.206734 0.128363
0 0.041813 0.672879 0.083510 0.129476
0 0.473816 0.629902 0.145130 0.286243
0 0.140906 0.137280 0.134980 0.206180
0 0.192302 0.294560 0.118321 0.221941
0 0.112695 0.364808 0.089978 0.222369
0 0.347603 0.403170 0.126078 0.217658
0 0.282606 0.319484 0.157830 0.224403
0 0.726133 0.759480 0.245972 0.329366
4 0.273540 0.928974 0.051951 0.142052
4 0.633802 0.514157 0.038654 0.233539
4 0.673855 0.504494 0.045914 0.230273
4 0.832697 0.509499 0.043439 0.200081
4 0.729893 0.475773 0.052776 0.233064
4 0.705400 0.578388 0.051374 0.099274
4 0.063249 0.621534 0.041100 0.167187
0 0.031815 0.084552 0.063300 0.140139
4 0.789697 0.508418 0.047272 0.224520
2 0.039818 0.371794 0.078964 0.438662
1 0.040396 0.369048 0.080107 0.442443
0 0.210867 0.155425 0.129410 0.140629
4 0.282739 0.111203 0.044248 0.177211
4 0.638308 0.298153 0.037586 0.200859