0 0.636171 0.706530 0.123477 0.237683
0 0.952953 0.867830 0.093179 0.252741
0 0.480375 0.587772 0.129239 0.235296
0 0.686715 0.433556 0.096250 0.190276
0 0.871860 0.932928 0.173486 0.129113
0 0.532783 0.874242 0.119146 0.246968
4 0.612265 0.652517 0.034399 0.058108
4 0.885223 0.451852 0.039778 0.143461
0 0.398853 0.906921 0.173078 0.177104
4 0.621096 0.538801 0.050257 0.098972
3 0.714236 0.636470 0.043780 0.125235
4 0.711819 0.587165 0.048782 0.158841
0 0.545518 0.365801 0.071026 0.139950
3 0.885740 0.496415 0.038401 0.118810
3 0.822732 0.691162 0.056492 0.155920
4 0.824091 0.644177 0.056132 0.167246
4 0.805303 0.241309 0.026928 0.062634
0 0.681843 0.034234 0.039577 0.065523
3 0.481204 0.718412 0.050901 0.145171
4 0.481533 0.681547 0.057744 0.159671
4 0.848082 0.963382 0.048385 0.068794
0 0.485236 0.423535 0.090846 0.127467
3 0.736754 0.294317 0.025907 0.082099
1 0.666525 0.170700 0.064765 0.164657