2 0.812714 0.534955 0.175197 0.339736
0 0.144711 0.546626 0.109466 0.118757
0 0.652846 0.326215 0.057755 0.104332
0 0.599229 0.641785 0.073346 0.181361
0 0.681633 0.596057 0.088089 0.150652
0 0.415017 0.341172 0.057216 0.090592
0 0.494595 0.238004 0.069410 0.077510
0 0.670359 0.428546 0.044775 0.105938
0 0.363385 0.290435 0.082293 0.075310
0 0.348528 0.651931 0.104828 0.153723
4 0.580069 0.837928 0.020872 0.110150
0 0.730068 0.216063 0.061115 0.086371
0 0.662364 0.950444 0.124381 0.097037
4 0.218976 0.560977 0.021718 0.094303
4 0.120244 0.674194 0.029906 0.108073
4 0.360878 0.395550 0.018025 0.074844
0 0.057584 0.911270 0.114320 0.165768
0 0.041231 0.515275 0.081094 0.094947
4 0.396032 0.959369 0.021932 0.079000
0 0.099069 0.390673 0.099262 0.096764
4 0.165768 0.917445 0.028056 0.052827
0 0.303943 0.332160 0.066261 0.073714
0 0.083759 0.479897 0.108779 0.093130
0 0.154659 0.442155 0.106034 0.104091
0 0.175343 0.348081 0.071685 0.086906
0 0.243336 0.377092 0.086650 0.087757
4 0.357908 0.978504 0.025921 0.042993
1 0.156179 0.963004 0.095533 0.068087
0 0.113728 0.288186 0.096384 0.088779
0 0.031201 0.450007 0.061847 0.075976
0 0.313457 0.323822 0.080709 0.068313