2 0.807640 0.539466 0.176020 0.335757
0 0.353691 0.670608 0.127694 0.135688
0 0.200575 0.803332 0.155746 0.222891
2 0.510075 0.387847 0.139668 0.242848
0 0.677823 0.535069 0.052884 0.157405
0 0.636861 0.379285 0.062116 0.094975
0 0.372148 0.426922 0.090944 0.122494
0 0.419035 0.528455 0.066899 0.118946
0 0.285657 0.554662 0.096457 0.122553
4 0.857913 0.763573 0.018399 0.095690
4 0.961003 0.752267 0.020989 0.106271
4 0.304693 0.802937 0.022951 0.117538
0 0.219992 0.633047 0.140057 0.149391
1 0.605212 0.892161 0.117386 0.161438
0 0.049026 0.519973 0.098053 0.100646
0 0.707977 0.423942 0.043289 0.100183
0 0.456436 0.587679 0.068633 0.131516
0 0.088022 0.707521 0.165451 0.163118
0 0.100168 0.391617 0.095811 0.099527
4 0.553517 0.962918 0.021575 0.072534
0 0.202550 0.559111 0.102626 0.110910
0 0.440058 0.370230 0.060013 0.083884
0 0.157034 0.426860 0.100034 0.073058
0 0.469912 0.290515 0.072539 0.091958
0 0.683980 0.312272 0.064538 0.092549
0 0.604386 0.892577 0.115789 0.161600
0 0.157767 0.513911 0.106408 0.113293
1 0.022991 0.656055 0.045609 0.129804
2 0.303610 0.148700 0.107274 0.108488
0 0.336123 0.398569 0.069776 0.090842
0 0.085901 0.478402 0.092881 0.089676