0 0.684284 0.754002 0.051222 0.079002
0 0.750616 0.853122 0.063664 0.087596
0 0.820660 0.962823 0.072692 0.074074
0 0.153965 0.774943 0.062369 0.079538
0 0.056488 0.821995 0.089176 0.079690
0 0.746739 0.964416 0.070376 0.071168
0 0.201659 0.777066 0.052029 0.071353
0 0.339786 0.752861 0.067031 0.066942
0 0.276417 0.730460 0.049537 0.063692
0 0.153355 0.844364 0.093024 0.108772
0 0.384775 0.928271 0.058831 0.067721
4 0.681692 0.690695 0.011371 0.050267
4 0.588729 0.934902 0.013136 0.064819
0 0.879637 0.822723 0.045451 0.045133
0 0.936783 0.875046 0.075331 0.085772
0 0.919813 0.788535 0.056819 0.062410