0 0.698765 0.839983 0.112474 0.190182
0 0.337346 0.567329 0.074668 0.128597
0 0.399849 0.619463 0.094085 0.158710
0 0.793438 0.574414 0.085341 0.143044
1 0.541071 0.883190 0.120704 0.233309
4 0.628544 0.816754 0.038220 0.182928
1 0.414759 0.760148 0.118400 0.238994
3 0.241829 0.881250 0.046506 0.140085
0 0.483834 0.560409 0.085423 0.154832
0 0.679681 0.264971 0.037832 0.052061
0 0.328251 0.917697 0.119159 0.161726
4 0.241073 0.829037 0.049632 0.154257
0 0.479635 0.401517 0.060097 0.091660
0 0.426437 0.330372 0.043637 0.071892
1 0.471726 0.269543 0.042073 0.101528
0 0.757697 0.675432 0.121262 0.144415
3 0.568444 0.662851 0.036789 0.095645
0 0.407780 0.498688 0.075160 0.106020
0 0.909963 0.959994 0.178755 0.070445
0 0.899743 0.912232 0.200310 0.147902
3 0.508604 0.614705 0.035150 0.117447
0 0.110098 0.580380 0.047480 0.095282
1 0.828741 0.457530 0.067434 0.155502
1 0.547565 0.394680 0.040341 0.095955
0 0.897811 0.886986 0.204379 0.123613
4 0.568447 0.619396 0.036887 0.114210
0 0.884073 0.810594 0.206176 0.123546
4 0.842039 0.674878 0.021193 0.062307
0 0.757588 0.738613 0.085129 0.135900
0 0.780712 0.314018 0.047482 0.066525
0 0.859654 0.788725 0.189773 0.170497
0 0.904836 0.474824 0.092322 0.094665
1 0.424743 0.931114 0.218041 0.133736
3 0.531242 0.738240 0.061135 0.071727
0 0.765197 0.654103 0.103876 0.107040
4 0.825163 0.680846 0.029648 0.054266
0 0.889871 0.838357 0.217559 0.164957
4 0.543024 0.687141 0.040235 0.082993
0 0.401320 0.447570 0.066952 0.077566
0 0.833452 0.361639 0.045622 0.050989