0 0.620812 0.907636 0.058987 0.072727
0 0.399038 0.782599 0.053628 0.066204
0 0.715835 0.810833 0.051480 0.074331
0 0.050961 0.837611 0.061958 0.058403
0 0.517325 0.727635 0.040652 0.053505
0 0.353870 0.864540 0.057834 0.078958
0 0.267556 0.923876 0.064680 0.093135
0 0.445244 0.787193 0.043175 0.066512
0 0.209189 0.929621 0.090027 0.092864
0 0.600187 0.964658 0.064112 0.070683
0 0.107742 0.938633 0.065608 0.069224
0 0.494721 0.716491 0.036719 0.052541
0 0.375359 0.675535 0.037737 0.040450
0 0.629515 0.674964 0.028716 0.053056
2 0.653884 0.567308 0.050671 0.095056
0 0.810924 0.850462 0.057964 0.085081
0 0.542621 0.857439 0.042795 0.064757
0 0.652590 0.748624 0.035706 0.067606
0 0.893079 0.915407 0.081170 0.079537
0 0.046497 0.917562 0.053157 0.047927
0 0.288179 0.962407 0.070654 0.075186
4 0.762009 0.942266 0.013617 0.060906
0 0.644579 0.613411 0.028598 0.040145
0 0.687902 0.972708 0.077174 0.054585
0 0.662006 0.672304 0.024643 0.053047
0 0.328776 0.847514 0.050798 0.066874
0 0.693213 0.604574 0.025618 0.036807
0 0.536293 0.670043 0.033931 0.052374
0 0.591002 0.658557 0.044119 0.051521
0 0.614491 0.582935 0.024918 0.039079