2 0.714149 0.438135 0.093087 0.246728
0 0.863693 0.941820 0.089849 0.116303
0 0.891814 0.709584 0.059204 0.112982
0 0.384443 0.963041 0.083888 0.073717
4 0.067118 0.722737 0.030690 0.128866
2 0.682166 0.285138 0.069830 0.173104
4 0.186534 0.781908 0.031227 0.098278
0 0.878706 0.859863 0.071142 0.090203
4 0.174536 0.506580 0.021641 0.094594
0 0.884331 0.810738 0.070849 0.125879
0 0.320304 0.925686 0.105897 0.139000
0 0.902664 0.600873 0.058478 0.108505
0 0.568447 0.889291 0.084793 0.159028
1 0.363804 0.816377 0.094216 0.205402
0 0.171616 0.307897 0.031759 0.051473
2 0.368540 0.492516 0.049295 0.109171
4 0.033467 0.952917 0.032900 0.091069
2 0.576935 0.789743 0.101928 0.238842
4 0.908748 0.515001 0.017147 0.050585
2 0.432173 0.907770 0.078292 0.157325
4 0.254991 0.617572 0.025224 0.079236
2 0.658935 0.665590 0.077800 0.293280
0 0.871143 0.561601 0.049114 0.080947
2 0.691202 0.539683 0.061229 0.156682
0 0.259004 0.973010 0.100131 0.053304
0 0.018093 0.312242 0.035883 0.083565
4 0.543050 0.972705 0.027821 0.053245
0 0.980358 0.944583 0.038374 0.105304
0 0.886918 0.642486 0.064788 0.102321
0 0.417241 0.756432 0.070421 0.148722
4 0.931361 0.538827 0.018776 0.097754
0 0.547472 0.490479 0.054743 0.095989