2 0.807934 0.539137 0.172686 0.340756
0 0.193784 0.736833 0.123757 0.160906
0 0.064017 0.816406 0.127344 0.178200
2 0.644286 0.664131 0.102905 0.237558
0 0.146846 0.516069 0.132994 0.132408
0 0.396101 0.543937 0.094596 0.124616
0 0.306258 0.507130 0.084820 0.114314
0 0.298892 0.638056 0.091866 0.158784
0 0.845619 0.816588 0.161168 0.208540
2 0.083138 0.672123 0.166165 0.225194
4 0.593292 0.945910 0.024775 0.101539
0 0.515892 0.753696 0.069856 0.154222
2 0.698769 0.434190 0.055304 0.135218
0 0.574514 0.344729 0.052632 0.093624
0 0.100383 0.391900 0.095154 0.100894
4 0.351913 0.778297 0.024726 0.105687
0 0.305604 0.331690 0.071071 0.077036
0 0.154580 0.432801 0.107618 0.086082
2 0.303854 0.145738 0.106450 0.101769
0 0.463477 0.403361 0.068640 0.120684
0 0.496121 0.450003 0.085306 0.149781
4 0.552200 0.960412 0.025463 0.076257
0 0.042743 0.516729 0.084912 0.093808
4 0.905831 0.431103 0.016449 0.077285
0 0.495528 0.241638 0.066097 0.084699