0 0.450200 0.249057 0.170329 0.247738
0 0.047186 0.213202 0.093981 0.201993
4 0.579727 0.645060 0.055880 0.264872
0 0.784589 0.465986 0.215490 0.203513
4 0.777728 0.617966 0.044127 0.256572
4 0.951070 0.809509 0.067134 0.356329
4 0.747892 0.582678 0.042082 0.243013
4 0.673832 0.611219 0.050833 0.223367
4 0.887224 0.837822 0.066656 0.269200
4 0.617432 0.297963 0.043196 0.220462
4 0.826849 0.775207 0.055841 0.258622
4 0.535240 0.277213 0.036690 0.236493
0 0.045081 0.844726 0.089503 0.304394
4 0.988938 0.507275 0.021474 0.189249
0 0.107523 0.925199 0.163964 0.146586
0 0.272730 0.780572 0.123111 0.391423
4 0.783299 0.307687 0.029200 0.130471
4 0.239326 0.102145 0.033093 0.193065
4 0.818120 0.514500 0.033086 0.158576
4 0.205942 0.075749 0.038570 0.151498
4 0.271791 0.124520 0.041083 0.195495
1 0.272895 0.779895 0.123346 0.388656
4 0.645090 0.273846 0.032674 0.215711
4 0.712320 0.559659 0.041556 0.236320
4 0.313190 0.095874 0.043813 0.189611
4 0.655925 0.492326 0.043633 0.236633
4 0.324528 0.232227 0.086768 0.269156
4 0.838951 0.618398 0.039825 0.145408
4 0.583409 0.270126 0.032972 0.213957
0 0.046884 0.058388 0.093664 0.111943
4 0.759537 0.461859 0.038562 0.092373