0 0.218741 0.782604 0.072223 0.093677
0 0.754331 0.854455 0.071026 0.090661
0 0.783022 0.769614 0.058492 0.090117
0 0.619668 0.709412 0.060594 0.071813
0 0.596817 0.764941 0.059243 0.083677
0 0.590904 0.852885 0.083933 0.105046
0 0.748004 0.942606 0.100497 0.105451
0 0.683871 0.784030 0.073287 0.098877
0 0.250335 0.849767 0.078356 0.112811
0 0.859640 0.936695 0.099382 0.115807
0 0.051749 0.851773 0.099549 0.111978
0 0.298383 0.698159 0.058591 0.079709
0 0.885096 0.732776 0.073314 0.095828
0 0.467974 0.575333 0.045131 0.059642
0 0.062976 0.628024 0.060210 0.056431
0 0.543538 0.662411 0.042215 0.063799
0 0.121481 0.723357 0.062021 0.069212
0 0.671747 0.851231 0.060238 0.090350
0 0.376208 0.605453 0.054404 0.062939
0 0.625987 0.555024 0.023805 0.058693
0 0.773482 0.705883 0.057435 0.061846
0 0.145137 0.937235 0.103762 0.118807
0 0.260285 0.688912 0.053024 0.078966
0 0.608069 0.509941 0.025759 0.052123
0 0.336442 0.567224 0.054939 0.056219
0 0.387400 0.625505 0.043108 0.066285
0 0.379653 0.616224 0.054853 0.077796
0 0.424491 0.638108 0.049133 0.067727
0 0.514730 0.412506 0.026821 0.038631
0 0.542672 0.477851 0.036454 0.071645
0 0.040736 0.771492 0.081153 0.109368
2 0.608183 0.309805 0.045291 0.080707
0 0.643516 0.505450 0.024950 0.055668
4 0.316137 0.905782 0.013997 0.063570