2 0.812455 0.535619 0.173612 0.338465
0 0.681115 0.450132 0.073160 0.103270
0 0.495250 0.240103 0.067539 0.082021
4 0.128567 0.648383 0.024289 0.099861
4 0.084698 0.636001 0.025337 0.105697
4 0.281457 0.553045 0.022817 0.088404
4 0.908441 0.822000 0.018736 0.089618
2 0.192088 0.183668 0.122056 0.152205
0 0.307656 0.333185 0.069907 0.078271
0 0.042335 0.514584 0.082984 0.093795
0 0.363897 0.289062 0.083342 0.072596
0 0.083928 0.484153 0.103921 0.101636
0 0.555560 0.446277 0.057915 0.119587
0 0.603738 0.247530 0.060078 0.107284
0 0.102067 0.394348 0.096223 0.098632
4 0.421268 0.946909 0.021089 0.100397
4 0.360819 0.979004 0.022435 0.041993
0 0.552100 0.206030 0.046809 0.063342
0 0.175975 0.348441 0.069238 0.084698
0 0.232904 0.380446 0.101293 0.095068
0 0.742077 0.097420 0.039223 0.050859
4 0.940531 0.819107 0.022628 0.101209
0 0.015917 0.552218 0.031743 0.085117
0 0.578610 0.168361 0.052780 0.054649
0 0.114115 0.287377 0.095450 0.087775
0 0.275273 0.359197 0.062739 0.088621
4 0.228227 0.506950 0.020809 0.083821
0 0.547819 0.799110 0.089894 0.180541
0 0.154751 0.442431 0.106207 0.105243
2 0.302001 0.144568 0.109445 0.104326
0 0.031899 0.448812 0.063661 0.070681
4 0.860605 0.367194 0.016754 0.074190
1 0.403094 0.241956 0.074450 0.108578