0 0.151209 0.605532 0.133200 0.140970
0 0.581675 0.647251 0.090888 0.215906
1 0.386244 0.684371 0.124411 0.236108
0 0.680742 0.592354 0.074394 0.187769
0 0.289887 0.534187 0.099774 0.111143
0 0.892220 0.568611 0.101607 0.165001
0 0.628970 0.450437 0.057094 0.104569
0 0.241881 0.508466 0.082325 0.098838
0 0.825945 0.417940 0.061917 0.097946
1 0.841259 0.836151 0.151023 0.320358
0 0.299936 0.447166 0.071839 0.071041
0 0.733392 0.427669 0.050279 0.089987
0 0.315076 0.660699 0.095283 0.170892
0 0.505896 0.384737 0.052871 0.084777
0 0.800373 0.375910 0.049123 0.077263
0 0.060994 0.844075 0.120963 0.233506
4 0.796981 0.544539 0.029119 0.054958
1 0.713607 0.843494 0.121686 0.308696
4 0.403184 0.435835 0.016443 0.077477
2 0.673990 0.360101 0.045690 0.111881
0 0.045004 0.710439 0.089412 0.083731
4 0.097114 0.812440 0.040505 0.155069
0 0.949124 0.771105 0.101207 0.268627
0 0.432789 0.323261 0.036274 0.055234
3 0.735496 0.524108 0.028873 0.093064
0 0.082746 0.765358 0.123529 0.105292
1 0.949042 0.771301 0.100783 0.268081
1 0.545436 0.350289 0.031675 0.090490
0 0.344379 0.403593 0.063635 0.056362
0 0.381564 0.380991 0.054188 0.068840
0 0.535114 0.319993 0.036790 0.059662
4 0.690715 0.464696 0.022538 0.073611
0 0.683263 0.266092 0.029589 0.045803
0 0.806067 0.317492 0.060062 0.062005
3 0.836995 0.645043 0.032203 0.084588
0 0.169998 0.950109 0.131280 0.097878
4 0.734909 0.491751 0.028501 0.080123
0 0.780201 0.249281 0.024999 0.037329
0 0.025064 0.711450 0.049918 0.078655
0 0.788432 0.642139 0.072220 0.151299
4 0.210122 0.671756 0.025059 0.101289
1 0.487631 0.448882 0.085978 0.162380