0 0.620848 0.837473 0.057874 0.070743
0 0.688544 0.917641 0.076817 0.082812
0 0.056406 0.766274 0.060543 0.054415
0 0.709794 0.766693 0.052486 0.085319
0 0.600002 0.899083 0.060830 0.083720
0 0.114578 0.863917 0.063437 0.068392
0 0.503272 0.637560 0.044131 0.060053
0 0.335344 0.775128 0.053277 0.065553
0 0.894382 0.855259 0.070320 0.096464
0 0.477956 0.700954 0.040859 0.064498
1 0.133781 0.932694 0.088911 0.130058
0 0.275084 0.861911 0.062910 0.092435
0 0.762557 0.969136 0.075161 0.061145
0 0.590138 0.966719 0.080202 0.066494
0 0.053373 0.845247 0.051187 0.049662
0 0.373665 0.783695 0.051588 0.075613
0 0.183123 0.768084 0.064990 0.062967
0 0.250474 0.966888 0.069782 0.066225
2 0.605975 0.434782 0.042987 0.072497
1 0.809601 0.784909 0.058338 0.083035
0 0.544290 0.631058 0.036537 0.054294
0 0.631712 0.606383 0.024989 0.050896
0 0.809779 0.785742 0.058366 0.082272
4 0.782150 0.914678 0.013066 0.057117