0 0.054041 0.816767 0.061024 0.057272
0 0.622566 0.887404 0.057169 0.071680
0 0.600922 0.948673 0.063148 0.085691
0 0.689146 0.961059 0.080700 0.077881
0 0.108684 0.916590 0.060756 0.067984
0 0.294460 0.953398 0.079880 0.092807
0 0.337648 0.809883 0.066384 0.072821
2 0.605320 0.475064 0.043893 0.081389
0 0.657802 0.663600 0.031564 0.054694
0 0.179729 0.815104 0.062833 0.053773
0 0.329160 0.875058 0.059391 0.085524
0 0.496449 0.709537 0.038565 0.054191
0 0.621519 0.713595 0.025029 0.061225
0 0.702335 0.579847 0.027294 0.043560
0 0.844857 0.922825 0.072868 0.100688
0 0.646663 0.582398 0.026290 0.045464
0 0.618179 0.594613 0.029286 0.039747
0 0.464127 0.755108 0.047210 0.065313
0 0.045205 0.896008 0.063217 0.053748
0 0.679356 0.551757 0.028285 0.041820
0 0.563047 0.658607 0.031316 0.047868
0 0.811425 0.831042 0.057562 0.081914
0 0.244970 0.943443 0.065265 0.091282
0 0.897679 0.903186 0.069442 0.107620
1 0.897241 0.902720 0.071255 0.110889
4 0.758689 0.933372 0.013930 0.058406
0 0.193501 0.928195 0.064436 0.081966
4 0.617677 0.832064 0.010180 0.045156
0 0.560160 0.650016 0.036943 0.063993
0 0.557427 0.637321 0.039795 0.043837