0 0.863987 0.941811 0.090651 0.116378
2 0.711572 0.446992 0.099541 0.257912
0 0.891576 0.710072 0.059565 0.111074
0 0.559117 0.915910 0.083222 0.159664
4 0.095385 0.684840 0.030647 0.129662
1 0.363985 0.806962 0.094059 0.182015
0 0.316177 0.928490 0.112669 0.137540
0 0.883469 0.811171 0.072134 0.126962
0 0.870751 0.562818 0.047051 0.081549
0 0.902812 0.601040 0.057425 0.110995
4 0.165985 0.729293 0.032801 0.105958
0 0.879058 0.858383 0.071315 0.088397
4 0.780884 0.526155 0.019513 0.103632
4 0.142713 0.535954 0.021543 0.103941
0 0.366966 0.979385 0.083218 0.041230
2 0.684447 0.289592 0.067142 0.170667
0 0.433569 0.344050 0.038278 0.087593
1 0.572254 0.816726 0.104931 0.240273
4 0.374765 0.518609 0.024711 0.088238
4 0.209735 0.444414 0.018659 0.088442
2 0.017623 0.320653 0.034861 0.103863
4 0.902095 0.514472 0.016046 0.066109
4 0.339503 0.306879 0.016222 0.069225
2 0.505234 0.705897 0.078799 0.166262
4 0.277864 0.615669 0.025059 0.082936
2 0.627318 0.333941 0.041252 0.090861
0 0.547565 0.495337 0.053695 0.097336
4 0.194610 0.462829 0.015766 0.093167
2 0.559058 0.414515 0.063477 0.124071
0 0.887022 0.641901 0.064595 0.101070
0 0.473754 0.884829 0.069112 0.166548
3 0.166563 0.762970 0.030286 0.073111
0 0.417806 0.927965 0.079587 0.140554
0 0.250943 0.980517 0.085603 0.038966
4 0.005510 0.389778 0.011020 0.073033
0 0.429074 0.111761 0.029416 0.061784
2 0.655038 0.672571 0.082410 0.284315
0 0.017689 0.318859 0.035101 0.099489
0 0.337374 0.171629 0.030583 0.044466