2 0.812396 0.538193 0.173835 0.341431
2 0.119086 0.547371 0.237008 0.301618
0 0.073775 0.908971 0.146837 0.163807
0 0.669086 0.550104 0.061378 0.141433
0 0.647077 0.715758 0.083109 0.169596
0 0.746193 0.709034 0.095576 0.166063
0 0.547748 0.376351 0.067905 0.111342
0 0.102980 0.395485 0.093741 0.095970
0 0.352978 0.762680 0.078115 0.175989
0 0.674725 0.435888 0.053202 0.098532
0 0.032007 0.454792 0.063668 0.076856
0 0.307547 0.334849 0.067539 0.079265
4 0.830011 0.754685 0.018701 0.078227
0 0.496663 0.238116 0.071028 0.081178
0 0.586067 0.566025 0.060650 0.133265
2 0.192482 0.180490 0.120677 0.145181
0 0.362576 0.291032 0.085092 0.074955
2 0.303095 0.147737 0.110739 0.105466
0 0.664248 0.248298 0.071766 0.082280
0 0.174689 0.348250 0.070855 0.088018
4 0.861399 0.751046 0.018148 0.087239
0 0.677018 0.325590 0.045009 0.101839
0 0.240186 0.378586 0.081293 0.089669
0 0.274358 0.359979 0.063552 0.089549
2 0.082913 0.226628 0.103012 0.123729
0 0.622899 0.373938 0.043620 0.091475
0 0.729513 0.307793 0.045403 0.095242
0 0.058926 0.370870 0.110534 0.096232