0 0.283233 0.744882 0.118454 0.166073
0 0.609685 0.569423 0.056338 0.127394
0 0.422847 0.387708 0.077731 0.112073
0 0.263399 0.512990 0.129479 0.119461
0 0.442895 0.298215 0.076004 0.073551
0 0.815732 0.572614 0.068749 0.139838
0 0.789322 0.621499 0.096407 0.131615
0 0.297566 0.422006 0.088160 0.109704
0 0.554353 0.745002 0.104949 0.161785
0 0.126986 0.891472 0.159558 0.205992
0 0.209012 0.599384 0.106010 0.132074
4 0.933172 0.743839 0.019236 0.096515
0 0.550082 0.629272 0.077767 0.117780
0 0.598529 0.395457 0.053933 0.086205
4 0.356426 0.966099 0.020323 0.067276
4 0.394895 0.956237 0.024316 0.084886
0 0.690790 0.553387 0.089913 0.123770
2 0.192988 0.178673 0.119796 0.134878
0 0.631931 0.341065 0.057516 0.081139
0 0.673314 0.195644 0.054594 0.075815
0 0.103188 0.393436 0.093846 0.097500
0 0.415885 0.721313 0.067625 0.181787
0 0.213551 0.474875 0.094057 0.121928
0 0.704449 0.553254 0.062551 0.118051
0 0.366001 0.526464 0.084735 0.120781
4 0.890025 0.729323 0.023131 0.087404
0 0.008408 0.731230 0.016745 0.092862
0 0.305983 0.329474 0.070007 0.071395
0 0.712276 0.330824 0.040879 0.085148
0 0.759633 0.476322 0.048768 0.105929
0 0.673135 0.426690 0.050422 0.090947