0 0.620663 0.906451 0.058667 0.074962
0 0.335629 0.877063 0.057681 0.081927
0 0.378613 0.797399 0.054637 0.061780
0 0.050408 0.836947 0.061863 0.058091
0 0.245374 0.942424 0.066906 0.091848
0 0.570751 0.671890 0.037173 0.054092
0 0.599913 0.963949 0.063835 0.072101
0 0.497182 0.744641 0.044193 0.056269
0 0.169650 0.954976 0.090226 0.089707
0 0.737209 0.833718 0.057048 0.080070
0 0.430425 0.797022 0.042328 0.063820
2 0.646136 0.565555 0.055434 0.086999
0 0.625252 0.680124 0.030677 0.049953
0 0.107070 0.938155 0.064588 0.069062
4 0.763396 0.933187 0.013411 0.061497
0 0.518981 0.682702 0.034769 0.054737
0 0.660641 0.685446 0.022887 0.053300
0 0.542519 0.857110 0.042042 0.065065
0 0.398984 0.657936 0.037589 0.041480
0 0.476371 0.730490 0.038407 0.055796
1 0.810732 0.851646 0.058441 0.081354
0 0.285496 0.962829 0.065620 0.074341
0 0.045599 0.916899 0.053329 0.046523
0 0.290561 0.871889 0.055914 0.074803
1 0.896715 0.921976 0.070985 0.096017
0 0.688567 0.972816 0.078554 0.054368
0 0.683458 0.618829 0.025618 0.037473
0 0.177505 0.834902 0.060479 0.057161
0 0.482653 0.560234 0.017310 0.033444