0 0.248405 0.894968 0.081344 0.103678
0 0.622827 0.901264 0.058185 0.074933
0 0.524297 0.709152 0.035250 0.055795
0 0.494300 0.699614 0.042711 0.052754
0 0.365643 0.843572 0.054203 0.075914
0 0.053598 0.831042 0.061475 0.057504
0 0.656522 0.586794 0.028958 0.045896
0 0.601932 0.959830 0.062266 0.080340
0 0.790325 0.932684 0.072148 0.087459
0 0.657977 0.709245 0.026459 0.055717
0 0.109532 0.928229 0.061583 0.067831
0 0.433774 0.800728 0.042140 0.067865
2 0.677636 0.526025 0.042463 0.074299
3 0.910921 0.937168 0.044401 0.060081
0 0.581982 0.637115 0.030138 0.046186
0 0.702572 0.968947 0.090988 0.062106
0 0.214482 0.969342 0.054485 0.060841
0 0.049760 0.909840 0.053829 0.046272
0 0.732804 0.833318 0.050115 0.073794
0 0.343916 0.752785 0.051770 0.046065
0 0.455758 0.748907 0.042030 0.052929
2 0.605025 0.492353 0.042244 0.073271
0 0.293029 0.961824 0.077592 0.076353
0 0.484461 0.555387 0.019674 0.034364
0 0.178246 0.832491 0.057683 0.058967