0 0.235363 0.765383 0.070131 0.090135
0 0.754092 0.852181 0.070832 0.091005
0 0.619156 0.705831 0.058043 0.072388
0 0.590154 0.850333 0.083758 0.103568
0 0.072648 0.834142 0.096842 0.106776
0 0.860555 0.936851 0.097638 0.112314
0 0.062870 0.625791 0.060017 0.056117
0 0.249955 0.847187 0.079850 0.113597
0 0.746642 0.941034 0.098413 0.106907
0 0.543188 0.658998 0.041753 0.062499
0 0.596225 0.763869 0.059628 0.082476
0 0.777932 0.762663 0.058338 0.086682
0 0.386355 0.596571 0.054363 0.065055
0 0.685988 0.782308 0.070463 0.102105
0 0.120866 0.721137 0.063744 0.067353
0 0.147769 0.936936 0.096640 0.121254
0 0.310383 0.683328 0.056814 0.072645
0 0.669739 0.848478 0.064020 0.090884
0 0.884273 0.730507 0.074294 0.095375
0 0.770329 0.700975 0.056468 0.061422
0 0.625965 0.547250 0.024414 0.057230
0 0.477322 0.567035 0.042835 0.061584
2 0.607598 0.309758 0.044529 0.075843
0 0.039587 0.769371 0.078705 0.112994
0 0.609872 0.503710 0.026728 0.049591
0 0.334744 0.566129 0.056163 0.059656
4 0.317847 0.900994 0.014778 0.064028
0 0.430941 0.626321 0.053445 0.063171
0 0.548070 0.470330 0.034664 0.065804
0 0.470152 0.437585 0.040366 0.045242