0 0.620933 0.908325 0.059716 0.072706
0 0.419351 0.764699 0.051969 0.061932
0 0.051460 0.837506 0.061085 0.059198
0 0.288588 0.911641 0.062853 0.085213
0 0.697494 0.788353 0.048747 0.073811
0 0.600886 0.964470 0.064526 0.071061
0 0.246536 0.898420 0.075405 0.093264
0 0.107773 0.937956 0.063378 0.068468
0 0.658307 0.603281 0.028041 0.037141
0 0.634378 0.667560 0.031084 0.044613
0 0.537612 0.708767 0.038703 0.052492
0 0.368358 0.836739 0.057070 0.101092
0 0.856608 0.950270 0.068868 0.093720
0 0.646565 0.728821 0.030446 0.065406
0 0.046693 0.918457 0.053590 0.047979
0 0.811060 0.851728 0.057491 0.084697
0 0.462534 0.773688 0.043524 0.064249
0 0.898145 0.922731 0.071814 0.096633
0 0.178603 0.837443 0.060560 0.059488
0 0.824461 0.967169 0.070223 0.064881
4 0.606552 0.815595 0.011767 0.051299
4 0.741001 0.786413 0.013204 0.051281
0 0.512361 0.702380 0.034690 0.050569
4 0.759616 0.948945 0.012691 0.058757
0 0.688409 0.973109 0.077373 0.052161
0 0.341782 0.761005 0.052248 0.047595
0 0.667858 0.660762 0.025112 0.049841
0 0.543024 0.856889 0.042818 0.061180
0 0.483751 0.561239 0.018743 0.033948
0 0.700979 0.594540 0.023725 0.035466