0 0.173727 0.729497 0.126997 0.177190
0 0.731276 0.371831 0.050653 0.097523
0 0.485281 0.469264 0.080526 0.110496
0 0.663822 0.813418 0.091526 0.241414
0 0.784453 0.507334 0.059343 0.126273
0 0.233783 0.574344 0.110742 0.119144
0 0.363772 0.700708 0.093731 0.164402
0 0.535898 0.818100 0.101494 0.180015
0 0.702195 0.488309 0.048857 0.119191
0 0.122932 0.561295 0.172829 0.204483
0 0.424124 0.434049 0.081065 0.090188
0 0.581652 0.673084 0.082000 0.154911
0 0.042919 0.515239 0.085427 0.093418
0 0.818834 0.763829 0.131548 0.240190
0 0.383648 0.403196 0.074306 0.094713
4 0.283973 0.753510 0.032422 0.099806
1 0.048617 0.792744 0.096676 0.268251
4 0.770460 0.785814 0.019059 0.106744
0 0.737874 0.210647 0.053578 0.078597
0 0.629294 0.298975 0.057823 0.077571
4 0.304138 0.954824 0.020753 0.086891
0 0.513944 0.566746 0.064777 0.125231
2 0.302462 0.144769 0.107051 0.098780
0 0.102950 0.393931 0.094695 0.097352
2 0.192797 0.182623 0.119645 0.143543
1 0.295380 0.439718 0.098540 0.162668
0 0.638788 0.303248 0.077774 0.088507
0 0.525435 0.385970 0.062610 0.119210
0 0.751721 0.309457 0.038202 0.085552
0 0.087637 0.486757 0.091134 0.104402
4 0.883886 0.423566 0.019704 0.083302
0 0.442876 0.741079 0.071362 0.162079
0 0.346823 0.503873 0.082928 0.109684
0 0.161704 0.434528 0.111901 0.087802