0 0.369564 0.753268 0.207258 0.288793
0 0.451085 0.247755 0.148192 0.247246
0 0.231912 0.602810 0.166626 0.254668
0 0.091009 0.472191 0.161974 0.271958
0 0.310128 0.309527 0.134682 0.233673
0 0.279323 0.913998 0.196066 0.165750
3 0.552715 0.344075 0.065503 0.173681
4 0.848687 0.466706 0.055415 0.213057
0 0.747501 0.465291 0.173264 0.200082
4 0.913725 0.698956 0.050438 0.255395
0 0.012839 0.227806 0.025430 0.209587
3 0.363184 0.483943 0.072889 0.201539
4 0.837951 0.687789 0.066135 0.270488
1 0.176187 0.101530 0.140542 0.193599
4 0.721991 0.598622 0.047585 0.167025
4 0.291368 0.112730 0.038979 0.138810
3 0.487885 0.894976 0.234481 0.198087
4 0.357420 0.398850 0.080682 0.257505
1 0.056726 0.119164 0.112773 0.230341
0 0.067803 0.869466 0.134889 0.246126
4 0.798201 0.647371 0.040314 0.261734
0 0.143087 0.246318 0.149700 0.208152
3 0.728281 0.875213 0.210505 0.236603
4 0.678900 0.566283 0.047128 0.128123
4 0.335380 0.131376 0.036784 0.118956
3 0.364246 0.495372 0.056251 0.179262
3 0.068096 0.872000 0.135389 0.249633
4 0.585888 0.497025 0.029858 0.157171
3 0.981954 0.755321 0.035136 0.110903
0 0.778920 0.472543 0.232192 0.210465