0 0.104728 0.927274 0.205841 0.141929
0 0.635175 0.654437 0.078819 0.169291
0 0.249582 0.506330 0.104105 0.123342
0 0.537041 0.820512 0.105027 0.177782
0 0.783437 0.507564 0.060377 0.127361
0 0.338159 0.495199 0.101767 0.109683
0 0.744026 0.318277 0.043655 0.083350
0 0.516556 0.432536 0.072937 0.105350
0 0.103322 0.394210 0.096372 0.098247
2 0.191677 0.178893 0.122035 0.141460
0 0.414601 0.644760 0.072185 0.142628
0 0.042412 0.515662 0.083955 0.095406
0 0.057235 0.856683 0.114015 0.168876
0 0.553187 0.624599 0.067330 0.117222
0 0.432315 0.367550 0.068137 0.084800
2 0.302471 0.144474 0.107952 0.102461
0 0.689885 0.214109 0.046659 0.072229
2 0.157462 0.475974 0.115941 0.170780
4 0.396094 0.961246 0.021661 0.076465
0 0.739782 0.589149 0.045625 0.113749
2 0.523484 0.540917 0.070153 0.126366