0 0.619250 0.814420 0.057348 0.070485
0 0.759465 0.955209 0.074621 0.089148
1 0.226047 0.850896 0.080103 0.135030
0 0.688218 0.891070 0.068770 0.085063
0 0.057091 0.741292 0.059523 0.056735
0 0.593085 0.955156 0.084272 0.089688
0 0.162417 0.878775 0.069048 0.090873
0 0.363623 0.765258 0.052867 0.073367
0 0.116014 0.838032 0.065536 0.067551
0 0.598738 0.875762 0.060850 0.082942
0 0.886413 0.908405 0.081517 0.116990
0 0.758903 0.855324 0.069343 0.097256
0 0.286647 0.793918 0.049245 0.072809
0 0.672670 0.955069 0.069101 0.089057
0 0.626593 0.647808 0.026575 0.060806
0 0.891425 0.833854 0.069392 0.094503
0 0.550466 0.608988 0.034411 0.050867
0 0.086450 0.961115 0.079382 0.076405
0 0.182766 0.740777 0.057863 0.059964
0 0.680237 0.470366 0.021378 0.041562
0 0.488973 0.530798 0.035812 0.038049
2 0.606004 0.413864 0.043211 0.070714
0 0.543500 0.766174 0.042514 0.064806
0 0.678805 0.518109 0.024703 0.037643
0 0.805439 0.762439 0.063014 0.083230
0 0.052943 0.817286 0.053944 0.046145
0 0.640674 0.601203 0.026816 0.053768