2 0.064179 0.796407 0.127555 0.393150
0 0.451179 0.865724 0.152264 0.239311
2 0.426354 0.307877 0.079437 0.181341
0 0.543095 0.698083 0.109330 0.174530
0 0.623659 0.415773 0.061759 0.141264
0 0.494003 0.579126 0.101105 0.145517
0 0.752161 0.703181 0.105793 0.241909
2 0.760068 0.215247 0.060451 0.119371
0 0.570638 0.387899 0.060749 0.093402
0 0.818250 0.210401 0.037190 0.047785
1 0.885442 0.186144 0.059845 0.098555
4 0.078551 0.398513 0.022476 0.097031
0 0.538041 0.238323 0.038108 0.052343
2 0.974002 0.228838 0.051221 0.129080
2 0.471314 0.196301 0.049578 0.086922
2 0.442319 0.239937 0.065454 0.130125
0 0.584922 0.260198 0.041969 0.063328
0 0.484501 0.244804 0.026169 0.047427
1 0.681695 0.226145 0.038282 0.065402
0 0.680722 0.225401 0.038692 0.066242
0 0.794714 0.195602 0.014634 0.027429
0 0.607460 0.303076 0.056876 0.096698