0 0.757794 0.865071 0.143287 0.247866
0 0.249755 0.494865 0.114025 0.121150
0 0.638748 0.397094 0.066767 0.102063
0 0.739402 0.479841 0.085128 0.121512
0 0.505390 0.474686 0.077629 0.119324
0 0.956889 0.881517 0.085462 0.229906
0 0.501490 0.883831 0.149416 0.225705
0 0.425965 0.336117 0.060559 0.083755
1 0.890247 0.189235 0.057564 0.095046
0 0.528653 0.268135 0.042494 0.062756
0 0.921715 0.234123 0.045775 0.068749
0 0.517895 0.397848 0.062769 0.101263
0 0.624932 0.327911 0.055464 0.104470
0 0.067823 0.861187 0.134679 0.270771
0 0.577597 0.306186 0.048803 0.082414
1 0.067343 0.859475 0.134101 0.265331
1 0.741079 0.201843 0.059867 0.105750
0 0.472395 0.260255 0.040785 0.059738
0 0.824448 0.207087 0.030696 0.057830
0 0.520980 0.321213 0.052479 0.058169