2 0.383718 0.252428 0.061756 0.138043
0 0.892167 0.722910 0.133528 0.198583
0 0.145234 0.782997 0.183451 0.177966
0 0.719179 0.769069 0.127267 0.207274
0 0.569135 0.531605 0.101377 0.172755
0 0.682545 0.443157 0.073831 0.109632
0 0.812693 0.553588 0.097261 0.153679
0 0.519344 0.428258 0.071387 0.123839
0 0.410565 0.614408 0.102178 0.212153
0 0.644591 0.380155 0.063431 0.095932
0 0.107546 0.916699 0.215091 0.161480
0 0.498875 0.371188 0.066360 0.123385
0 0.605553 0.280958 0.046220 0.066509
0 0.625667 0.323949 0.050189 0.082104
2 0.743211 0.198882 0.056816 0.109543
1 0.813210 0.171740 0.034682 0.080205
1 0.426649 0.516003 0.093701 0.173762
0 0.427228 0.516432 0.093502 0.174471
1 0.743593 0.199682 0.055607 0.110546
0 0.532214 0.324149 0.047506 0.071322
1 0.798975 0.171362 0.062643 0.082104
0 0.497089 0.259181 0.036826 0.070615