2 0.430619 0.274005 0.075479 0.168201
0 0.603252 0.353140 0.058005 0.093254
0 0.533269 0.296614 0.048738 0.068945
0 0.966386 0.299024 0.060075 0.073720
0 0.892306 0.253202 0.040379 0.051331
0 0.056964 0.876024 0.113416 0.223390
0 0.834226 0.245069 0.056678 0.074672
2 0.480666 0.173079 0.059923 0.081026
0 0.716634 0.275021 0.046913 0.083628
4 0.103762 0.568048 0.024913 0.122585
0 0.800374 0.229125 0.035258 0.049555
0 0.598098 0.227797 0.031763 0.068319
2 0.481494 0.214464 0.056668 0.161624
2 0.485546 0.246323 0.046843 0.109642
0 0.742659 0.231705 0.028172 0.049667
0 0.671410 0.219759 0.037082 0.059307
2 0.480405 0.191003 0.059272 0.117332
0 0.576676 0.223182 0.023262 0.050416
0 0.873750 0.234263 0.030013 0.040014