0 0.161485 0.765538 0.146678 0.196373
2 0.450225 0.240992 0.067235 0.145197
0 0.919756 0.266965 0.046704 0.054174
0 0.601737 0.292185 0.051318 0.079330
4 0.103100 0.589111 0.029493 0.119930
2 0.509695 0.223632 0.046246 0.102089
0 0.739094 0.303400 0.057507 0.091522
0 0.541807 0.267047 0.045918 0.064949
0 0.850874 0.249731 0.050044 0.080590
0 0.749992 0.236277 0.039197 0.053359
2 0.490743 0.163750 0.046269 0.064107
0 0.678191 0.223433 0.040530 0.060782
0 0.808963 0.232632 0.039393 0.054228
0 0.988098 0.334907 0.022906 0.062295
0 0.721472 0.213331 0.033603 0.042766
0 0.894166 0.243439 0.038478 0.050822
3 0.102506 0.627869 0.023308 0.071459