2 0.323090 0.543139 0.170038 0.356220
0 0.480145 0.495258 0.091238 0.128030
0 0.583897 0.448507 0.073876 0.111661
2 0.743932 0.197021 0.053708 0.109634
0 0.917570 0.823561 0.141457 0.226465
2 0.829405 0.171005 0.035437 0.083243
0 0.521337 0.343269 0.052663 0.118546
2 0.791166 0.169708 0.040944 0.075800
2 0.871403 0.183706 0.061030 0.097177
0 0.632604 0.381251 0.061625 0.095572
2 0.410246 0.210698 0.057957 0.113842
4 0.365809 0.550840 0.032995 0.060900
0 0.499153 0.298935 0.048203 0.079517
0 0.495535 0.175267 0.020348 0.025348
0 0.539722 0.265814 0.045851 0.081548
0 0.429514 0.339026 0.060391 0.112981
4 0.947310 0.206864 0.018257 0.070884
1 0.680439 0.224386 0.041397 0.065141
2 0.371884 0.223786 0.024086 0.052388
0 0.615304 0.275133 0.043779 0.054319