0 0.513657 0.748103 0.126713 0.195052
0 0.937595 0.443641 0.090185 0.131614
0 0.435188 0.328695 0.051614 0.080417
0 0.871274 0.362143 0.067274 0.089497
0 0.788283 0.285987 0.050141 0.073048
0 0.737877 0.245910 0.036694 0.047887
0 0.869063 0.279192 0.033746 0.062254
0 0.905615 0.292000 0.057284 0.093932
0 0.836814 0.252652 0.042662 0.061231
2 0.487709 0.178333 0.047642 0.093948
0 0.987859 0.329665 0.023638 0.079995
1 0.488131 0.178648 0.047355 0.094286
0 0.549391 0.204525 0.029922 0.040650
0 0.674091 0.228387 0.037380 0.046152