2 0.310780 0.594110 0.189585 0.354815
2 0.387443 0.367380 0.110267 0.226079
0 0.817486 0.606290 0.115020 0.165328
2 0.433134 0.262567 0.074738 0.155836
2 0.866470 0.183137 0.053984 0.100003
0 0.611880 0.363328 0.071813 0.119455
0 0.665934 0.351831 0.054227 0.083431
0 0.531743 0.302099 0.048737 0.067548
2 0.742621 0.199172 0.060193 0.108013
2 0.817531 0.172355 0.044631 0.079387
2 0.937732 0.208626 0.074257 0.118474
1 0.624162 0.711803 0.127435 0.344821
4 0.343128 0.583172 0.041180 0.075642
0 0.680419 0.226670 0.038625 0.064245
1 0.988532 0.243688 0.022165 0.137241
0 0.598871 0.240343 0.039961 0.057482
0 0.777330 0.197295 0.015760 0.033322
0 0.620794 0.292116 0.049780 0.075363
0 0.510800 0.265718 0.037310 0.057472