2 0.323431 0.500258 0.151010 0.323431
2 0.142241 0.839810 0.283626 0.304394
2 0.413432 0.306763 0.086416 0.187848
2 0.740965 0.196856 0.061340 0.110349
2 0.961372 0.216000 0.075674 0.129050
0 0.634773 0.474038 0.092229 0.163189
0 0.760073 0.464383 0.079444 0.122648
2 0.840061 0.174687 0.044772 0.089108
2 0.894358 0.189928 0.061914 0.101490
0 0.650152 0.358978 0.061964 0.089828
2 0.804253 0.171490 0.030359 0.074682
0 0.533809 0.340847 0.057263 0.087964
0 0.614099 0.268697 0.042329 0.064288
4 0.352315 0.505323 0.031135 0.062871
0 0.680519 0.226427 0.039759 0.065249