0 0.244390 0.795765 0.174921 0.206817
0 0.324819 0.640383 0.092564 0.214334
0 0.926884 0.463898 0.080318 0.113351
0 0.550292 0.366372 0.060046 0.110911
0 0.913301 0.335604 0.055008 0.081921
0 0.723102 0.297435 0.050050 0.072046
0 0.825219 0.243524 0.040265 0.058394
0 0.478758 0.226593 0.031756 0.047931
4 0.104890 0.612172 0.033297 0.130076
0 0.933760 0.273795 0.041910 0.064093
0 0.526731 0.293615 0.045900 0.067974
2 0.493789 0.170475 0.044286 0.081162
0 0.969470 0.369456 0.059926 0.101004
0 0.901959 0.308440 0.061220 0.072781
0 0.900905 0.249195 0.036286 0.050700
0 0.685021 0.227080 0.032518 0.061781
1 0.536251 0.181225 0.031024 0.058318
0 0.795745 0.232298 0.034308 0.040980
0 0.986195 0.226145 0.026923 0.064524
3 0.105244 0.656498 0.026334 0.090779