0 0.893359 0.765817 0.142156 0.212140
0 0.641266 0.780575 0.131929 0.208877
0 0.180485 0.786580 0.148779 0.277962
0 0.795364 0.556432 0.103301 0.146298
0 0.412632 0.881079 0.150767 0.233510
0 0.503401 0.599330 0.101406 0.158912
0 0.365393 0.429156 0.075088 0.104725
0 0.972669 0.934816 0.054117 0.130368
0 0.696589 0.604720 0.099591 0.169074
1 0.890572 0.188745 0.059803 0.095539
0 0.672512 0.380840 0.066624 0.092572
0 0.507381 0.379812 0.062212 0.095299
0 0.761070 0.955811 0.148137 0.084962
0 0.945711 0.242362 0.044559 0.071969
4 0.084661 0.440626 0.018706 0.101619
0 0.617328 0.325477 0.053633 0.075954
0 0.556001 0.271517 0.047532 0.065971
1 0.827552 0.205372 0.028643 0.060445
0 0.484750 0.290479 0.047519 0.069246
1 0.742210 0.200849 0.056271 0.105525
1 0.496862 0.172632 0.033084 0.069467