2 0.204279 0.779027 0.282700 0.434724
0 0.659883 0.754578 0.123303 0.194733
0 0.668256 0.534453 0.088312 0.141178
2 0.397971 0.232617 0.059527 0.126237
0 0.486009 0.469433 0.072483 0.158920
0 0.358762 0.659004 0.065854 0.165385
0 0.548333 0.408380 0.075722 0.125355
0 0.645302 0.351970 0.057430 0.086609
0 0.734341 0.474261 0.087663 0.121912
4 0.249574 0.904820 0.062847 0.106746
2 0.745210 0.199070 0.052771 0.108753
0 0.515785 0.350804 0.055362 0.081572
1 0.433422 0.420659 0.067243 0.144887
0 0.719927 0.402107 0.076546 0.104301
0 0.530571 0.304771 0.051565 0.081286
1 0.834130 0.173677 0.044817 0.083285
2 0.833840 0.173696 0.044998 0.083084
2 0.797655 0.170522 0.036814 0.076000
0 0.466306 0.240152 0.046797 0.060286
0 0.599410 0.247189 0.036571 0.054458
0 0.626608 0.313439 0.057971 0.081813