2 0.360326 0.286700 0.074651 0.162732
0 0.512877 0.548930 0.094775 0.159627
0 0.043135 0.880554 0.085357 0.187201
0 0.744612 0.626252 0.104609 0.163200
0 0.446260 0.466807 0.085257 0.160717
0 0.684272 0.512381 0.094863 0.137739
1 0.434981 0.682017 0.123346 0.246243
0 0.912016 0.392702 0.068068 0.087855
0 0.576033 0.854601 0.164118 0.284522
0 0.248605 0.772118 0.157767 0.272674
0 0.960639 0.910575 0.077533 0.177083
0 0.529681 0.384627 0.063931 0.097959
0 0.649319 0.400671 0.070143 0.104145
1 0.964295 0.217122 0.070304 0.133302
0 0.485352 0.234362 0.038079 0.054565
2 0.964485 0.218686 0.069888 0.128922
0 0.601201 0.261304 0.042537 0.058171
2 0.738793 0.200153 0.065846 0.107861
0 0.640494 0.343418 0.062914 0.088815
2 0.791349 0.170625 0.043618 0.077551