2 0.294595 0.611553 0.201238 0.398346
0 0.609652 0.500858 0.081264 0.125573
0 0.448340 0.535393 0.100091 0.139569
2 0.410525 0.214897 0.051620 0.119696
4 0.340754 0.625083 0.043491 0.073049
2 0.743136 0.198385 0.054410 0.109490
0 0.514631 0.374332 0.053646 0.119050
2 0.809368 0.171333 0.057036 0.078588
0 0.433407 0.356677 0.063089 0.124087
2 0.820144 0.172262 0.038139 0.080305
0 0.966778 0.954187 0.065375 0.089150
2 0.860382 0.179220 0.054601 0.092980
0 0.540734 0.277621 0.044811 0.087788
0 0.640452 0.406609 0.067177 0.115913
2 0.781923 0.167238 0.039709 0.074750
0 0.492496 0.178412 0.020429 0.026800
2 0.794006 0.170174 0.032226 0.076909
1 0.681876 0.224206 0.038880 0.067417
1 0.860831 0.179414 0.055303 0.092481
2 0.776484 0.166831 0.026847 0.073781
0 0.626481 0.297474 0.053645 0.068498
4 0.947594 0.206845 0.017540 0.067047
0 0.608531 0.272572 0.047360 0.062122