2 0.244804 0.678103 0.216532 0.451546
2 0.391783 0.356159 0.103754 0.227826
0 0.654321 0.617349 0.119000 0.214660
0 0.856355 0.638928 0.108886 0.176663
0 0.716202 0.434634 0.075480 0.108212
0 0.532583 0.381311 0.063251 0.096391
2 0.744249 0.197594 0.052975 0.110231
0 0.616953 0.297026 0.046429 0.070658
2 0.867266 0.181717 0.054352 0.096504
4 0.286228 0.701514 0.043496 0.077252
2 0.815323 0.171975 0.050284 0.079973
1 0.926704 0.203388 0.070582 0.110503
0 0.473338 0.261088 0.038718 0.065797
0 0.526390 0.271336 0.058522 0.078061
0 0.602755 0.277136 0.043302 0.055702
4 0.413104 0.362995 0.023273 0.046048
0 0.606679 0.267050 0.051782 0.077252
0 0.532351 0.326769 0.051570 0.069553