2 0.415663 0.346709 0.090934 0.200843
0 0.655865 0.513297 0.077269 0.171007
0 0.461341 0.745676 0.127429 0.193730
0 0.527923 0.904672 0.143254 0.188064
2 0.756179 0.208744 0.059310 0.114362
2 0.865783 0.180088 0.057755 0.095247
0 0.680982 0.455560 0.077810 0.120339
0 0.536357 0.251557 0.039717 0.047427
0 0.807819 0.204060 0.033851 0.046485
2 0.017671 0.821732 0.034534 0.294980
2 0.465936 0.218181 0.052677 0.126784
0 0.599600 0.393365 0.060034 0.116028
2 0.951601 0.213761 0.071817 0.127257
0 0.804549 0.881857 0.142267 0.234200
2 0.436102 0.262771 0.068309 0.155909
0 0.642790 0.336665 0.040054 0.083609
1 0.804476 0.880454 0.141228 0.235725
0 0.680523 0.224937 0.039818 0.066489
0 0.622828 0.261526 0.034517 0.061283
0 0.367836 0.233325 0.017435 0.035636