0 0.569915 0.568966 0.102404 0.143745
0 0.462258 0.444563 0.076912 0.111085
0 0.069775 0.881562 0.138282 0.224707
2 0.181615 0.578896 0.143036 0.294920
0 0.571352 0.408179 0.065012 0.103698
2 0.450906 0.242601 0.064270 0.134003
0 0.729897 0.774974 0.138773 0.245930
0 0.519527 0.352138 0.056725 0.084892
0 0.851042 0.228804 0.042475 0.046385
2 0.954346 0.213304 0.075892 0.125840
1 0.606393 0.249416 0.044307 0.108925
0 0.671251 0.421385 0.064344 0.142258
2 0.781547 0.239110 0.081130 0.139717
0 0.724472 0.219215 0.035088 0.054342
1 0.954637 0.214528 0.075778 0.125542
0 0.559211 0.290357 0.041317 0.088561
0 0.679974 0.224359 0.040001 0.065549
2 0.470762 0.198809 0.059532 0.115260