0 0.558795 0.575795 0.101955 0.146884
0 0.309194 0.626085 0.111219 0.151092
0 0.113097 0.524059 0.140522 0.118753
0 0.636061 0.449547 0.072558 0.111940
0 0.624427 0.911433 0.165470 0.174126
0 0.514409 0.397390 0.064868 0.102682
0 0.432401 0.342428 0.056613 0.085128
0 0.679386 0.380900 0.065749 0.094687
0 0.849709 0.659053 0.095890 0.179140
0 0.905462 0.739941 0.121546 0.274787
1 0.890466 0.189658 0.057107 0.097782
0 0.684420 0.229285 0.043324 0.066307
0 0.605465 0.258563 0.043703 0.085652
2 0.738260 0.201595 0.068593 0.105688
1 0.472017 0.197118 0.047640 0.108614
1 0.738951 0.202397 0.066810 0.105878
1 0.582534 0.197237 0.042918 0.091019
1 0.839364 0.212570 0.034026 0.064043