0 0.854576 0.695377 0.129461 0.190216
0 0.763610 0.515027 0.094388 0.133547
0 0.624401 0.716081 0.122301 0.199331
0 0.750413 0.915981 0.159761 0.166280
0 0.683026 0.564255 0.095324 0.152133
0 0.501895 0.557447 0.092352 0.148793
0 0.423825 0.806832 0.138863 0.216219
1 0.891195 0.189496 0.057108 0.097808
0 0.379691 0.415078 0.070789 0.101024
0 0.950930 0.885831 0.097294 0.221639
0 0.509573 0.365193 0.058514 0.088162
0 0.207872 0.762425 0.137435 0.272605
0 0.659687 0.366120 0.062058 0.087607
0 0.615099 0.316249 0.052463 0.078031
0 0.951355 0.245110 0.045408 0.072071
1 0.825743 0.206315 0.028095 0.059539
2 0.737708 0.201442 0.069395 0.105453
1 0.498576 0.174979 0.033474 0.069265