2 0.454787 0.230823 0.061549 0.137592
0 0.212746 0.706371 0.125333 0.178945
2 0.513451 0.216547 0.040908 0.090756
0 0.544156 0.256659 0.042578 0.058620
0 0.930382 0.274338 0.048626 0.055817
4 0.090141 0.608740 0.030623 0.121385
0 0.598270 0.277564 0.043949 0.068361
0 0.769101 0.323958 0.067798 0.095003
0 0.751112 0.241007 0.038579 0.056451
0 0.853922 0.255075 0.048781 0.078054
2 0.489298 0.166612 0.043117 0.068102
2 0.490501 0.184880 0.044040 0.104844
0 0.986875 0.223750 0.025069 0.048006
0 0.901664 0.250201 0.038006 0.046843
0 0.678923 0.229973 0.041754 0.057580
0 0.721320 0.212505 0.035232 0.050403
0 0.809135 0.233987 0.035305 0.055466
3 0.087519 0.650568 0.023560 0.072245