2 0.308685 0.532524 0.161980 0.346503
0 0.641303 0.502744 0.097666 0.172649
2 0.407916 0.321450 0.089166 0.193476
0 0.779260 0.500168 0.084766 0.128725
2 0.743850 0.196543 0.053641 0.109579
2 0.835840 0.172146 0.041897 0.084717
0 0.662795 0.373549 0.063824 0.097014
2 0.952673 0.212499 0.076865 0.127715
2 0.887338 0.185660 0.060367 0.100771
2 0.802887 0.169462 0.026410 0.073046
0 0.533724 0.351224 0.057494 0.085968
0 0.615504 0.274574 0.044050 0.064834
4 0.338082 0.544304 0.031417 0.061081
2 0.119879 0.885220 0.238569 0.210444
0 0.535651 0.263005 0.052869 0.083739
4 0.293534 0.538937 0.030441 0.055156
0 0.680775 0.225676 0.039279 0.065496