2 0.248085 0.735724 0.255950 0.497069
0 0.638654 0.612109 0.100007 0.161109
0 0.406110 0.599390 0.084996 0.151349
0 0.501882 0.420139 0.061915 0.143414
0 0.655141 0.472574 0.074986 0.120689
4 0.298444 0.761221 0.051195 0.088442
2 0.403656 0.226765 0.056364 0.120005
2 0.803191 0.170088 0.041377 0.075813
2 0.736900 0.198594 0.067988 0.109774
0 0.533056 0.374297 0.061719 0.116027
0 0.678194 0.418279 0.077471 0.110413
2 0.844403 0.175437 0.050028 0.087126
0 0.633613 0.323068 0.052013 0.078381
1 0.439743 0.390470 0.066170 0.134122
0 0.538859 0.297661 0.051427 0.094461
2 0.770621 0.161877 0.027118 0.064450
0 0.615448 0.292231 0.050262 0.076388
0 0.677554 0.358433 0.070968 0.076657