0 0.510087 0.788078 0.132237 0.205342
0 0.432884 0.333808 0.052424 0.085541
0 0.922420 0.430787 0.087476 0.128792
0 0.784980 0.284102 0.049549 0.071316
0 0.865361 0.356792 0.064095 0.089815
0 0.738261 0.242384 0.035814 0.052195
0 0.903508 0.291408 0.054145 0.092702
0 0.986024 0.328654 0.027348 0.078829
0 0.865723 0.279999 0.032115 0.058271
0 0.836986 0.251716 0.039878 0.060583
2 0.487886 0.179471 0.046527 0.095128
0 0.550425 0.206939 0.027878 0.040930
0 0.673912 0.227466 0.036488 0.046791
0 0.934995 0.269870 0.031681 0.068516