0 0.429159 0.593607 0.107429 0.154880
0 0.922246 0.396401 0.066628 0.099778
0 0.539722 0.305421 0.050161 0.089739
0 0.365865 0.507757 0.071782 0.169659
0 0.955827 0.352880 0.054172 0.091068
0 0.854842 0.265967 0.045499 0.064154
0 0.808614 0.241378 0.041306 0.048325
4 0.147357 0.563283 0.030049 0.121359
0 0.476825 0.218026 0.030952 0.045170
0 0.979786 0.308341 0.039506 0.075830
1 0.535991 0.178314 0.033157 0.065166
0 0.520599 0.264958 0.041503 0.060664
0 0.766855 0.335882 0.072267 0.075203
0 0.694760 0.238542 0.035696 0.072315
0 0.945818 0.282591 0.051950 0.063179
2 0.493322 0.170626 0.042997 0.079957