2 0.264055 0.624255 0.205629 0.408313
2 0.397529 0.345109 0.096249 0.215387
0 0.826777 0.583499 0.099443 0.158132
0 0.649895 0.575931 0.110530 0.200141
0 0.696702 0.413525 0.071708 0.104595
2 0.743934 0.197606 0.056306 0.110693
0 0.534029 0.366020 0.060702 0.102508
2 0.875568 0.183723 0.060167 0.099686
4 0.305216 0.639225 0.038772 0.073828
2 0.817636 0.171859 0.056439 0.081655
0 0.616664 0.290878 0.046891 0.069599
2 0.935528 0.207666 0.072925 0.115815
1 0.935603 0.207243 0.072658 0.117374
0 0.680852 0.226241 0.038538 0.065504