0 0.711930 0.821631 0.140367 0.219156
2 0.897074 0.316982 0.119212 0.189674
2 0.356974 0.481192 0.136096 0.306087
0 0.460578 0.429755 0.076169 0.108366
0 0.574178 0.335801 0.060153 0.092615
2 0.473880 0.195234 0.055111 0.113874
0 0.532941 0.307245 0.045910 0.069968
0 0.723677 0.221802 0.040034 0.050338
0 0.686930 0.235692 0.040094 0.067509
0 0.810612 0.228222 0.052176 0.072775
0 0.775607 0.213917 0.033154 0.047493
0 0.527528 0.268261 0.050584 0.075495
0 0.377904 0.299159 0.079629 0.077003
0 0.845145 0.225603 0.039044 0.048191
0 0.622725 0.278928 0.038372 0.086438