2 0.186818 0.763757 0.273753 0.460744
2 0.379140 0.390530 0.112553 0.246966
0 0.757934 0.490538 0.084203 0.128848
0 0.929576 0.797430 0.136490 0.223019
0 0.664105 0.727483 0.138902 0.256801
0 0.528017 0.402576 0.069507 0.104484
2 0.809448 0.171466 0.045329 0.079408
2 0.857599 0.178457 0.049121 0.093638
0 0.618908 0.315138 0.050106 0.076443
2 0.742388 0.197507 0.056539 0.111142
2 0.389656 0.204011 0.051064 0.102820
4 0.228882 0.858840 0.049337 0.090763
1 0.910767 0.196732 0.065670 0.110549
0 0.605874 0.278731 0.048666 0.078381
2 0.910775 0.196594 0.066657 0.110433
0 0.476336 0.267454 0.043173 0.068291
1 0.883410 0.109333 0.029368 0.077508
0 0.681603 0.224502 0.038880 0.066530