2 0.420098 0.299272 0.084937 0.184046
0 0.783894 0.790091 0.127588 0.277659
0 0.867463 0.666982 0.117515 0.180894
2 0.385448 0.429559 0.120170 0.257157
0 0.694742 0.422530 0.082872 0.106793
2 0.907023 0.194790 0.064800 0.115236
0 0.597867 0.303303 0.056385 0.095745
0 0.533557 0.267362 0.043465 0.062223
1 0.840445 0.173110 0.051237 0.087131
1 0.906250 0.194798 0.064583 0.113961
2 0.751297 0.202165 0.054979 0.109608
2 0.448577 0.235863 0.064850 0.131362
0 0.606962 0.505260 0.082050 0.152768
1 0.972949 0.227280 0.053757 0.130437
0 0.790749 0.196522 0.026585 0.040959
2 0.973021 0.227490 0.052947 0.130467
2 0.840448 0.173180 0.052043 0.086024
0 0.680327 0.225215 0.038752 0.066442
1 0.750963 0.202603 0.054983 0.112109
0 0.634273 0.294193 0.037462 0.071033
1 0.606177 0.466095 0.084853 0.230509
0 0.394116 0.228231 0.039673 0.055828