2 0.275328 0.668618 0.216480 0.407626
2 0.372186 0.395659 0.120681 0.252795
0 0.865554 0.702041 0.132219 0.192757
2 0.428828 0.274657 0.078233 0.163539
0 0.618522 0.387424 0.074388 0.127602
2 0.858933 0.179140 0.053045 0.092909
2 0.811332 0.171619 0.039812 0.077272
1 0.622283 0.817838 0.150253 0.357866
0 0.687011 0.376469 0.063394 0.091635
0 0.531602 0.312483 0.050820 0.070686
2 0.741941 0.197735 0.058617 0.107871
4 0.315317 0.672139 0.046307 0.072356
2 0.981742 0.240146 0.035576 0.142373
2 0.925457 0.201314 0.072934 0.111800
0 0.604707 0.248223 0.040117 0.056965
0 0.517553 0.271761 0.041758 0.066247
0 0.547777 0.251440 0.036519 0.066731
0 0.623182 0.309164 0.052189 0.071156
0 0.680381 0.226706 0.039546 0.064851