0 0.935944 0.787507 0.127133 0.212192
0 0.722924 0.453764 0.079669 0.111415
0 0.747682 0.795871 0.139204 0.223676
0 0.506842 0.807186 0.134324 0.220031
0 0.632537 0.379792 0.064203 0.094995
0 0.506235 0.448062 0.073817 0.113307
0 0.284467 0.481535 0.104316 0.120994
1 0.083205 0.853518 0.166135 0.287547
1 0.892178 0.188313 0.059535 0.096159
0 0.702064 0.964543 0.139082 0.067710
0 0.519570 0.378302 0.061947 0.097864
1 0.825609 0.206793 0.028866 0.061889
0 0.572433 0.297520 0.048303 0.076408
0 0.438180 0.323385 0.060216 0.080413
1 0.929512 0.235180 0.045359 0.070978
0 0.480705 0.251920 0.038842 0.063092
1 0.495372 0.174954 0.034205 0.075343
1 0.740602 0.201626 0.061762 0.104687
0 0.621051 0.313696 0.055819 0.101578
0 0.529337 0.264518 0.041030 0.058868