0 0.596063 0.623171 0.105685 0.162984
0 0.431681 0.681183 0.116697 0.177031
0 0.794519 0.586597 0.108420 0.159739
0 0.658464 0.497287 0.081563 0.133989
0 0.722855 0.810620 0.134469 0.211143
0 0.406237 0.386971 0.063524 0.095026
1 0.890691 0.188610 0.058251 0.096377
0 0.499832 0.489470 0.079477 0.128871
0 0.715992 0.447749 0.079343 0.112867
0 0.897931 0.726530 0.119246 0.184834
0 0.512950 0.340442 0.055669 0.083046
0 0.258564 0.707257 0.118875 0.247649
0 0.640220 0.339057 0.056412 0.081341
0 0.756514 0.949127 0.156237 0.098803
0 0.962014 0.251403 0.047185 0.073112
0 0.609918 0.293109 0.049819 0.076041
0 0.530755 0.304567 0.045948 0.069828
2 0.743632 0.199802 0.057837 0.108018
0 0.028718 0.892720 0.056834 0.200838
2 0.758508 0.154025 0.056894 0.063970
1 0.743083 0.201599 0.054667 0.105697
1 0.828728 0.207586 0.033660 0.060533