2 0.280957 0.599491 0.184188 0.387173
2 0.400117 0.339586 0.094639 0.206008
0 0.647586 0.555622 0.108064 0.189852
0 0.814612 0.560662 0.093734 0.147762
2 0.819116 0.171057 0.058279 0.080935
2 0.744085 0.197791 0.052774 0.110484
0 0.687443 0.402894 0.069917 0.099683
0 0.533738 0.362000 0.059494 0.098002
2 0.938852 0.207622 0.073375 0.115654
0 0.615723 0.286226 0.046701 0.069065
4 0.313712 0.614891 0.037261 0.066741
2 0.876779 0.185948 0.057891 0.095869
0 0.680974 0.226543 0.038757 0.063186
4 0.263523 0.617948 0.030250 0.086077