0 0.513947 0.535703 0.091857 0.157334
2 0.363234 0.284511 0.075059 0.164293
0 0.048786 0.885390 0.097142 0.213336
0 0.741910 0.604780 0.099716 0.155072
1 0.429842 0.662917 0.120820 0.239977
0 0.579331 0.815235 0.156349 0.276575
0 0.949586 0.885611 0.100046 0.224505
0 0.681119 0.497647 0.090975 0.132465
0 0.450927 0.457722 0.083023 0.155908
0 0.925396 0.400342 0.071947 0.090094
0 0.263889 0.761896 0.152467 0.267224
2 0.966866 0.217966 0.065213 0.136617
0 0.529358 0.376159 0.063813 0.096832
0 0.647187 0.393224 0.070108 0.100149
0 0.599665 0.260706 0.045428 0.056643
0 0.489840 0.232029 0.040853 0.055143
0 0.636691 0.337112 0.057123 0.081797
2 0.738419 0.199921 0.067216 0.107428
1 0.738822 0.200609 0.065038 0.107261
2 0.789572 0.170448 0.048988 0.079463