2 0.045423 0.809381 0.089089 0.358865
2 0.421512 0.325760 0.084667 0.192327
2 0.756326 0.210475 0.062193 0.115485
0 0.538789 0.798979 0.129675 0.204934
0 0.446268 0.942736 0.194705 0.109145
0 0.636761 0.458570 0.068130 0.153945
0 0.774297 0.797988 0.121410 0.278363
2 0.469205 0.211237 0.051669 0.119834
0 0.481285 0.651871 0.114083 0.169563
2 0.965434 0.213714 0.068578 0.133025
0 0.813956 0.206136 0.033702 0.044924
2 0.439052 0.250470 0.067073 0.147420
2 0.874740 0.182855 0.059756 0.097805
0 0.537341 0.244012 0.038132 0.047572
1 0.874263 0.183846 0.058030 0.095600
0 0.612031 0.419187 0.066072 0.099128
0 0.636125 0.317637 0.027776 0.079666
0 0.587158 0.258326 0.045998 0.076684
0 0.679890 0.224085 0.039984 0.065850
0 0.602606 0.370521 0.060830 0.120027
0 0.617995 0.249118 0.027835 0.047243