2 0.310865 0.372635 0.099263 0.218712
0 0.513627 0.537314 0.090951 0.147667
0 0.791174 0.522936 0.091541 0.135246
0 0.482148 0.891090 0.164738 0.215183
0 0.704205 0.632960 0.117318 0.174135
0 0.520383 0.412738 0.071137 0.141064
0 0.374877 0.713069 0.126448 0.256912
0 0.766134 0.933726 0.167776 0.130077
2 0.908590 0.193752 0.063412 0.101733
0 0.064952 0.869274 0.129084 0.257771
0 0.744222 0.294183 0.048441 0.067263
0 0.621957 0.323161 0.053147 0.072895
2 0.783625 0.163326 0.032629 0.067321
0 0.528435 0.283109 0.042931 0.065747
0 0.928131 0.263286 0.044006 0.079222
2 0.743698 0.199554 0.054994 0.109206
0 0.609706 0.291036 0.051324 0.072256
0 0.497600 0.379947 0.062697 0.109318
1 0.475572 0.307114 0.046190 0.109540