2 0.335849 0.543536 0.156878 0.352283
2 0.879510 0.304187 0.109769 0.180962
0 0.589351 0.357865 0.064563 0.103944
0 0.538829 0.321585 0.055999 0.073398
0 0.437766 0.461911 0.063016 0.111752
2 0.470130 0.198605 0.055422 0.114670
0 0.751980 0.928524 0.166983 0.135880
0 0.683608 0.232857 0.039647 0.064488
0 0.627785 0.290833 0.041020 0.092567
0 0.807031 0.223921 0.048984 0.071729
0 0.520315 0.286828 0.049184 0.066374
0 0.596529 0.277014 0.032250 0.056414
2 0.360324 0.325548 0.083175 0.102408
1 0.589913 0.205953 0.041804 0.080999
1 0.360620 0.325111 0.083329 0.103172
4 0.948001 0.206849 0.016701 0.068591
0 0.722602 0.216052 0.041935 0.062677