0 0.513837 0.747967 0.126227 0.193947
0 0.937226 0.443401 0.089096 0.131788
0 0.435165 0.328560 0.051022 0.078820
0 0.870547 0.361025 0.067414 0.089545
0 0.738497 0.243178 0.035172 0.051495
2 0.488487 0.177677 0.047436 0.093218
0 0.787855 0.288566 0.050620 0.068991
0 0.869057 0.279622 0.034254 0.061985
0 0.550084 0.203225 0.028915 0.040954
0 0.906599 0.292592 0.054363 0.089999
0 0.838128 0.252966 0.042505 0.062592
0 0.987972 0.330416 0.023357 0.078586
0 0.674234 0.227435 0.037322 0.046681
0 0.987632 0.219932 0.023816 0.043265
0 0.941589 0.275464 0.026410 0.060587
1 0.769215 0.176068 0.031319 0.104009