0 0.761252 0.743554 0.118517 0.261294
0 0.845688 0.633414 0.112595 0.168528
2 0.423317 0.297863 0.082464 0.177379
0 0.685133 0.410109 0.079981 0.107734
2 0.390112 0.419288 0.116617 0.248714
1 0.843464 0.174324 0.054951 0.088997
0 0.596728 0.300042 0.057716 0.093422
2 0.752333 0.203194 0.055906 0.108949
2 0.454702 0.235155 0.059423 0.128867
1 0.604407 0.455478 0.081018 0.219048
1 0.911429 0.198292 0.067030 0.115396
2 0.912373 0.198319 0.066726 0.113279
0 0.534150 0.265052 0.043263 0.061033
1 0.974863 0.232278 0.049364 0.130674
2 0.974939 0.232433 0.049216 0.131230
0 0.680482 0.226384 0.038834 0.064491
0 0.792830 0.198479 0.027427 0.042673
0 0.604427 0.454805 0.080914 0.219862
0 0.633137 0.288596 0.037379 0.072079
0 0.390324 0.226698 0.039204 0.055010