2 0.181729 0.644167 0.199557 0.388027
0 0.600194 0.617279 0.119324 0.195219
0 0.502748 0.741712 0.127589 0.279044
0 0.371821 0.496927 0.076853 0.171916
0 0.667093 0.514571 0.085181 0.130718
0 0.541150 0.421886 0.067276 0.107438
0 0.724290 0.438429 0.072786 0.105409
4 0.211459 0.642877 0.039704 0.073986
0 0.679301 0.394003 0.070044 0.099523
0 0.608808 0.349718 0.055910 0.098146
1 0.849306 0.216974 0.032513 0.065131
0 0.417342 0.453424 0.052700 0.109842
0 0.521172 0.346325 0.055249 0.084928
1 0.890116 0.188931 0.059712 0.097878
1 0.739159 0.200679 0.062701 0.105749
4 0.155298 0.656499 0.032008 0.094804
0 0.479029 0.307391 0.046804 0.074495
2 0.740585 0.199472 0.061190 0.108209
4 0.155445 0.637883 0.029520 0.055626
0 0.524230 0.279485 0.045948 0.059232
0 0.695692 0.246092 0.033047 0.047518