2 0.203495 0.766650 0.300678 0.455320
0 0.657695 0.718818 0.115183 0.187408
2 0.399905 0.230430 0.057917 0.124417
0 0.665871 0.519696 0.086057 0.137354
0 0.489301 0.458947 0.068323 0.154682
0 0.369598 0.647543 0.068036 0.165762
0 0.548181 0.402991 0.071188 0.118172
0 0.642540 0.346066 0.055828 0.082464
2 0.741806 0.199144 0.063215 0.108582
4 0.259872 0.870418 0.062227 0.100051
0 0.436035 0.414971 0.067329 0.143256
0 0.726640 0.456290 0.078255 0.123545
2 0.799009 0.170166 0.037812 0.076114
0 0.515331 0.346035 0.055291 0.075234
2 0.835777 0.173838 0.046686 0.085636
0 0.622013 0.310082 0.051410 0.079290
1 0.835887 0.174237 0.047178 0.085597
0 0.710726 0.392112 0.074968 0.095477