2 0.275821 0.670880 0.217384 0.409796
2 0.372081 0.397362 0.118493 0.253949
0 0.865594 0.702100 0.132578 0.193803
2 0.429253 0.273934 0.079445 0.164896
0 0.617942 0.388370 0.076236 0.126184
2 0.858922 0.179088 0.053735 0.093600
2 0.925473 0.202227 0.074056 0.111299
2 0.981329 0.240291 0.036388 0.141192
0 0.686341 0.375573 0.065660 0.091888
2 0.810628 0.172846 0.041696 0.077463
2 0.737598 0.197728 0.068312 0.108734
0 0.531449 0.311693 0.051718 0.073273
4 0.313922 0.669993 0.048376 0.076622
1 0.623044 0.818801 0.150193 0.358411
0 0.679735 0.226264 0.041258 0.064426
0 0.605575 0.249073 0.041201 0.054438
0 0.517917 0.271249 0.042986 0.067260
0 0.623191 0.308150 0.052236 0.076472
0 0.544297 0.244345 0.042299 0.075452