0 0.449613 0.781052 0.140227 0.216346
2 0.428649 0.297531 0.077816 0.170120
2 0.071912 0.773777 0.143128 0.399384
0 0.545728 0.646621 0.103748 0.163012
0 0.614426 0.398647 0.058611 0.118330
0 0.555896 0.365845 0.063190 0.097764
2 0.762851 0.215915 0.062444 0.120037
0 0.501011 0.537712 0.095312 0.138621
2 0.980401 0.234098 0.038285 0.135493
0 0.821256 0.211276 0.037196 0.044730
0 0.736598 0.649083 0.095764 0.221719
0 0.537752 0.234649 0.037907 0.050110
2 0.473275 0.204402 0.047807 0.106422
2 0.891202 0.187924 0.062816 0.099953
2 0.444438 0.239145 0.061481 0.141216
4 0.083993 0.395025 0.018968 0.092354
1 0.891076 0.187391 0.063000 0.099385
0 0.583935 0.248037 0.042015 0.071990
0 0.680742 0.225727 0.038911 0.066100
0 0.607450 0.302707 0.056990 0.116197