0 0.956315 0.469167 0.086357 0.141400
0 0.328823 0.532573 0.085710 0.134213
2 0.473893 0.201606 0.054699 0.113572
0 0.940841 0.277062 0.046796 0.061009
0 0.974765 0.309799 0.049421 0.069557
0 0.581894 0.240009 0.035970 0.050421
0 0.691709 0.256626 0.042633 0.067039
0 0.910241 0.258183 0.043745 0.058515
0 0.771875 0.270827 0.043429 0.051710
0 0.553065 0.225658 0.034771 0.049985
0 0.860844 0.262600 0.056487 0.079586
0 0.735172 0.226533 0.034832 0.047806
2 0.526227 0.200271 0.040536 0.085023
2 0.492048 0.161709 0.040557 0.064294
0 0.821421 0.245502 0.034520 0.056817
4 0.044896 0.682080 0.044700 0.138087