2 0.952811 0.391051 0.093179 0.232605
2 0.411190 0.357964 0.094631 0.208791
0 0.638982 0.494514 0.085918 0.133133
0 0.516974 0.360314 0.060590 0.086887
2 0.481380 0.202895 0.054187 0.101607
0 0.867692 0.259211 0.037929 0.041297
0 0.704542 0.267722 0.042610 0.077267
0 0.824707 0.257504 0.053318 0.072865
0 0.533641 0.293662 0.046857 0.087899
4 0.083505 0.546961 0.025143 0.107138
0 0.986112 0.251315 0.026764 0.050073
0 0.788410 0.241304 0.036059 0.049167
0 0.927702 0.290828 0.051044 0.061491
1 0.578114 0.214428 0.041379 0.079572
0 0.608380 0.264052 0.034692 0.076818