0 0.813516 0.562372 0.098605 0.146391
0 0.712879 0.681728 0.123477 0.185623
2 0.305418 0.386338 0.105254 0.229628
0 0.513102 0.568099 0.097071 0.150877
0 0.049229 0.876090 0.097299 0.237679
0 0.478213 0.922134 0.175092 0.143156
0 0.625262 0.333426 0.053709 0.078361
0 0.364003 0.760162 0.136184 0.274454
0 0.518883 0.432740 0.071462 0.140783
0 0.918620 0.257172 0.041939 0.079519
0 0.527738 0.290678 0.044681 0.068379
0 0.733937 0.288246 0.045226 0.063581
2 0.783148 0.163105 0.032860 0.067512
0 0.439536 0.299329 0.035203 0.072113
1 0.906312 0.193467 0.061346 0.103932
0 0.494603 0.392748 0.058659 0.114742
0 0.467080 0.321653 0.045408 0.105264
0 0.609902 0.300293 0.049618 0.063773
2 0.905893 0.193258 0.060429 0.103647
0 0.989047 0.240134 0.021305 0.060230
2 0.737808 0.199578 0.067897 0.108023
0 0.511293 0.248213 0.036028 0.059849
0 0.680310 0.226058 0.037264 0.065221