2 0.196538 0.789000 0.274084 0.410024
2 0.343052 0.455410 0.136910 0.289254
0 0.628264 0.437208 0.081112 0.145864
2 0.419963 0.295290 0.079086 0.174192
0 0.946044 0.906635 0.107244 0.183701
2 0.968748 0.221856 0.061420 0.133155
0 0.732879 0.425220 0.074135 0.109695
2 0.741820 0.197740 0.057132 0.108682
0 0.636479 0.337178 0.058373 0.081999
2 0.846568 0.175225 0.047039 0.090725
2 0.906677 0.193497 0.064366 0.107965
4 0.234911 0.869822 0.053203 0.089885
0 0.532394 0.333563 0.054492 0.073605
0 0.610860 0.259018 0.044674 0.063197
2 0.807305 0.171330 0.034939 0.074210
0 0.541447 0.253609 0.044617 0.078716
4 0.364939 0.457528 0.032501 0.054774
0 0.527966 0.287981 0.046545 0.061430
4 0.331222 0.452675 0.024169 0.050236
0 0.681396 0.226574 0.039107 0.063420