0 0.069710 0.865292 0.138668 0.220488
2 0.372489 0.272347 0.072390 0.151206
0 0.720156 0.533449 0.092281 0.135489
0 0.899629 0.736943 0.128393 0.209691
0 0.582879 0.678512 0.131419 0.226639
0 0.517341 0.489466 0.084739 0.143958
0 0.327973 0.713354 0.132141 0.250766
0 0.666361 0.445885 0.079321 0.115829
0 0.769213 0.953638 0.141193 0.092070
0 0.970732 0.433645 0.057566 0.097572
0 0.467810 0.421166 0.074118 0.139119
0 0.528443 0.356741 0.061492 0.090661
0 0.639048 0.366140 0.063183 0.089669
0 0.620931 0.315414 0.059069 0.078276
0 0.420054 0.604709 0.106721 0.210026
1 0.975942 0.234737 0.047274 0.127407
2 0.738092 0.201225 0.067148 0.106194
0 0.595785 0.250840 0.044551 0.058158
1 0.798179 0.172083 0.040019 0.078428
0 0.528405 0.288564 0.049674 0.069384
1 0.740016 0.201889 0.063362 0.107548