2 0.287237 0.638135 0.210510 0.429064
0 0.441512 0.546317 0.103695 0.140500
0 0.615067 0.515490 0.083213 0.130584
2 0.809177 0.171545 0.055213 0.079485
2 0.858289 0.178883 0.054073 0.092124
2 0.741958 0.197973 0.056219 0.109596
4 0.334128 0.649647 0.044319 0.076433
2 0.408762 0.216707 0.054008 0.117977
0 0.643182 0.418792 0.068741 0.108287
0 0.512802 0.383944 0.054285 0.118951
0 0.434247 0.360127 0.064728 0.128523
0 0.491462 0.176743 0.020803 0.029150
0 0.541216 0.280878 0.046496 0.090320
0 0.608370 0.274188 0.046589 0.071017
0 0.632460 0.299673 0.063066 0.073339
2 0.781332 0.166125 0.037285 0.072919
0 0.518073 0.354028 0.065351 0.096583
0 0.509910 0.309282 0.055524 0.068421
2 0.817453 0.172123 0.037982 0.078724
2 0.776430 0.166273 0.026051 0.072895
0 0.639889 0.369264 0.065267 0.081579
1 0.681649 0.224457 0.039564 0.066644