2 0.327066 0.544992 0.159771 0.356804
0 0.918586 0.825424 0.140881 0.224573
0 0.479662 0.495629 0.091528 0.128269
0 0.583774 0.447522 0.074176 0.112591
2 0.828375 0.171807 0.038913 0.084399
2 0.744029 0.197249 0.053412 0.111092
0 0.520889 0.348217 0.053849 0.111085
2 0.791415 0.169627 0.041174 0.076637
0 0.634038 0.379745 0.059680 0.097215
2 0.410542 0.212008 0.056822 0.111621
2 0.871432 0.183854 0.058352 0.096321
4 0.365375 0.553021 0.033961 0.064260
0 0.499414 0.298850 0.049835 0.079435
0 0.539654 0.265611 0.046049 0.085630
0 0.429443 0.339770 0.059222 0.111529
4 0.947628 0.206928 0.018141 0.069357
4 0.916423 0.197346 0.013269 0.058930
0 0.680995 0.226239 0.038226 0.064751