2 0.220686 0.524884 0.127484 0.262409
2 0.455559 0.230544 0.060568 0.122325
0 0.168120 0.796896 0.175713 0.214591
0 0.470772 0.398713 0.071132 0.101052
0 0.683423 0.628842 0.115540 0.193830
2 0.796009 0.246869 0.085953 0.146017
0 0.555393 0.489832 0.087959 0.123088
0 0.584060 0.373002 0.059835 0.092370
0 0.523482 0.322841 0.053145 0.075640
0 0.860654 0.232041 0.040249 0.043694
0 0.661092 0.385321 0.055272 0.127888
2 0.473428 0.188895 0.054621 0.100339
2 0.966708 0.222407 0.066036 0.127376
0 0.724910 0.216273 0.039297 0.055379
1 0.602431 0.237563 0.041947 0.098438
0 0.553774 0.270814 0.038138 0.080121