2 0.281207 0.696640 0.210219 0.466402
2 0.851250 0.282486 0.104386 0.167997
0 0.613814 0.407764 0.072824 0.118696
0 0.540828 0.354056 0.058434 0.086823
2 0.326333 0.387357 0.098970 0.169423
0 0.504395 0.309502 0.054000 0.075190
2 0.463354 0.210308 0.053873 0.108706
0 0.638146 0.313025 0.043635 0.095363
0 0.528115 0.266909 0.043949 0.062305
4 0.325675 0.696974 0.048919 0.091987
0 0.397045 0.539972 0.044552 0.129690
0 0.724255 0.218446 0.038088 0.052391
0 0.601119 0.300484 0.039214 0.069645
0 0.768502 0.206280 0.032301 0.049194
0 0.798831 0.218524 0.047892 0.072881
1 0.594027 0.213830 0.042066 0.085793
0 0.682084 0.227888 0.040058 0.065410
2 0.468749 0.198281 0.060456 0.119737
2 0.474791 0.186572 0.051008 0.100206