2 0.937136 0.344616 0.124589 0.218621
2 0.390866 0.388303 0.108809 0.246913
0 0.497956 0.375617 0.065980 0.096063
0 0.667332 0.592879 0.101788 0.160447
0 0.549449 0.299528 0.052171 0.082611
0 0.695477 0.243432 0.041884 0.071957
0 0.820104 0.234881 0.049064 0.074031
1 0.580894 0.197266 0.034484 0.075909
2 0.475136 0.194620 0.049606 0.094785
0 0.529960 0.266368 0.045525 0.091910
0 0.986223 0.224183 0.026649 0.050502
0 0.613667 0.261762 0.037080 0.077953
0 0.857281 0.236547 0.036154 0.037358
0 0.588841 0.253158 0.024974 0.054215
0 0.784672 0.224073 0.029746 0.039522
0 0.728056 0.221956 0.038163 0.055373
4 0.065687 0.524176 0.019292 0.090267