0 0.667159 0.573652 0.104207 0.175249
0 0.222554 0.750826 0.152276 0.195112
2 0.239791 0.498773 0.123510 0.252330
0 0.475653 0.379227 0.067251 0.096907
2 0.802384 0.250136 0.084920 0.148411
0 0.552143 0.456194 0.082445 0.113348
2 0.457349 0.229099 0.059502 0.118900
0 0.590730 0.356600 0.057568 0.085893
0 0.523793 0.311916 0.051377 0.072350
0 0.657972 0.367581 0.054087 0.125384
0 0.865349 0.232857 0.037191 0.050398
2 0.971373 0.226912 0.057073 0.129187
1 0.601077 0.233231 0.040093 0.095437
2 0.473295 0.190393 0.052216 0.103738
0 0.724901 0.216684 0.037361 0.056506
0 0.551381 0.265962 0.041214 0.079218
0 0.680408 0.225401 0.038614 0.065910