0 0.452142 0.599117 0.106181 0.160935
0 0.646380 0.891266 0.163018 0.211137
0 0.552078 0.525557 0.081622 0.132309
2 0.096330 0.692008 0.178789 0.356628
2 0.437153 0.270183 0.074181 0.153571
0 0.585978 0.344293 0.049844 0.102737
2 0.768742 0.222986 0.065299 0.128382
0 0.831592 0.213945 0.040316 0.050836
0 0.511767 0.442343 0.073589 0.109177
2 0.914827 0.196346 0.065642 0.110771
0 0.535902 0.324447 0.051687 0.081770
0 0.705042 0.531887 0.081127 0.183332
0 0.680875 0.225572 0.038601 0.065880
2 0.451610 0.222504 0.061416 0.121038
2 0.477587 0.198513 0.045626 0.105199
0 0.580762 0.233677 0.037981 0.073961
0 0.535273 0.219418 0.035658 0.062397
0 0.721342 0.213318 0.034692 0.058668