2 0.287644 0.580267 0.181866 0.378060
2 0.403632 0.334915 0.092628 0.202593
0 0.645275 0.535718 0.102729 0.184459
0 0.802178 0.534294 0.093133 0.147831
2 0.740537 0.197302 0.062713 0.110302
0 0.678296 0.392772 0.068418 0.099367
2 0.943660 0.210755 0.073882 0.120904
2 0.879955 0.186053 0.061345 0.097183
0 0.533535 0.356543 0.058759 0.099247
2 0.820297 0.171878 0.062625 0.083422
0 0.615277 0.282406 0.045595 0.068111
4 0.322408 0.588354 0.035836 0.067972
2 0.830163 0.173420 0.044328 0.084860
0 0.680781 0.226814 0.038269 0.064370