0 0.543295 0.475639 0.077285 0.119587
0 0.651423 0.891384 0.164624 0.214886
0 0.460422 0.276895 0.043304 0.065664
0 0.851670 0.374304 0.068649 0.093532
0 0.980372 0.460934 0.038669 0.105195
0 0.739700 0.281540 0.044817 0.069455
0 0.683284 0.239189 0.039811 0.053522
0 0.958130 0.342817 0.068358 0.112154
0 0.835679 0.256090 0.039254 0.050142
0 0.866672 0.275125 0.051856 0.072282
0 0.986187 0.236225 0.026734 0.052899
0 0.919403 0.318155 0.052391 0.078389
4 0.007706 0.836931 0.015412 0.169311
2 0.490580 0.172280 0.051404 0.085799
0 0.548206 0.196346 0.027035 0.037892
0 0.908606 0.260579 0.039212 0.047328
2 0.531783 0.176992 0.035127 0.069065
0 0.813689 0.242028 0.034492 0.059456