0 0.958532 0.430225 0.081738 0.108608
0 0.541903 0.524809 0.089789 0.132274
0 0.831803 0.347777 0.061856 0.086113
0 0.735685 0.270699 0.041887 0.064202
0 0.455339 0.288215 0.045519 0.068095
0 0.680663 0.236205 0.038311 0.051682
0 0.856952 0.269216 0.046865 0.066593
0 0.943784 0.330945 0.067275 0.103999
0 0.906827 0.308421 0.044563 0.073125
1 0.490362 0.174273 0.050763 0.088558
0 0.831043 0.249386 0.037958 0.054383
0 0.547533 0.202838 0.028967 0.032424
0 0.982774 0.234695 0.033756 0.047670
0 0.896480 0.254679 0.039282 0.048744
2 0.490010 0.173942 0.051161 0.087553
0 0.985276 0.305905 0.028673 0.077607