2 0.936602 0.344804 0.125843 0.222507
2 0.391237 0.389870 0.110788 0.246258
0 0.666237 0.589939 0.103643 0.164266
0 0.498279 0.376274 0.067281 0.093885
2 0.478150 0.189787 0.054500 0.107636
0 0.549406 0.300093 0.053629 0.081422
0 0.695140 0.243772 0.041939 0.072890
0 0.818496 0.235618 0.051700 0.073378
4 0.066449 0.523235 0.023314 0.096549
0 0.728674 0.221642 0.037443 0.056128
0 0.530198 0.267273 0.045839 0.093121
0 0.613709 0.262853 0.035999 0.076981
0 0.986211 0.222565 0.026646 0.054619
0 0.785567 0.219443 0.032248 0.049414
0 0.856865 0.236932 0.036920 0.037570