0 0.650247 0.814415 0.137591 0.221432
0 0.407272 0.905258 0.160023 0.187899
0 0.914630 0.808009 0.153054 0.227606
0 0.813194 0.581775 0.110069 0.154286
0 0.504091 0.622033 0.106849 0.165671
0 0.357793 0.435910 0.074996 0.106205
0 0.166686 0.797887 0.154917 0.281529
0 0.702607 0.628922 0.104062 0.173363
1 0.891172 0.189079 0.059293 0.097354
0 0.507205 0.390082 0.064110 0.091662
0 0.678502 0.388910 0.067902 0.095036
0 0.617820 0.333656 0.055339 0.081359
0 0.989116 0.964768 0.021057 0.063655
2 0.739343 0.199938 0.067901 0.107721
0 0.560187 0.275655 0.045498 0.067895
0 0.944340 0.242174 0.042595 0.072456
0 0.477637 0.294956 0.049027 0.070557
0 0.771283 0.977372 0.127871 0.040425
0 0.611217 0.280256 0.052172 0.081868
0 0.827967 0.205677 0.035944 0.060637