0 0.914607 0.808118 0.152044 0.226682
0 0.503883 0.623136 0.106694 0.164866
0 0.650416 0.814451 0.136404 0.221077
0 0.813282 0.581866 0.108708 0.153446
0 0.358011 0.436236 0.074286 0.106304
0 0.407122 0.906903 0.158768 0.185962
0 0.506822 0.387511 0.064938 0.095613
0 0.703671 0.629471 0.106550 0.171282
1 0.891637 0.189094 0.061021 0.095157
0 0.678586 0.389352 0.067142 0.093443
0 0.166933 0.799035 0.154347 0.283723
0 0.559789 0.275940 0.044909 0.066745
0 0.941803 0.240993 0.047423 0.072540
4 0.080427 0.444208 0.018164 0.096752
1 0.739719 0.200464 0.061117 0.106675
0 0.988792 0.964342 0.021910 0.060090
0 0.619154 0.333039 0.053242 0.079931
1 0.167390 0.799129 0.153861 0.282200
0 0.479779 0.293774 0.052614 0.070445
0 0.771184 0.977518 0.128203 0.040580
0 0.610230 0.281312 0.050607 0.079524
0 0.525882 0.322947 0.053149 0.112904