2 0.297137 0.410520 0.106518 0.241940
0 0.512550 0.613649 0.103420 0.163853
0 0.734078 0.772354 0.138225 0.213495
0 0.850804 0.633580 0.108164 0.166938
0 0.632736 0.351043 0.057072 0.084096
0 0.519527 0.462783 0.077837 0.149183
0 0.022876 0.887918 0.045191 0.221574
0 0.494199 0.418786 0.064032 0.115654
0 0.527801 0.303274 0.048640 0.072716
0 0.453761 0.345028 0.046499 0.101787
0 0.986108 0.234490 0.026772 0.058502
1 0.900845 0.191950 0.056774 0.098540
2 0.781725 0.162391 0.035190 0.067289
0 0.340543 0.841355 0.147816 0.306712
0 0.723019 0.280416 0.041604 0.060602
0 0.508485 0.255101 0.036937 0.062598
0 0.614307 0.308942 0.051473 0.078809
0 0.433589 0.314409 0.036549 0.077539
2 0.741674 0.199779 0.059610 0.109094
0 0.572627 0.264496 0.028569 0.059394
0 0.904588 0.250956 0.039862 0.074353
1 0.905238 0.250552 0.039751 0.074963