0 0.503771 0.323141 0.055461 0.084361
0 0.971050 0.377002 0.056775 0.093677
0 0.718118 0.266595 0.045052 0.064908
0 0.767567 0.304518 0.053049 0.093640
0 0.920273 0.320252 0.062633 0.078725
0 0.876258 0.273312 0.049696 0.059513
4 0.100896 0.647611 0.038754 0.152793
0 0.420686 0.340013 0.047101 0.110275
4 0.157019 0.649093 0.043402 0.152761
4 0.045821 0.640084 0.034896 0.170586
0 0.980556 0.558547 0.037985 0.130948
0 0.490800 0.236201 0.047353 0.065865
4 0.234303 0.452058 0.026769 0.091093
0 0.967919 0.282041 0.062020 0.092388
0 0.453994 0.230026 0.031161 0.047719
0 0.784002 0.229933 0.039675 0.070153
2 0.490981 0.162639 0.039316 0.063261
0 0.446249 0.229938 0.046047 0.048745
0 0.669116 0.208142 0.031776 0.039532
0 0.900778 0.252634 0.036054 0.051624
0 0.641797 0.202033 0.026809 0.032500
0 0.904581 0.256845 0.028789 0.042414