2 0.233720 0.710304 0.229928 0.485242
2 0.388661 0.363706 0.104799 0.238071
0 0.655280 0.640916 0.125076 0.222921
0 0.871762 0.672748 0.114820 0.184448
0 0.726938 0.446511 0.078581 0.112461
2 0.743905 0.196860 0.055461 0.110532
2 0.814040 0.172264 0.051241 0.080483
1 0.922964 0.200636 0.070002 0.111209
0 0.531986 0.381570 0.065659 0.108651
0 0.617489 0.301736 0.048116 0.073009
4 0.274025 0.733392 0.042850 0.078356
2 0.863499 0.180193 0.052858 0.095798
0 0.473563 0.262713 0.039127 0.061515
0 0.604775 0.273314 0.047952 0.069750