0 0.541249 0.506851 0.079777 0.128147
0 0.965853 0.441132 0.067145 0.108120
0 0.837608 0.356950 0.066017 0.085727
0 0.680972 0.237556 0.038786 0.052908
0 0.909313 0.311869 0.049201 0.073971
0 0.737065 0.276409 0.042451 0.064585
0 0.456955 0.283813 0.045356 0.070404
0 0.859842 0.270739 0.049057 0.070337
0 0.948690 0.333276 0.068703 0.110587
0 0.984159 0.231322 0.031056 0.050320
2 0.490520 0.173299 0.050879 0.088140
0 0.547193 0.200263 0.028828 0.034282
0 0.831779 0.251276 0.035214 0.052012
0 0.899284 0.252529 0.039531 0.051631
0 0.663636 0.952105 0.138898 0.092140
1 0.490500 0.174122 0.051288 0.088490
0 0.988086 0.308536 0.022573 0.076396