0 0.646380 0.510998 0.092104 0.152676
2 0.266742 0.463543 0.117434 0.227037
2 0.814673 0.258680 0.091047 0.159888
0 0.279768 0.680438 0.126298 0.166761
0 0.547201 0.419859 0.070204 0.102945
0 0.481254 0.357197 0.061342 0.088462
0 0.598856 0.338990 0.053213 0.079504
0 0.873253 0.235145 0.035840 0.055649
0 0.651280 0.350555 0.049655 0.114996
2 0.458559 0.226494 0.055931 0.110218
0 0.162966 0.859617 0.325932 0.265721
1 0.981214 0.236354 0.036678 0.133186
2 0.474681 0.190994 0.050876 0.103544
0 0.525377 0.298400 0.048804 0.071292
4 0.069125 0.443588 0.022764 0.113730
1 0.599159 0.228264 0.039534 0.088352
0 0.723450 0.218805 0.037518 0.056744
0 0.680297 0.223791 0.040288 0.065806