0 0.685321 0.658333 0.118061 0.178553
0 0.481249 0.594959 0.099637 0.154641
0 0.947508 0.899660 0.104483 0.197096
0 0.124445 0.527515 0.151370 0.125203
0 0.478399 0.847752 0.145402 0.226855
0 0.667141 0.441413 0.086310 0.142870
0 0.346924 0.442237 0.082309 0.108833
0 0.521479 0.441038 0.070056 0.114656
0 0.420421 0.338811 0.053271 0.075469
0 0.523615 0.334225 0.054465 0.077549
1 0.891226 0.189606 0.058892 0.095920
0 0.620617 0.410227 0.069465 0.110556
1 0.743028 0.201808 0.056310 0.105810
1 0.866472 0.225067 0.048210 0.064043
0 0.529588 0.265131 0.039173 0.062848
0 0.499649 0.246137 0.036868 0.059331
2 0.491538 0.181398 0.039221 0.083462
4 0.946840 0.205999 0.018737 0.072603
1 0.827331 0.208166 0.037318 0.058791
0 0.641745 0.332953 0.060570 0.079786
0 0.599126 0.283960 0.043050 0.059917
0 0.777435 0.208100 0.015387 0.026588
0 0.687407 0.237907 0.038558 0.050209
0 0.866922 0.224988 0.048253 0.064523
0 0.988063 0.182360 0.023154 0.024342