0 0.750634 0.843538 0.150803 0.236025
0 0.320756 0.868608 0.161536 0.260443
2 0.292508 0.428226 0.114255 0.255242
0 0.877902 0.688094 0.118796 0.181331
0 0.513950 0.650006 0.111671 0.174630
0 0.637183 0.364034 0.058097 0.083264
0 0.516858 0.482284 0.079847 0.158308
0 0.717113 0.273341 0.040186 0.062886
0 0.527684 0.313398 0.049940 0.076171
2 0.743069 0.200299 0.057329 0.108927
0 0.447582 0.354134 0.049728 0.111672
0 0.983861 0.230249 0.031338 0.061552
2 0.781541 0.162673 0.036696 0.066877
0 0.616608 0.320934 0.052396 0.073846
0 0.495686 0.428193 0.064318 0.127536
0 0.895766 0.246917 0.040017 0.074535
0 0.432067 0.324663 0.043661 0.081443
2 0.900687 0.188627 0.052740 0.097162
1 0.900014 0.189772 0.052567 0.094706