0 0.345329 0.498125 0.082152 0.124226
0 0.780231 0.270827 0.044732 0.061453
0 0.978105 0.520144 0.042953 0.155487
0 0.981423 0.320646 0.036573 0.066189
0 0.950525 0.280634 0.048868 0.066166
0 0.919327 0.261864 0.041688 0.058545
0 0.698981 0.264800 0.046852 0.072151
0 0.579852 0.235576 0.034076 0.037518
0 0.736719 0.228285 0.037691 0.046930
0 0.526689 0.216524 0.035061 0.041522
2 0.475544 0.196672 0.052497 0.111239
0 0.861542 0.256076 0.056307 0.092658
0 0.554092 0.220603 0.029674 0.049588
1 0.475191 0.196495 0.051576 0.111442
0 0.666780 0.215304 0.036514 0.051288