0 0.956614 0.469655 0.085775 0.142351
0 0.328835 0.532832 0.086423 0.135291
0 0.582202 0.239680 0.036162 0.050791
0 0.692324 0.254528 0.044054 0.071516
0 0.772325 0.265993 0.043667 0.062059
0 0.974965 0.311837 0.049092 0.065483
0 0.858362 0.263412 0.060785 0.079829
0 0.911677 0.257700 0.045100 0.059315
0 0.940789 0.276502 0.047468 0.060973
0 0.525472 0.220278 0.037181 0.045772
0 0.733623 0.226699 0.036135 0.046741
0 0.553646 0.227009 0.035221 0.049649
1 0.474392 0.202694 0.054809 0.114421
0 0.822214 0.247977 0.036101 0.054535
2 0.474423 0.203003 0.054877 0.115473
0 0.666911 0.216688 0.035142 0.053078
0 0.797794 0.234256 0.030102 0.042071