2 0.333770 0.326981 0.090680 0.185680
0 0.797678 0.890641 0.156366 0.211165
0 0.670785 0.492371 0.090041 0.132813
0 0.408400 0.576710 0.102451 0.199088
0 0.497663 0.696971 0.119702 0.207194
0 0.714598 0.704644 0.122252 0.195740
0 0.523615 0.450792 0.077336 0.120011
0 0.465271 0.865534 0.161468 0.266085
0 0.709321 0.416158 0.074832 0.104926
0 0.970600 0.289662 0.049536 0.088783
0 0.142005 0.835540 0.185678 0.289652
0 0.804526 0.334657 0.056576 0.075088
0 0.458522 0.260406 0.040951 0.061941
1 0.930839 0.207679 0.067614 0.111100
0 0.609381 0.291473 0.047255 0.066406
1 0.141664 0.836231 0.185543 0.289489
2 0.787702 0.170655 0.039822 0.073232
2 0.738334 0.199866 0.066979 0.107581
0 0.523255 0.363885 0.062520 0.105498
0 0.606954 0.276190 0.052471 0.095627
1 0.737428 0.201723 0.067150 0.106478