0 0.545513 0.538159 0.095355 0.138762
0 0.338584 0.585860 0.099080 0.141638
0 0.632096 0.852513 0.147575 0.236245
0 0.139722 0.517923 0.166292 0.125002
0 0.631271 0.425176 0.070345 0.104361
0 0.517016 0.380456 0.060117 0.096454
0 0.452765 0.950831 0.138400 0.098233
0 0.787206 0.939362 0.178773 0.120226
0 0.437027 0.329155 0.053478 0.082839
0 0.867144 0.676582 0.110418 0.228278
0 0.665006 0.362279 0.064029 0.090492
0 0.835733 0.607684 0.098919 0.162091
1 0.890910 0.188891 0.058649 0.098509
2 0.474015 0.194669 0.047392 0.106029
0 0.603748 0.253461 0.043370 0.078591
0 0.684577 0.228937 0.044369 0.067748
1 0.840283 0.212204 0.033620 0.062756