2 0.211252 0.776211 0.267126 0.442458
2 0.349329 0.441310 0.132135 0.281250
2 0.421203 0.293727 0.077242 0.170855
0 0.626757 0.425106 0.077900 0.144170
0 0.934452 0.878861 0.129972 0.231591
0 0.723841 0.415160 0.072370 0.103441
2 0.743760 0.197332 0.054173 0.109192
2 0.971112 0.228108 0.056613 0.128401
4 0.253453 0.820399 0.050568 0.084366
2 0.908553 0.194374 0.066958 0.107940
2 0.850432 0.176274 0.049359 0.092720
2 0.807518 0.170837 0.035507 0.074952
0 0.532252 0.330002 0.053870 0.072496
0 0.633228 0.333326 0.055771 0.081785
0 0.609246 0.256641 0.044134 0.062943
4 0.373374 0.444692 0.028570 0.051834
0 0.542679 0.249430 0.042311 0.079658
4 0.336140 0.448496 0.023553 0.052457
0 0.526508 0.285574 0.046057 0.064423