2 0.449618 0.237365 0.066234 0.142614
0 0.175612 0.749122 0.142060 0.191654
0 0.920186 0.267452 0.047229 0.055153
0 0.599913 0.290808 0.047139 0.072261
0 0.741701 0.308728 0.064035 0.094918
4 0.098271 0.601840 0.030996 0.134499
2 0.508258 0.222419 0.043573 0.097607
0 0.540413 0.264137 0.044261 0.061012
0 0.848733 0.251517 0.051356 0.078931
2 0.487367 0.167111 0.045871 0.073994
0 0.805972 0.235148 0.040540 0.051172
0 0.894209 0.249961 0.038330 0.038816
0 0.746975 0.236579 0.039495 0.055907
2 0.487300 0.182822 0.046052 0.104913
1 0.592207 0.212796 0.028599 0.060120
0 0.890280 0.252048 0.032257 0.033374
0 0.720892 0.211732 0.032968 0.043765