0 0.333660 0.519901 0.083352 0.130291
0 0.963328 0.484491 0.072250 0.144890
0 0.977129 0.311940 0.044762 0.070787
0 0.774471 0.270183 0.044465 0.055848
0 0.581702 0.238874 0.033927 0.045629
0 0.943963 0.277739 0.045740 0.060690
0 0.693941 0.256086 0.044649 0.076699
2 0.474680 0.199616 0.055062 0.114479
0 0.911952 0.258601 0.044226 0.057941
0 0.858399 0.261273 0.060254 0.081951
0 0.735885 0.226575 0.035366 0.046763
0 0.554089 0.224037 0.033353 0.047594
1 0.525962 0.196107 0.038008 0.087542
2 0.492843 0.165678 0.039873 0.073250
2 0.526015 0.197488 0.037290 0.085550
0 0.821850 0.244434 0.031507 0.057268