0 0.263669 0.852896 0.122338 0.286063
0 0.571538 0.484495 0.084005 0.163921
0 0.025501 0.938775 0.050580 0.122449
0 0.538482 0.342903 0.052973 0.083462
0 0.930242 0.326871 0.063345 0.084300
0 0.880988 0.290921 0.050288 0.066464
4 0.069580 0.687354 0.039367 0.142499
0 0.480423 0.240630 0.035162 0.053412
0 0.820426 0.362719 0.067406 0.086333
0 0.703298 0.264419 0.044513 0.066624
0 0.813299 0.230632 0.036269 0.055203
0 0.988369 0.436595 0.022326 0.131546
2 0.491335 0.170773 0.041865 0.082386
0 0.978743 0.383643 0.041563 0.089812
3 0.070202 0.732485 0.030551 0.103593
1 0.581383 0.173549 0.033323 0.070246
0 0.978771 0.306516 0.041594 0.055795
1 0.537251 0.182791 0.031260 0.056294
0 0.853920 0.274770 0.038338 0.056867
0 0.985509 0.227582 0.028122 0.055200
1 0.677758 0.213100 0.036272 0.063615