0 0.429148 0.594327 0.107119 0.154088
0 0.922255 0.397037 0.066678 0.100607
0 0.539488 0.304592 0.049384 0.090659
0 0.365105 0.507744 0.071577 0.167733
0 0.854006 0.265809 0.044219 0.063486
0 0.953869 0.351946 0.058227 0.092597
0 0.476814 0.216213 0.031020 0.045563
4 0.147693 0.562924 0.031968 0.124025
0 0.809058 0.239741 0.042210 0.053137
0 0.519821 0.264554 0.039117 0.059841
2 0.492929 0.169872 0.042378 0.080569
0 0.695189 0.237374 0.035774 0.072197
0 0.978719 0.308687 0.041611 0.074450
0 0.768813 0.337326 0.068358 0.077769
1 0.582717 0.169960 0.030772 0.079417
0 0.945667 0.280707 0.051857 0.065860
0 0.993142 0.434501 0.012995 0.071360
1 0.537886 0.182235 0.034499 0.058184
0 0.878617 0.230656 0.044615 0.070686