0 0.930740 0.439401 0.089530 0.135413
0 0.316573 0.555447 0.090109 0.139155
0 0.970879 0.306079 0.056764 0.062888
0 0.584514 0.242060 0.036949 0.055468
2 0.471805 0.206617 0.055705 0.118429
0 0.856120 0.262168 0.062339 0.079579
0 0.552530 0.229847 0.038292 0.053351
0 0.689813 0.250427 0.041726 0.065476
0 0.768655 0.264014 0.041716 0.051822
0 0.933087 0.272513 0.045733 0.052234
0 0.905286 0.253637 0.040729 0.050951
0 0.733013 0.221401 0.033773 0.050163
4 0.051891 0.664095 0.036298 0.113003
2 0.491187 0.164994 0.038575 0.066138
0 0.819791 0.245194 0.035812 0.052289
3 0.053347 0.706911 0.029949 0.093237
2 0.525866 0.202445 0.041249 0.084525