0 0.228037 0.905826 0.137531 0.179830
0 0.539318 0.373886 0.057505 0.090666
0 0.586887 0.564672 0.097510 0.192384
4 0.051672 0.724986 0.039464 0.155741
0 0.958608 0.508317 0.081767 0.131520
0 0.697199 0.256943 0.043139 0.060506
0 0.978376 0.396361 0.042595 0.120676
0 0.967575 0.363687 0.060023 0.088989
0 0.909937 0.311501 0.058195 0.081370
0 0.783628 0.337699 0.059306 0.078010
0 0.866037 0.278432 0.046973 0.063572
0 0.811990 0.234529 0.037111 0.046168
1 0.580649 0.174490 0.035711 0.073411
0 0.477565 0.250643 0.036528 0.055376
0 0.956243 0.287880 0.043159 0.066979
0 0.983857 0.223634 0.031231 0.051103
0 0.841950 0.262253 0.039682 0.057761
2 0.493610 0.171778 0.047764 0.082698
1 0.493115 0.171823 0.046372 0.081986
1 0.536810 0.180551 0.035486 0.066258
3 0.052367 0.770994 0.031813 0.108457