0 0.141678 0.524419 0.147017 0.125527
0 0.881911 0.737255 0.128844 0.197158
0 0.486552 0.697692 0.121574 0.188221
0 0.653139 0.401154 0.074443 0.122905
0 0.370951 0.414346 0.074125 0.099330
0 0.491424 0.517775 0.083821 0.131036
0 0.670128 0.556443 0.101119 0.153314
0 0.522414 0.402485 0.062943 0.105516
1 0.887194 0.198205 0.063822 0.116219
0 0.430176 0.309446 0.047619 0.073106
0 0.526126 0.311771 0.051486 0.072394
0 0.604618 0.377423 0.056216 0.098182
1 0.825438 0.206858 0.029707 0.060800
0 0.684151 0.229577 0.043859 0.066568
2 0.740393 0.201474 0.063780 0.105869