2 0.342806 0.519546 0.149826 0.331777
2 0.885667 0.309087 0.110712 0.183509
0 0.735954 0.901986 0.158158 0.193687
2 0.471124 0.195855 0.059810 0.115916
0 0.583948 0.351008 0.062695 0.098919
0 0.443465 0.449264 0.067687 0.117945
0 0.536696 0.317199 0.053635 0.074989
0 0.810215 0.224097 0.053970 0.074045
2 0.366266 0.316790 0.083124 0.099344
0 0.684762 0.233488 0.039859 0.066829
0 0.523899 0.283468 0.051910 0.065048
0 0.722298 0.219693 0.042019 0.058178
0 0.625735 0.287095 0.039830 0.089223
0 0.774378 0.213581 0.032552 0.046424
1 0.586228 0.205890 0.048109 0.080665
0 0.595199 0.273776 0.031062 0.057361