0 0.150371 0.524605 0.146454 0.125287
0 0.845866 0.670544 0.116382 0.176637
0 0.498560 0.487645 0.077752 0.121304
0 0.492496 0.641621 0.110436 0.170255
0 0.665008 0.518188 0.092298 0.141065
1 0.889192 0.199803 0.054903 0.119710
0 0.647482 0.386672 0.068747 0.114840
0 0.382035 0.399371 0.072988 0.096524
0 0.522707 0.388288 0.057784 0.098390
0 0.435533 0.299592 0.047463 0.068525
0 0.526730 0.303344 0.048287 0.068530
0 0.601581 0.361867 0.056190 0.094514
1 0.737979 0.201732 0.066461 0.105769
1 0.825214 0.207513 0.029211 0.060202
1 0.493953 0.175727 0.038551 0.084281
2 0.737697 0.200881 0.068447 0.107074
0 0.685957 0.235377 0.041536 0.053936