2 0.257744 0.655774 0.205362 0.435637
2 0.394701 0.351224 0.100085 0.223558
0 0.651819 0.595560 0.115948 0.205398
0 0.841695 0.610886 0.104955 0.167201
0 0.706247 0.424527 0.074532 0.103038
2 0.744153 0.197005 0.055426 0.111454
0 0.533614 0.374524 0.061553 0.098952
4 0.295529 0.668574 0.040236 0.079840
0 0.616861 0.293847 0.046169 0.070026
2 0.816235 0.171726 0.054513 0.082719
2 0.870624 0.183147 0.056754 0.097206
1 0.870439 0.183099 0.055600 0.093996
1 0.815869 0.172252 0.053984 0.080795
2 0.931291 0.206769 0.072716 0.117089
0 0.470343 0.260177 0.036230 0.066081
0 0.600266 0.269908 0.038120 0.060479
0 0.614033 0.281868 0.051447 0.063985
0 0.680914 0.226076 0.038724 0.065865
0 0.448775 0.282995 0.034274 0.085658