2 0.324271 0.340886 0.092287 0.198098
0 0.490432 0.766733 0.136438 0.226275
0 0.682048 0.536207 0.101261 0.144897
0 0.520638 0.480376 0.080946 0.125482
0 0.736870 0.447117 0.082982 0.118482
0 0.732941 0.801951 0.143253 0.220577
0 0.824018 0.959250 0.145353 0.077456
0 0.778754 0.317245 0.053911 0.072616
0 0.453812 0.269064 0.042350 0.064530
0 0.396735 0.621297 0.112096 0.220131
0 0.100336 0.854166 0.195574 0.290633
2 0.785555 0.163511 0.036267 0.068051
0 0.613029 0.300261 0.048585 0.067484
2 0.921205 0.201522 0.067463 0.109358
0 0.953082 0.275233 0.046420 0.088234
0 0.452710 0.916379 0.190564 0.162432
1 0.921938 0.200853 0.065891 0.110866
0 0.529801 0.268857 0.038521 0.059362
1 0.100783 0.855157 0.194728 0.289685
0 0.522934 0.376719 0.065235 0.118312
0 0.502660 0.350407 0.060938 0.098549
2 0.744478 0.197426 0.053017 0.108972
1 0.744913 0.198213 0.052168 0.109398
1 0.952935 0.275748 0.046835 0.088975