0 0.082553 0.835106 0.164560 0.211805
2 0.438748 0.261635 0.072259 0.160415
0 0.974753 0.307937 0.049707 0.076872
0 0.903549 0.257749 0.042589 0.051270
0 0.602815 0.329680 0.056747 0.085771
0 0.721146 0.284969 0.051679 0.083441
0 0.841247 0.249558 0.055312 0.075703
0 0.537802 0.286336 0.047987 0.066278
4 0.107140 0.576413 0.027024 0.106839
2 0.488316 0.165595 0.048675 0.062013
2 0.495488 0.237203 0.046194 0.108797
0 0.803030 0.231038 0.034318 0.052036
0 0.747311 0.232312 0.030080 0.053892
0 0.675205 0.225636 0.038276 0.052878
1 0.588636 0.221140 0.048182 0.068870
0 0.720584 0.217210 0.035778 0.049379