0 0.837156 0.607669 0.105367 0.159184
2 0.299721 0.403476 0.105569 0.240170
0 0.512500 0.598858 0.103538 0.158523
0 0.726042 0.738824 0.133414 0.208063
0 0.518498 0.447342 0.075417 0.157071
0 0.630353 0.345445 0.057066 0.080496
0 0.908520 0.254283 0.042586 0.077844
0 0.349618 0.811062 0.145919 0.293368
0 0.527770 0.299100 0.046187 0.070074
0 0.032366 0.883050 0.064043 0.228695
0 0.473495 0.963279 0.134713 0.069367
0 0.986910 0.235035 0.025219 0.061008
0 0.493365 0.413774 0.062877 0.113091
2 0.782344 0.163067 0.035513 0.068084
0 0.725924 0.280252 0.044654 0.066858
2 0.902341 0.191687 0.055550 0.101019
0 0.612144 0.304473 0.051758 0.079391
0 0.434573 0.309339 0.034107 0.074646
0 0.458409 0.338258 0.046854 0.102982
1 0.901729 0.192945 0.056709 0.102124
2 0.743594 0.199633 0.055919 0.109583
0 0.681105 0.226335 0.037463 0.064118
0 0.509854 0.252749 0.037903 0.058442
0 0.572420 0.264892 0.025083 0.054053