2 0.250912 0.526887 0.151702 0.310478
0 0.510668 0.878011 0.149883 0.233493
0 0.508325 0.596207 0.101145 0.218566
0 0.654398 0.437545 0.070302 0.103551
0 0.527651 0.364561 0.057713 0.089324
0 0.544099 0.515043 0.096710 0.160078
0 0.408699 0.423069 0.065447 0.141742
0 0.704574 0.251536 0.036245 0.059953
2 0.744714 0.200849 0.053789 0.108566
0 0.604398 0.314851 0.044451 0.079750
0 0.644488 0.343010 0.056141 0.086430
4 0.232260 0.512574 0.026473 0.052231
0 0.665308 0.375720 0.066763 0.088628
2 0.777150 0.161440 0.040292 0.064760
0 0.539680 0.303992 0.048235 0.072267
1 0.891942 0.189772 0.057069 0.095934
0 0.866882 0.230293 0.035791 0.069318
4 0.279045 0.515251 0.037968 0.068613
2 0.892012 0.190513 0.058126 0.097853
0 0.499410 0.282475 0.041230 0.065509
0 0.424030 0.384260 0.048251 0.093893
4 0.285228 0.502522 0.034414 0.083743
0 0.680993 0.225361 0.034604 0.062202