0 0.619541 0.749107 0.130049 0.266089
0 0.541954 0.426923 0.066459 0.106530
0 0.888552 0.419334 0.076356 0.102544
0 0.969033 0.361791 0.061433 0.113713
4 0.019879 0.777052 0.039625 0.165664
0 0.750877 0.301968 0.051620 0.072552
0 0.882588 0.288771 0.054039 0.075299
0 0.467553 0.263774 0.040463 0.065165
0 0.845867 0.261224 0.044522 0.056008
0 0.687757 0.247446 0.040052 0.055464
0 0.935999 0.337664 0.051462 0.079524
0 0.924956 0.271990 0.041955 0.051024
1 0.491218 0.172848 0.049786 0.083587
0 0.825168 0.249386 0.037343 0.056148
1 0.536453 0.179392 0.040730 0.068498