2 0.757555 0.211203 0.061185 0.115122
2 0.420339 0.333325 0.086532 0.192398
0 0.474460 0.679514 0.121436 0.176812
0 0.533839 0.840746 0.129129 0.219991
2 0.038139 0.818009 0.075635 0.355158
0 0.640091 0.480885 0.076060 0.148314
2 0.872018 0.182796 0.059209 0.096097
2 0.962445 0.216714 0.073614 0.131304
2 0.439087 0.254799 0.068983 0.151193
0 0.812706 0.206821 0.034435 0.043564
2 0.468481 0.214214 0.051832 0.122013
0 0.781337 0.836229 0.120007 0.292150
0 0.637666 0.325068 0.031944 0.080153
0 0.451227 0.972904 0.142507 0.054192
0 0.599868 0.372733 0.060681 0.122151
0 0.536584 0.237704 0.039677 0.065280
0 0.586775 0.263303 0.047071 0.078072
0 0.631644 0.422278 0.072402 0.101261
0 0.619917 0.254492 0.033058 0.051214
0 0.680978 0.225630 0.037997 0.066659