0 0.504269 0.344379 0.060078 0.084303
0 0.413782 0.355807 0.049507 0.111952
0 0.953492 0.355666 0.063336 0.088212
4 0.131365 0.676253 0.045306 0.155530
4 0.082219 0.663309 0.037302 0.144938
0 0.964191 0.507549 0.070711 0.140282
0 0.509297 0.239726 0.049585 0.070766
4 0.029179 0.658624 0.037193 0.169535
0 0.896899 0.301916 0.059064 0.071217
0 0.866711 0.261441 0.042986 0.059275
0 0.709294 0.259012 0.041300 0.059612
0 0.752288 0.287251 0.048177 0.093807
0 0.788143 0.231190 0.040385 0.053118
4 0.225360 0.472662 0.028362 0.116980
0 0.477916 0.228965 0.031476 0.050585
0 0.950754 0.272557 0.059370 0.088573
4 0.160860 0.330890 0.014380 0.071092
0 0.531438 0.203243 0.039022 0.042176
0 0.835214 0.213438 0.035939 0.038340