0 0.324863 0.723109 0.148055 0.189444
0 0.546699 0.341770 0.056437 0.105637
0 0.957834 0.500857 0.083569 0.128595
0 0.915055 0.350073 0.058886 0.094853
0 0.832726 0.253504 0.042015 0.050138
0 0.977407 0.388917 0.044411 0.095564
0 0.478153 0.222912 0.030956 0.048870
4 0.115884 0.595121 0.032829 0.122082
0 0.734883 0.309510 0.053227 0.077616
0 0.340827 0.571641 0.085216 0.137030
0 0.523741 0.282462 0.043806 0.068232
2 0.494019 0.171095 0.044681 0.081212
0 0.799376 0.233206 0.036320 0.041565
0 0.985910 0.231399 0.027651 0.063858
0 0.951505 0.282151 0.045143 0.069627
1 0.536488 0.177962 0.033151 0.066173
0 0.344106 0.538861 0.074763 0.094201
1 0.576124 0.159083 0.045504 0.101774
0 0.913884 0.257108 0.040503 0.055484
0 0.687729 0.227352 0.033426 0.068410