2 0.370293 0.273483 0.072707 0.152607
0 0.064788 0.873275 0.128511 0.221212
0 0.516804 0.498447 0.085005 0.148129
0 0.725061 0.549768 0.093851 0.141603
0 0.917218 0.772230 0.135432 0.219091
0 0.583139 0.709277 0.138094 0.236659
0 0.312785 0.726844 0.137479 0.254510
0 0.669606 0.457370 0.080817 0.119449
0 0.964975 0.424672 0.069716 0.094001
0 0.465133 0.429243 0.076214 0.143720
0 0.641042 0.372954 0.065930 0.091846
1 0.421154 0.618056 0.107422 0.216552
1 0.974067 0.231098 0.051170 0.124383
0 0.623934 0.319681 0.057447 0.077791
0 0.528713 0.359051 0.063001 0.094049
0 0.597930 0.254165 0.041875 0.053938
0 0.775555 0.977389 0.131619 0.041691
2 0.737152 0.200239 0.069791 0.107351
1 0.737206 0.201517 0.068767 0.105476
0 0.518415 0.279583 0.060565 0.079241
0 0.498489 0.227874 0.036084 0.048176
2 0.785371 0.170227 0.056098 0.080752
0 0.680721 0.226250 0.037705 0.064223