2 0.421474 0.310691 0.081718 0.184006
0 0.944321 0.291434 0.057494 0.069296
0 0.614210 0.413202 0.066721 0.107385
0 0.528541 0.326404 0.051758 0.072848
0 0.878296 0.253277 0.039699 0.047769
0 0.710582 0.265867 0.045796 0.078352
2 0.975701 0.422813 0.048122 0.238425
0 0.828469 0.249638 0.053712 0.071476
2 0.482451 0.187854 0.051062 0.094693
1 0.577761 0.197518 0.034409 0.070384
0 0.992770 0.251827 0.013862 0.048085
4 0.090209 0.556272 0.028702 0.109930
0 0.521318 0.267137 0.052967 0.077242
0 0.792331 0.231987 0.032972 0.049701
0 0.602320 0.244943 0.033479 0.065359
0 0.008936 0.913364 0.017590 0.103351
0 0.733938 0.233529 0.036191 0.053699