0 0.576334 0.618329 0.109121 0.158254
0 0.274818 0.664110 0.121407 0.168562
0 0.695863 0.404400 0.068764 0.101166
0 0.641999 0.476257 0.075490 0.116816
0 0.941879 0.828009 0.115652 0.303848
0 0.513451 0.417528 0.066010 0.106385
0 0.876693 0.717244 0.112038 0.195566
0 0.087748 0.523867 0.094494 0.112143
0 0.427768 0.354839 0.058039 0.089626
1 0.891073 0.189946 0.056168 0.097414
4 0.085932 0.398861 0.022466 0.091052
0 0.620543 0.966611 0.150358 0.063738
0 0.606462 0.271478 0.043991 0.075624
1 0.468109 0.200228 0.049341 0.110874
0 0.684602 0.228823 0.042766 0.067565
1 0.833109 0.210090 0.046709 0.067798
0 0.519418 0.278933 0.050246 0.088206
1 0.738935 0.202389 0.066659 0.105868