0 0.520098 0.681602 0.115407 0.174072
0 0.959684 0.476718 0.079543 0.138052
0 0.439869 0.317155 0.049931 0.079538
0 0.886840 0.374611 0.072237 0.094014
0 0.797724 0.298073 0.053169 0.075618
0 0.737283 0.250094 0.038952 0.053756
1 0.489166 0.177546 0.049167 0.093912
0 0.913925 0.302733 0.058345 0.094452
0 0.878162 0.284243 0.040135 0.064224
0 0.841384 0.255288 0.043530 0.060063
0 0.548261 0.203993 0.029235 0.040758
0 0.674837 0.229456 0.037214 0.047606
0 0.984694 0.223340 0.029558 0.045141
0 0.948218 0.280121 0.034831 0.069126