0 0.188915 0.513910 0.129673 0.123117
0 0.651392 0.442017 0.075927 0.115269
0 0.779367 0.544964 0.095945 0.141636
0 0.035117 0.877987 0.069604 0.237300
0 0.500572 0.534238 0.088887 0.140508
0 0.798433 0.945707 0.154604 0.107066
0 0.406506 0.361958 0.063374 0.087750
0 0.510107 0.426945 0.068107 0.101683
0 0.633656 0.350661 0.061747 0.098106
1 0.891686 0.187856 0.057673 0.096814
0 0.455586 0.275206 0.044449 0.064124
0 0.585751 0.329294 0.048083 0.081930
0 0.523138 0.357749 0.057420 0.092265
0 0.908481 0.231803 0.044930 0.067600
0 0.528114 0.282307 0.044862 0.066298
2 0.740160 0.201667 0.065895 0.104086
2 0.753162 0.152558 0.053848 0.063203