2 0.296208 0.412755 0.108939 0.245196
0 0.336617 0.846798 0.151946 0.304021
0 0.737446 0.785144 0.143114 0.217690
0 0.513206 0.622440 0.105609 0.166474
0 0.855268 0.642443 0.111298 0.170185
0 0.633001 0.354536 0.057343 0.082538
0 0.518731 0.463869 0.078180 0.159170
0 0.721460 0.276827 0.042483 0.065487
0 0.985368 0.231470 0.028417 0.060675
1 0.900198 0.192528 0.056685 0.100020
0 0.019827 0.889756 0.039055 0.218510
0 0.527584 0.305264 0.049087 0.072981
0 0.493423 0.420859 0.063981 0.116814
2 0.742767 0.199269 0.058804 0.107482
0 0.453880 0.344029 0.048287 0.104352
0 0.613743 0.310209 0.051743 0.082516
0 0.432985 0.314642 0.038156 0.078277
0 0.902734 0.249806 0.041422 0.074261
0 0.680904 0.225036 0.037468 0.063226
1 0.903361 0.249804 0.040115 0.074745
0 0.571695 0.262813 0.028931 0.060360