0 0.148660 0.524210 0.146179 0.124908
0 0.852370 0.682596 0.117759 0.179442
0 0.665235 0.525665 0.095439 0.147242
0 0.489714 0.651763 0.114867 0.177555
0 0.497356 0.493816 0.077467 0.127220
0 0.649328 0.389242 0.072578 0.117689
0 0.380456 0.402854 0.072541 0.098857
1 0.889695 0.198836 0.056794 0.120367
0 0.434856 0.300161 0.046589 0.072205
0 0.522914 0.390943 0.059842 0.099627
0 0.526586 0.306067 0.049185 0.070488
0 0.604079 0.364446 0.061374 0.096323
2 0.741061 0.200352 0.064662 0.104925
0 0.824799 0.207110 0.030064 0.060716
0 0.684182 0.228144 0.041600 0.067345
0 0.788809 0.200940 0.033805 0.045565