0 0.431258 0.690207 0.120597 0.187314
0 0.597751 0.631759 0.107086 0.166760
0 0.798921 0.595574 0.110664 0.163709
0 0.725790 0.823217 0.139519 0.210366
0 0.499111 0.495202 0.080974 0.130112
0 0.660570 0.503179 0.083686 0.138630
1 0.892300 0.189293 0.054752 0.099419
0 0.403720 0.389143 0.066094 0.097037
0 0.720085 0.453657 0.079371 0.114212
0 0.761205 0.959366 0.148770 0.079956
0 0.904069 0.739446 0.121961 0.188386
0 0.512474 0.341874 0.056975 0.082899
0 0.642249 0.341293 0.054857 0.082530
0 0.960639 0.248682 0.046426 0.075009
0 0.254227 0.713055 0.122326 0.251550
2 0.740984 0.199216 0.062146 0.105295
0 0.022962 0.902503 0.045375 0.192038
0 0.609230 0.295659 0.046662 0.074272