2 0.287365 0.438887 0.117878 0.263453
0 0.512920 0.676976 0.119238 0.184923
0 0.898436 0.733411 0.127323 0.194350
0 0.304398 0.889657 0.172292 0.218589
0 0.765712 0.887621 0.163581 0.222926
0 0.516111 0.492661 0.082088 0.177377
0 0.640066 0.373280 0.060289 0.088623
2 0.745370 0.199649 0.053647 0.107524
0 0.527325 0.318345 0.051162 0.080216
0 0.714988 0.268026 0.038628 0.064864
0 0.440888 0.358891 0.053084 0.121452
0 0.498470 0.442798 0.075388 0.132384
2 0.780149 0.161899 0.037598 0.065555
1 0.984100 0.217555 0.031197 0.077788
0 0.621740 0.317950 0.058221 0.099099
1 0.898377 0.190532 0.053982 0.097485
0 0.891850 0.243531 0.037295 0.072675
0 0.507541 0.263285 0.038526 0.059264
2 0.899474 0.191715 0.052478 0.103812