0 0.554251 0.563781 0.098720 0.146277
0 0.626962 0.897177 0.159305 0.204475
0 0.318315 0.613474 0.108496 0.149217
0 0.635399 0.442289 0.071002 0.107707
0 0.120953 0.524040 0.153164 0.123078
0 0.515485 0.392088 0.062292 0.101002
1 0.891612 0.190259 0.055868 0.098124
0 0.893143 0.717385 0.117360 0.266712
0 0.675920 0.374398 0.066542 0.094855
0 0.433912 0.338833 0.055127 0.086174
0 0.843155 0.642256 0.092534 0.175809
2 0.742833 0.189782 0.061413 0.127411
2 0.472686 0.197050 0.048457 0.106152
0 0.605239 0.257804 0.043214 0.080788
1 0.833087 0.210240 0.048345 0.066909
0 0.800559 0.978211 0.151528 0.042381
1 0.472420 0.197120 0.047208 0.105643
0 0.683705 0.227108 0.043299 0.069532