2 0.266911 0.495268 0.135682 0.296657
0 0.512376 0.799723 0.137338 0.217892
0 0.511761 0.559768 0.092544 0.196840
0 0.955058 0.912737 0.088855 0.173239
2 0.745202 0.200040 0.055225 0.106148
0 0.420805 0.402620 0.061402 0.127411
0 0.649549 0.411589 0.065830 0.099476
0 0.526749 0.351031 0.055598 0.085700
0 0.527420 0.485388 0.089478 0.151350
0 0.707316 0.257714 0.033690 0.057579
1 0.893719 0.189459 0.052154 0.100716
2 0.778358 0.161785 0.040138 0.064864
0 0.873813 0.234558 0.038762 0.068361
0 0.550289 0.293083 0.046691 0.070253
0 0.504184 0.277508 0.043430 0.064177
0 0.600075 0.301495 0.045254 0.081375
0 0.640997 0.340493 0.060421 0.093516
1 0.988747 0.215413 0.021536 0.066796