0 0.604011 0.655392 0.113964 0.226687
0 0.541136 0.401561 0.064934 0.096941
0 0.919864 0.452707 0.083388 0.112960
0 0.973448 0.376111 0.052165 0.119870
4 0.026132 0.760777 0.045008 0.179925
0 0.762064 0.316035 0.053489 0.074483
0 0.692264 0.249323 0.039893 0.062550
0 0.472725 0.256878 0.039845 0.062342
0 0.894873 0.296941 0.056303 0.076132
0 0.854744 0.267080 0.043962 0.063667
0 0.185478 0.966193 0.133057 0.066510
0 0.948460 0.349659 0.053383 0.081292
0 0.829774 0.253383 0.037854 0.060339
0 0.987003 0.220888 0.024974 0.046996
0 0.937866 0.277597 0.043983 0.059872
1 0.491854 0.173881 0.047705 0.084576
1 0.666010 0.203688 0.034886 0.072683
0 0.806738 0.228721 0.031295 0.056235
1 0.580352 0.177485 0.035373 0.065930