2 0.279479 0.461780 0.125065 0.276696
0 0.512614 0.721325 0.124958 0.197951
0 0.930307 0.810076 0.137871 0.215555
0 0.789475 0.930482 0.178010 0.137229
0 0.515004 0.517924 0.085177 0.182995
0 0.644277 0.388020 0.061378 0.091107
0 0.283259 0.923238 0.176622 0.151812
2 0.745502 0.199906 0.053651 0.107154
0 0.712313 0.264262 0.037154 0.059086
0 0.527078 0.330802 0.052717 0.082499
0 0.433881 0.376572 0.056921 0.122265
1 0.895751 0.188616 0.054065 0.096077
0 0.626112 0.336559 0.054813 0.082267
0 0.505577 0.268501 0.040861 0.061882
2 0.779339 0.161686 0.038650 0.065366
0 0.598033 0.288810 0.039391 0.074585
0 0.884120 0.238533 0.036813 0.070608
0 0.984789 0.221036 0.029500 0.066601
0 0.560809 0.278836 0.043525 0.070369
0 0.681116 0.225405 0.039721 0.064909