0 0.306741 0.572935 0.092001 0.144139
0 0.911353 0.420338 0.088695 0.130813
0 0.586384 0.246803 0.038414 0.056235
2 0.470195 0.209312 0.056266 0.121453
0 0.965166 0.305687 0.054848 0.056899
0 0.766306 0.258693 0.040392 0.059125
0 0.551673 0.233202 0.039211 0.056700
0 0.855737 0.260358 0.062638 0.078129
0 0.687535 0.248040 0.041016 0.064754
0 0.928553 0.269678 0.042752 0.055114
0 0.730954 0.223062 0.034323 0.045033
4 0.056334 0.656675 0.032743 0.124524
0 0.819657 0.241359 0.039708 0.057186
0 0.903187 0.250788 0.037658 0.051444
0 0.992533 0.247844 0.014350 0.041800
3 0.057237 0.703898 0.025459 0.082198
0 0.794520 0.227508 0.030863 0.045507