2 0.242073 0.697951 0.218494 0.475314
2 0.390449 0.361867 0.103777 0.234192
0 0.654334 0.626740 0.121161 0.217867
0 0.862166 0.652150 0.110524 0.179785
0 0.719927 0.439902 0.077635 0.108961
2 0.739567 0.197396 0.065523 0.108387
0 0.532574 0.383042 0.065730 0.099978
4 0.280303 0.713818 0.042320 0.079347
0 0.616992 0.300578 0.047877 0.071447
2 0.865428 0.180890 0.051037 0.096114
2 0.814996 0.171862 0.050844 0.080994
0 0.681010 0.225771 0.038798 0.063311
1 0.925888 0.203066 0.071618 0.113537
2 0.925539 0.203407 0.071587 0.112575
0 0.446404 0.292734 0.034536 0.075644
1 0.814727 0.172295 0.050271 0.081715
1 0.865405 0.180513 0.050916 0.094214
0 0.471671 0.261430 0.041393 0.065587
0 0.602266 0.274046 0.042329 0.067890