0 0.513171 0.588537 0.098902 0.156554
0 0.722271 0.718944 0.131053 0.200816
2 0.301230 0.395956 0.105620 0.237962
0 0.829935 0.592277 0.104401 0.155546
0 0.477842 0.950624 0.145231 0.096799
0 0.353750 0.796316 0.142755 0.288250
0 0.038087 0.882373 0.075528 0.233955
0 0.518850 0.440144 0.074186 0.153050
0 0.728213 0.283639 0.042520 0.063704
0 0.628455 0.339591 0.055758 0.080471
1 0.902714 0.193073 0.058204 0.104991
0 0.528221 0.295069 0.045584 0.072126
0 0.911084 0.255154 0.041749 0.076398
0 0.987271 0.236261 0.024793 0.061837
0 0.611611 0.301184 0.050880 0.075358
0 0.493471 0.404513 0.060585 0.113581
2 0.737182 0.198726 0.070511 0.106910
0 0.680442 0.224871 0.038583 0.064616
0 0.461070 0.331358 0.045825 0.104035
2 0.782422 0.162352 0.032483 0.067769
0 0.436163 0.304438 0.032291 0.075357