0 0.499869 0.887367 0.148636 0.223544
0 0.426566 0.349143 0.055070 0.086895
0 0.889118 0.399619 0.080350 0.117625
0 0.979720 0.318344 0.039776 0.076958
0 0.775991 0.273360 0.048990 0.071821
0 0.893054 0.286164 0.056702 0.091036
0 0.847555 0.344806 0.061024 0.077526
0 0.551146 0.207138 0.030241 0.047879
0 0.673455 0.225750 0.033849 0.047184
1 0.489867 0.180654 0.051880 0.095599
0 0.738750 0.240173 0.033988 0.045891
2 0.489318 0.181726 0.051083 0.096267
0 0.829196 0.250597 0.045354 0.062844
0 0.920954 0.264194 0.036134 0.062271
0 0.857186 0.276686 0.028296 0.052510
0 0.861995 0.273575 0.038142 0.057000