0 0.906267 0.722001 0.132845 0.192497
0 0.690798 0.928974 0.169156 0.140194
0 0.508255 0.747812 0.125686 0.203245
0 0.733317 0.745463 0.122525 0.210087
0 0.709750 0.433249 0.075275 0.107420
0 0.507385 0.430314 0.069515 0.109007
0 0.628994 0.363801 0.061938 0.089957
1 0.099930 0.844906 0.177415 0.296421
0 0.969927 0.948537 0.060147 0.100717
1 0.890900 0.190254 0.056583 0.097443
0 0.310295 0.470441 0.093439 0.114855
0 0.448366 0.313269 0.055694 0.076215
1 0.933025 0.235549 0.042746 0.074881
0 0.568667 0.292239 0.049048 0.073801
0 0.933233 0.236260 0.043093 0.073911
1 0.825344 0.206626 0.030819 0.062246
2 0.738141 0.199378 0.068517 0.105396
1 0.737377 0.200086 0.067960 0.106072
0 0.616604 0.305204 0.054849 0.099647