0 0.682266 0.909134 0.157493 0.180011
0 0.726550 0.714886 0.118314 0.204953
0 0.507662 0.714416 0.120185 0.193149
0 0.883983 0.684368 0.127144 0.182455
0 0.955155 0.921068 0.089037 0.156643
0 0.507626 0.420771 0.069666 0.102986
0 0.701733 0.422599 0.074305 0.102951
0 0.323719 0.462474 0.088091 0.112398
1 0.115794 0.835633 0.172623 0.294512
0 0.626233 0.357342 0.060288 0.087501
1 0.890936 0.189924 0.056122 0.097609
0 0.455996 0.308985 0.057416 0.075822
0 0.615613 0.298701 0.054024 0.088493
1 0.934728 0.237447 0.044020 0.072774
0 0.566292 0.289249 0.049266 0.070221
0 0.934792 0.237706 0.043760 0.072779
2 0.737854 0.199312 0.069920 0.103925
1 0.825209 0.206665 0.031020 0.062070
1 0.738059 0.200105 0.067887 0.106372
0 0.784625 0.201186 0.029285 0.037966