0 0.609982 0.689801 0.119415 0.240339
0 0.540758 0.412288 0.065884 0.101500
0 0.757471 0.311135 0.052839 0.073682
4 0.022778 0.768429 0.045235 0.175710
0 0.907148 0.439502 0.082725 0.110901
0 0.690637 0.247416 0.038165 0.062533
0 0.972432 0.372459 0.054491 0.117140
0 0.889781 0.295094 0.053870 0.074708
0 0.471722 0.258911 0.041339 0.066226
0 0.850996 0.265015 0.044342 0.058753
0 0.940668 0.345920 0.049973 0.083868
0 0.933245 0.276543 0.041954 0.054320
0 0.828487 0.252726 0.037448 0.061047
1 0.491282 0.174286 0.048312 0.086397
0 0.987816 0.220186 0.023397 0.050820
3 0.021400 0.817881 0.038299 0.116404
1 0.580238 0.177146 0.035817 0.066945