0 0.417552 0.366531 0.058308 0.089196
0 0.973275 0.303793 0.052600 0.075532
0 0.765790 0.264900 0.044302 0.055592
0 0.844874 0.363390 0.077309 0.105895
0 0.484622 0.964751 0.138366 0.069310
0 0.882575 0.275395 0.055361 0.089372
0 0.737404 0.231977 0.033625 0.046908
0 0.555795 0.207885 0.032544 0.047049
1 0.486172 0.181678 0.049306 0.095682
0 0.827636 0.250401 0.043261 0.061603
0 0.669827 0.222900 0.037597 0.044892
0 0.802654 0.233329 0.033865 0.056025
0 0.908590 0.254803 0.040037 0.062933
0 0.532355 0.203823 0.030718 0.044864