2 0.436284 0.264294 0.073053 0.159813
0 0.079617 0.841632 0.158671 0.214930
0 0.535973 0.286598 0.048210 0.069513
0 0.973364 0.307412 0.052407 0.077327
0 0.602903 0.331519 0.057075 0.087209
0 0.719584 0.284448 0.049525 0.086470
0 0.900807 0.259116 0.042847 0.051817
0 0.838469 0.249005 0.055107 0.077378
2 0.487556 0.167086 0.050289 0.064191
0 0.801155 0.231201 0.034804 0.057827
4 0.105499 0.577343 0.027235 0.118272
2 0.492720 0.239918 0.047373 0.108922
0 0.744183 0.234212 0.034670 0.052299
0 0.674090 0.222029 0.037099 0.058720
0 0.719557 0.214522 0.033600 0.049060