0 0.540458 0.511627 0.080512 0.131007
0 0.962972 0.434769 0.073293 0.107333
0 0.456430 0.282928 0.045065 0.071792
0 0.735939 0.272472 0.043094 0.066068
0 0.834718 0.351754 0.065174 0.085151
0 0.858297 0.268276 0.048766 0.066924
0 0.680626 0.235383 0.038619 0.052914
0 0.908015 0.308281 0.045557 0.072528
0 0.946799 0.331129 0.068678 0.107027
1 0.489838 0.173593 0.050322 0.088214
0 0.984143 0.228510 0.030959 0.053411
0 0.540319 0.195402 0.040878 0.040213
0 0.896726 0.250919 0.041739 0.053397
0 0.830809 0.248226 0.035970 0.051308
0 0.987030 0.306659 0.025063 0.073426
0 0.586676 0.195098 0.026244 0.032967