0 0.122732 0.528397 0.152558 0.125058
0 0.476511 0.867699 0.151334 0.235454
0 0.686280 0.669312 0.120775 0.185499
0 0.479274 0.602778 0.101620 0.159266
0 0.668082 0.447142 0.083360 0.143179
0 0.952471 0.909495 0.093970 0.179828
0 0.343942 0.444564 0.083958 0.110310
0 0.521284 0.444558 0.069050 0.120673
0 0.523896 0.335462 0.053407 0.081913
0 0.419265 0.339307 0.052845 0.083564
1 0.892883 0.189887 0.054883 0.100049
0 0.622431 0.415413 0.075441 0.110674
2 0.737435 0.199849 0.071328 0.103727
1 0.865097 0.223711 0.046281 0.064706
0 0.599444 0.282539 0.043127 0.065821
0 0.530070 0.266867 0.040833 0.071648