0 0.261898 0.778084 0.169905 0.206578
0 0.932834 0.470897 0.081514 0.115428
0 0.326253 0.631070 0.092132 0.210724
0 0.549478 0.360748 0.059942 0.109903
0 0.478900 0.223288 0.031632 0.051899
4 0.107021 0.605745 0.033246 0.123875
0 0.913695 0.337786 0.055523 0.087029
0 0.826731 0.241995 0.040365 0.062574
0 0.724697 0.299267 0.051893 0.075151
0 0.938516 0.276214 0.041515 0.061195
0 0.972799 0.375098 0.053330 0.098736
0 0.525542 0.291294 0.047794 0.069694
2 0.492632 0.172209 0.045275 0.082404
0 0.684979 0.227103 0.032697 0.059941
0 0.794944 0.232446 0.032606 0.041950
1 0.536185 0.176880 0.032803 0.069379
3 0.107633 0.649334 0.027679 0.093250
0 0.986341 0.228284 0.026611 0.063151
0 0.901754 0.310511 0.056823 0.073883
0 0.903211 0.250413 0.037095 0.047566