2 0.138183 0.631831 0.159322 0.316021
0 0.595868 0.694226 0.125628 0.184316
2 0.443659 0.251845 0.068542 0.142668
0 0.454023 0.509001 0.093137 0.134314
0 0.559016 0.458540 0.071217 0.117487
2 0.776164 0.230201 0.069246 0.131361
0 0.684543 0.467769 0.068494 0.159751
0 0.516598 0.388594 0.063388 0.096110
0 0.843020 0.220766 0.039260 0.051218
0 0.806049 0.932130 0.180665 0.133949
0 0.570548 0.308164 0.044304 0.100745
0 0.530784 0.295171 0.040743 0.075285
1 0.934831 0.205782 0.072607 0.115225
2 0.935649 0.205718 0.072682 0.116155
0 0.720598 0.214180 0.040237 0.053296
1 0.612068 0.261369 0.047095 0.114497
2 0.470304 0.195107 0.060045 0.104535