0 0.431201 0.667639 0.113057 0.176546
0 0.591404 0.609351 0.103690 0.163604
0 0.719036 0.792203 0.133290 0.204375
0 0.749332 0.934533 0.161797 0.129043
1 0.891243 0.189370 0.055013 0.098872
0 0.785991 0.573034 0.107025 0.158006
0 0.266594 0.697299 0.113822 0.245076
0 0.499334 0.479686 0.079925 0.126404
0 0.654681 0.487391 0.082238 0.133029
0 0.410015 0.383585 0.066405 0.095016
0 0.638158 0.334783 0.056158 0.080144
0 0.710570 0.440206 0.075247 0.107431
0 0.513522 0.337884 0.056148 0.081635
0 0.887521 0.705206 0.116675 0.179517
0 0.963696 0.250041 0.047388 0.077710
2 0.738171 0.199427 0.068273 0.105438
0 0.609369 0.290483 0.050524 0.075410