0 0.379531 0.667063 0.129384 0.172612
0 0.543348 0.324623 0.055251 0.098098
0 0.916304 0.372709 0.061886 0.089382
0 0.841504 0.256395 0.042389 0.060661
0 0.973169 0.538132 0.053106 0.117954
0 0.350477 0.558190 0.076258 0.181453
4 0.127766 0.580885 0.033194 0.122486
0 0.747220 0.318516 0.055423 0.074067
0 0.477663 0.221356 0.031542 0.046980
0 0.984041 0.403600 0.031248 0.099105
0 0.966848 0.299273 0.043334 0.060674
0 0.520788 0.276796 0.041003 0.067164
0 0.933325 0.340553 0.056742 0.077477
2 0.492582 0.171772 0.044960 0.081690
0 0.803378 0.238375 0.038514 0.042957
0 0.690761 0.233017 0.036334 0.071038
1 0.492204 0.171776 0.043420 0.080806
1 0.535536 0.176346 0.034584 0.066417
0 0.667826 0.227218 0.014756 0.043994
0 0.926414 0.270736 0.047184 0.054237
0 0.986955 0.231252 0.025362 0.059293