0 0.231877 0.805730 0.180024 0.214623
0 0.550856 0.370036 0.061417 0.114648
0 0.923452 0.459354 0.078506 0.110917
0 0.321010 0.646561 0.094936 0.217611
0 0.912940 0.333508 0.055182 0.084024
0 0.722435 0.295381 0.051033 0.075980
4 0.103284 0.614842 0.032652 0.128461
0 0.823919 0.243697 0.040007 0.056660
0 0.527295 0.295155 0.048289 0.069094
0 0.969498 0.369483 0.060086 0.096935
0 0.931894 0.273352 0.040854 0.059450
0 0.479405 0.222809 0.031284 0.056522
0 0.684696 0.226769 0.032728 0.060685
0 0.899389 0.247236 0.034364 0.044389
2 0.492264 0.172831 0.046817 0.082734
0 0.900473 0.306909 0.060751 0.075428
0 0.795017 0.230433 0.034275 0.044154
0 0.579697 0.181826 0.036265 0.055884
0 0.986421 0.227195 0.026442 0.064940