0 0.953539 0.463522 0.092203 0.144166
0 0.326888 0.537221 0.086114 0.134469
0 0.692131 0.250282 0.043807 0.070325
0 0.582960 0.236942 0.034938 0.053494
0 0.771698 0.263055 0.043696 0.061105
2 0.473707 0.201447 0.054787 0.114562
0 0.552468 0.224785 0.034935 0.053059
0 0.974312 0.308899 0.050433 0.064296
0 0.862331 0.260796 0.052458 0.078031
0 0.733189 0.227271 0.035016 0.042745
0 0.911209 0.254943 0.043896 0.056496
0 0.939314 0.274218 0.047598 0.058266
0 0.526005 0.214204 0.037799 0.054450
0 0.822175 0.246158 0.037402 0.050684
2 0.492681 0.170446 0.038074 0.071845