2 0.425976 0.310885 0.080395 0.181050
0 0.451169 0.879736 0.155349 0.238712
2 0.062361 0.800869 0.123625 0.396900
0 0.542119 0.708315 0.110799 0.179912
0 0.754740 0.715058 0.108119 0.245952
2 0.760431 0.212792 0.060577 0.118367
0 0.625133 0.425417 0.062853 0.134433
2 0.972206 0.229702 0.054671 0.132867
0 0.493898 0.587011 0.101476 0.151997
2 0.471397 0.208351 0.052077 0.113310
1 0.884212 0.185635 0.061297 0.098578
0 0.573543 0.390020 0.058133 0.098865
2 0.442949 0.247690 0.065190 0.147676
0 0.817363 0.207433 0.035915 0.047981
0 0.680351 0.224779 0.039892 0.065477
2 0.883944 0.185366 0.061666 0.100332
0 0.537970 0.236357 0.038484 0.054399
0 0.605285 0.304922 0.057358 0.091981
0 0.583664 0.251752 0.043597 0.076922
4 0.077417 0.396662 0.019686 0.098073