2 0.454510 0.232633 0.061205 0.137795
0 0.208882 0.711916 0.128495 0.182761
0 0.929006 0.273726 0.048173 0.054571
0 0.599864 0.278658 0.044029 0.069825
0 0.543839 0.257554 0.043427 0.061528
0 0.751273 0.243414 0.038139 0.052922
4 0.091006 0.609848 0.030547 0.127356
0 0.720973 0.213270 0.037185 0.047230
0 0.764464 0.322557 0.067476 0.095747
0 0.678979 0.229640 0.041983 0.062922
2 0.489598 0.171396 0.043405 0.076915
0 0.987232 0.226507 0.024800 0.044053
0 0.901109 0.252359 0.037835 0.043017
0 0.853879 0.254239 0.050651 0.082858
0 0.808555 0.236029 0.038535 0.060730
2 0.489426 0.161108 0.043320 0.054103
2 0.512882 0.217502 0.043670 0.093968