0 0.470367 0.681537 0.116144 0.177274
0 0.702957 0.771088 0.138167 0.215906
0 0.678104 0.485503 0.091497 0.160186
0 0.109283 0.528920 0.134722 0.121322
0 0.515383 0.479823 0.077841 0.132017
0 0.323465 0.461663 0.094025 0.114098
0 0.409883 0.364245 0.056767 0.088058
0 0.463274 0.942541 0.178892 0.113053
1 0.892894 0.189361 0.053472 0.098904
0 0.521364 0.355291 0.057064 0.084072
1 0.858079 0.216971 0.043250 0.068019
0 0.623591 0.446012 0.063301 0.117249
0 0.601647 0.296540 0.044584 0.069202
2 0.739639 0.199793 0.067070 0.106773
0 0.528080 0.279056 0.041838 0.065842
0 0.857530 0.219166 0.042509 0.069059
0 0.824038 0.206163 0.029227 0.059226
0 0.794861 0.200085 0.032999 0.043497