0 0.263070 0.858227 0.121875 0.281827
0 0.571709 0.491808 0.086021 0.164118
0 0.537891 0.345618 0.054996 0.085568
0 0.019108 0.945808 0.038064 0.107705
0 0.702457 0.265020 0.043317 0.061153
4 0.067476 0.688945 0.039191 0.144624
0 0.928553 0.324890 0.062535 0.084826
0 0.879174 0.288904 0.050265 0.068584
0 0.813126 0.229932 0.036807 0.057966
3 0.067683 0.735583 0.032135 0.107131
0 0.987084 0.429999 0.024990 0.128797
0 0.480695 0.240929 0.036391 0.055247
0 0.815016 0.359797 0.067683 0.085208
0 0.985300 0.225467 0.028747 0.056491
2 0.492508 0.172227 0.043762 0.082524
1 0.492367 0.172081 0.042946 0.082630
0 0.537196 0.191591 0.032467 0.040889
0 0.977810 0.376658 0.044102 0.101385