0 0.690174 0.629725 0.104011 0.167999
0 0.805531 0.563425 0.109797 0.156132
0 0.681627 0.932963 0.151615 0.132432
0 0.562946 0.458740 0.083195 0.148829
2 0.390499 0.241249 0.060811 0.129530
0 0.456349 0.536437 0.083221 0.182080
2 0.150170 0.841244 0.297812 0.314732
0 0.660523 0.391287 0.065189 0.096688
0 0.762139 0.469900 0.081508 0.124281
0 0.252317 0.715082 0.134598 0.153154
0 0.517015 0.392575 0.062104 0.107773
2 0.738244 0.198393 0.068964 0.105161
0 0.635685 0.342611 0.058032 0.088143
1 0.819606 0.171884 0.045616 0.080523
0 0.680399 0.225569 0.040930 0.064950
0 0.620403 0.295945 0.048000 0.073972