2 0.081116 0.736327 0.161571 0.378404
0 0.449876 0.689428 0.120608 0.187001
2 0.430361 0.284881 0.073009 0.161265
2 0.765624 0.218208 0.062549 0.124347
0 0.507602 0.492566 0.081895 0.124549
0 0.548518 0.588397 0.091645 0.147544
0 0.541062 0.346605 0.056849 0.092166
0 0.600191 0.372045 0.055755 0.110729
0 0.721625 0.593726 0.085975 0.203498
0 0.826340 0.212767 0.037127 0.049667
1 0.900834 0.191503 0.065300 0.103889
2 0.900950 0.191672 0.066047 0.104897
2 0.476220 0.201923 0.049747 0.107952
0 0.680681 0.227068 0.037396 0.064022
2 0.447486 0.233119 0.060374 0.132004
4 0.089992 0.385166 0.020053 0.089579
1 0.988603 0.241894 0.022025 0.135549
0 0.610552 0.300041 0.058830 0.126657
0 0.537583 0.229800 0.037233 0.055387