2 0.210996 0.596764 0.177842 0.358022
0 0.503591 0.678880 0.114590 0.253230
0 0.387017 0.469679 0.070838 0.151873
0 0.577345 0.574576 0.106413 0.182973
0 0.662497 0.483107 0.079370 0.116820
2 0.742139 0.199574 0.060707 0.106601
0 0.533862 0.399250 0.062836 0.098531
0 0.508805 0.954403 0.163422 0.089164
1 0.892354 0.189943 0.053473 0.099458
0 0.607803 0.336417 0.049781 0.084795
0 0.663971 0.371962 0.063899 0.098718
0 0.704129 0.412987 0.066020 0.094617
4 0.239907 0.586493 0.037398 0.072644
0 0.410900 0.426724 0.068889 0.102536
0 0.525774 0.330518 0.055306 0.084637
0 0.489425 0.298330 0.044536 0.069816
1 0.854748 0.220683 0.035498 0.068539
0 0.697792 0.249710 0.031753 0.049835