0 0.338238 0.510833 0.082332 0.130908
0 0.967160 0.493079 0.065176 0.149558
0 0.978166 0.312879 0.042727 0.071226
0 0.776756 0.269547 0.045217 0.056880
0 0.694927 0.256600 0.045602 0.075387
0 0.580888 0.235564 0.033705 0.047024
0 0.945470 0.277405 0.047388 0.063280
0 0.735808 0.228383 0.035363 0.041803
0 0.860940 0.260046 0.056713 0.080716
2 0.475130 0.198012 0.053626 0.111179
0 0.915341 0.258774 0.041286 0.055678
0 0.553628 0.225289 0.029980 0.040919
0 0.527321 0.213763 0.037555 0.047414
0 0.668701 0.218415 0.033460 0.042814
0 0.823134 0.249563 0.033664 0.045441