2 0.104686 0.781893 0.208239 0.433919
0 0.334142 0.586873 0.094016 0.206864
0 0.666974 0.769551 0.148914 0.257839
0 0.558805 0.491808 0.081343 0.129798
0 0.418947 0.534934 0.087271 0.134728
0 0.719019 0.457094 0.082609 0.120275
0 0.490329 0.883282 0.169494 0.231742
1 0.892458 0.188540 0.056091 0.098651
0 0.788075 0.528060 0.088993 0.132942
0 0.688722 0.618150 0.104619 0.152964
0 0.616804 0.403473 0.064657 0.106700
0 0.450559 0.340140 0.058430 0.085269
0 0.981870 0.261277 0.035511 0.073960
4 0.106752 0.828183 0.049894 0.108563
0 0.512572 0.395820 0.065388 0.105567
0 0.520123 0.302007 0.047733 0.069393
0 0.649364 0.362389 0.058877 0.089399
2 0.742477 0.199053 0.063925 0.104894
1 0.836031 0.211109 0.031325 0.063968
0 0.617645 0.300912 0.047950 0.071321
4 0.081263 0.396807 0.019127 0.097222
4 0.037378 0.825024 0.040783 0.082921