2 0.310466 0.584139 0.179542 0.383444
0 0.945002 0.906612 0.108759 0.184929
0 0.599484 0.477858 0.078676 0.118669
0 0.463496 0.519126 0.097630 0.132729
2 0.411621 0.214864 0.053177 0.112806
0 0.638649 0.395601 0.064722 0.104070
0 0.518721 0.356677 0.056382 0.123594
2 0.825039 0.172123 0.040120 0.081035
2 0.741384 0.197186 0.061324 0.108649
2 0.864775 0.180740 0.057279 0.095126
4 0.351702 0.594813 0.036328 0.064518
2 0.788159 0.168737 0.045032 0.073891
0 0.680585 0.225571 0.039963 0.063961
0 0.540165 0.271207 0.045263 0.087117
0 0.431617 0.347942 0.060452 0.119118
0 0.493552 0.175602 0.019114 0.027473
0 0.631294 0.353480 0.064456 0.100197
0 0.608571 0.265733 0.047566 0.066143