0 0.754312 0.900395 0.159119 0.197285
2 0.314320 0.361439 0.096675 0.216428
0 0.484936 0.866770 0.152821 0.262311
0 0.694628 0.597206 0.109857 0.165314
0 0.772977 0.495817 0.088826 0.127039
0 0.384417 0.680696 0.122939 0.243882
0 0.515546 0.519769 0.088776 0.138947
0 0.520361 0.404132 0.067882 0.124937
0 0.753699 0.301445 0.049621 0.071500
0 0.618334 0.316429 0.051346 0.071882
1 0.076310 0.865653 0.152013 0.267137
1 0.917145 0.200220 0.070628 0.107451
0 0.527981 0.280204 0.045503 0.067185
0 0.935428 0.269053 0.044563 0.082169
2 0.737476 0.198241 0.069600 0.105775
0 0.076529 0.864945 0.152300 0.268175
0 0.446696 0.282460 0.040336 0.067494
0 0.610005 0.278613 0.053679 0.078610
2 0.917668 0.200048 0.072554 0.105548
0 0.506568 0.369807 0.066772 0.101883
0 0.680891 0.225672 0.037740 0.064920
1 0.737047 0.198798 0.069099 0.106942