2 0.400747 0.363805 0.102605 0.229491
2 0.943672 0.350758 0.111562 0.233241
0 0.651172 0.528201 0.093597 0.146452
2 0.479023 0.189205 0.051823 0.101625
0 0.507512 0.358213 0.063105 0.090140
0 0.821164 0.236895 0.053973 0.074470
0 0.699434 0.246254 0.043923 0.073552
4 0.075948 0.529107 0.025096 0.102545
0 0.985127 0.227135 0.028977 0.054352
0 0.536821 0.288876 0.056884 0.082431
0 0.863312 0.240575 0.034483 0.040755
0 0.728656 0.221486 0.036741 0.055291
0 0.610364 0.253751 0.035706 0.077826
0 0.780650 0.218695 0.045782 0.054568
4 0.946316 0.208394 0.016823 0.063673