2 0.325107 0.538331 0.167892 0.357366
0 0.906733 0.796484 0.137724 0.218321
0 0.485254 0.491635 0.090321 0.128383
0 0.580280 0.442473 0.074219 0.108979
2 0.409475 0.210502 0.059070 0.110734
2 0.741856 0.197638 0.060948 0.109048
2 0.829682 0.172613 0.041572 0.086062
0 0.632159 0.377842 0.060459 0.093548
2 0.873311 0.182476 0.059982 0.097270
2 0.792067 0.168301 0.040144 0.072469
0 0.521383 0.342725 0.051723 0.113211
0 0.681265 0.226002 0.039184 0.063462
4 0.367779 0.542294 0.033722 0.061076
0 0.495946 0.174959 0.020300 0.028833
0 0.497586 0.297459 0.046451 0.080796
0 0.539180 0.266246 0.046936 0.082512