0 0.067566 0.868595 0.134257 0.222050
2 0.372053 0.272454 0.071871 0.152411
0 0.582549 0.689809 0.133664 0.232364
0 0.721614 0.540664 0.091233 0.139449
0 0.516797 0.493975 0.084372 0.144755
0 0.906788 0.751620 0.132478 0.213573
0 0.321734 0.718465 0.133361 0.253275
0 0.667313 0.451544 0.079418 0.119678
0 0.967850 0.430523 0.063826 0.097873
0 0.772179 0.963654 0.139835 0.071495
1 0.975148 0.233359 0.049011 0.126043
0 0.528015 0.358325 0.064419 0.089472
0 0.464057 0.425344 0.068426 0.140162
0 0.621936 0.315222 0.057895 0.077556
2 0.737572 0.199135 0.068618 0.105893
0 0.640308 0.368576 0.065244 0.088841
1 0.420899 0.612294 0.104373 0.215692
0 0.421552 0.611628 0.103654 0.216350
0 0.680837 0.226074 0.039275 0.065762
0 0.528395 0.292739 0.050981 0.071444