0 0.535585 0.549364 0.092523 0.139651
0 0.943687 0.419085 0.083964 0.104647
0 0.451885 0.293943 0.044510 0.070325
0 0.735319 0.265275 0.041507 0.065101
0 0.824171 0.338338 0.061282 0.083401
0 0.679026 0.234353 0.038234 0.054014
0 0.937959 0.324314 0.065564 0.100292
0 0.852706 0.265028 0.044545 0.066587
0 0.899931 0.300571 0.049037 0.070513
1 0.488815 0.175778 0.048997 0.089516
0 0.545850 0.199443 0.031878 0.037218
0 0.827596 0.246272 0.034647 0.058054
0 0.586664 0.197519 0.026492 0.031620
0 0.890771 0.245968 0.039125 0.046614
0 0.980730 0.299837 0.036572 0.075311