0 0.353658 0.480324 0.078965 0.118134
0 0.783133 0.277232 0.046627 0.060282
0 0.957465 0.286270 0.050589 0.066406
0 0.923130 0.267711 0.043615 0.054592
0 0.985182 0.328036 0.028920 0.066832
0 0.578281 0.228781 0.032285 0.045699
0 0.739026 0.233293 0.036858 0.044005
0 0.529130 0.200943 0.039121 0.069395
0 0.703529 0.271578 0.048156 0.074646
2 0.476661 0.196220 0.052277 0.107522
0 0.863084 0.261649 0.056610 0.080810
0 0.014816 0.708248 0.029315 0.164892
1 0.476547 0.196358 0.052452 0.108728
0 0.553381 0.227125 0.025656 0.037608