0 0.478501 0.912694 0.173200 0.172503
2 0.307400 0.381695 0.101585 0.224153
0 0.710760 0.664741 0.120945 0.181845
0 0.513321 0.556569 0.095652 0.152405
0 0.806905 0.549171 0.097286 0.143512
0 0.054127 0.874377 0.107312 0.249289
0 0.777286 0.965671 0.148262 0.067477
0 0.624100 0.329890 0.053751 0.077605
0 0.519590 0.423719 0.070599 0.146137
0 0.367902 0.743245 0.133621 0.271349
0 0.736805 0.288318 0.045472 0.068092
0 0.528361 0.288515 0.045407 0.067813
0 0.921198 0.260066 0.043621 0.077747
0 0.440681 0.296279 0.035796 0.070442
1 0.906704 0.196326 0.062563 0.102824
0 0.494889 0.390387 0.060450 0.108356
0 0.680839 0.225119 0.037695 0.064201
0 0.610525 0.297646 0.050687 0.064578
2 0.737228 0.198469 0.070094 0.106656
0 0.511584 0.245146 0.035398 0.057563
0 0.470766 0.317769 0.045772 0.105532