2 0.417930 0.343270 0.090747 0.201171
0 0.529966 0.890854 0.140818 0.216319
0 0.650689 0.500673 0.074809 0.167227
0 0.466661 0.721928 0.124295 0.189428
2 0.757454 0.209505 0.059378 0.114386
2 0.024962 0.816478 0.049553 0.310825
2 0.466292 0.216658 0.053153 0.120397
2 0.867591 0.180184 0.056669 0.096410
0 0.668608 0.446420 0.080665 0.115972
2 0.955234 0.212737 0.073362 0.125413
0 0.808806 0.202476 0.032426 0.052663
0 0.599336 0.388518 0.060130 0.116089
0 0.641137 0.335844 0.038553 0.082898
0 0.797499 0.867906 0.137640 0.262351
2 0.435904 0.258312 0.068454 0.148947
1 0.798056 0.867975 0.138588 0.262480
0 0.680374 0.224091 0.040146 0.067579
2 0.536619 0.230430 0.040882 0.086383
0 0.536629 0.233949 0.040096 0.080121
0 0.623184 0.262692 0.033527 0.058177