0 0.638261 0.871010 0.156179 0.241344
0 0.452415 0.586462 0.104764 0.157290
2 0.436856 0.266876 0.070670 0.154525
2 0.101575 0.689986 0.177992 0.352366
2 0.917195 0.200222 0.069209 0.107420
0 0.552888 0.514880 0.080555 0.133322
2 0.770712 0.224635 0.065397 0.127029
0 0.583866 0.339907 0.048865 0.101493
0 0.833651 0.215603 0.039875 0.051293
0 0.535189 0.320722 0.050137 0.080574
0 0.513525 0.435239 0.070788 0.110127
0 0.701913 0.522543 0.077464 0.178403
2 0.477987 0.199763 0.045230 0.108568
2 0.454838 0.222593 0.057428 0.116502
0 0.680201 0.226109 0.039580 0.064322
0 0.720163 0.214444 0.037304 0.056104