2 0.333080 0.555673 0.161465 0.361506
2 0.878449 0.302851 0.109298 0.181142
0 0.590578 0.363125 0.064598 0.100571
0 0.539861 0.325171 0.057852 0.077204
2 0.469540 0.199715 0.054397 0.117827
0 0.433444 0.467263 0.062431 0.115371
0 0.628773 0.294217 0.041561 0.091913
0 0.752857 0.942488 0.139546 0.113028
0 0.805681 0.224606 0.047928 0.070248
0 0.772851 0.215329 0.028572 0.043133
0 0.721990 0.218216 0.043431 0.056814
0 0.683819 0.231979 0.038469 0.068875
0 0.596348 0.282301 0.033570 0.059353
0 0.520830 0.288246 0.053670 0.074589
2 0.358274 0.331238 0.085698 0.105056
1 0.584840 0.208160 0.050998 0.079989