0 0.256096 0.869961 0.127336 0.258442
0 0.575773 0.508160 0.089432 0.172507
0 0.538885 0.352951 0.055625 0.086047
0 0.700613 0.261915 0.044955 0.064796
0 0.984999 0.422707 0.029213 0.130271
4 0.063232 0.697124 0.040546 0.142003
0 0.806722 0.350796 0.063706 0.082120
0 0.922800 0.320862 0.063118 0.081534
3 0.064477 0.745703 0.031143 0.102647
0 0.812802 0.227871 0.037091 0.059931
0 0.875031 0.285253 0.048239 0.067736
0 0.480195 0.242485 0.036829 0.057201
2 0.492036 0.171946 0.044041 0.083479
0 0.984452 0.223998 0.030173 0.056754
0 0.975192 0.373822 0.049615 0.095057
0 0.854143 0.270583 0.044965 0.051378
2 0.535503 0.175751 0.037429 0.068896
2 0.580092 0.176767 0.036310 0.064748