2 0.445699 0.245054 0.068166 0.149725
0 0.139626 0.783769 0.156924 0.201181
0 0.600317 0.302959 0.050950 0.076877
0 0.912949 0.264707 0.045781 0.052706
2 0.489037 0.161496 0.044919 0.059066
0 0.538241 0.268564 0.046248 0.070298
4 0.102798 0.588512 0.028810 0.124216
0 0.730814 0.297691 0.054723 0.089569
0 0.983562 0.318381 0.032167 0.077932
0 0.844131 0.249168 0.056087 0.078101
2 0.504408 0.226805 0.045204 0.103135
0 0.745724 0.231894 0.037123 0.055804
0 0.805498 0.229869 0.035864 0.055957
0 0.675376 0.222013 0.037931 0.061081
0 0.593593 0.215791 0.029631 0.058342
2 0.616847 0.157792 0.036991 0.081338