2 0.265056 0.634946 0.199609 0.420732
2 0.396223 0.347192 0.098521 0.222172
0 0.651084 0.582258 0.113090 0.204568
0 0.700629 0.418223 0.073428 0.102016
0 0.832994 0.594665 0.101894 0.161521
2 0.738485 0.197408 0.067745 0.107728
4 0.301228 0.649434 0.039938 0.078258
0 0.533269 0.376183 0.061016 0.085254
0 0.616622 0.292094 0.045397 0.069197
1 0.817235 0.171730 0.055219 0.081784
1 0.871856 0.182497 0.054330 0.094897
1 0.933486 0.205695 0.071836 0.116864
2 0.873327 0.182421 0.055576 0.096903
0 0.681032 0.225872 0.038830 0.063542
0 0.603962 0.266605 0.045270 0.060404
2 0.817089 0.171857 0.055792 0.081429
0 0.463642 0.258719 0.048301 0.064022
2 0.933859 0.205166 0.072123 0.115427