2 0.263996 0.725669 0.226351 0.496995
0 0.636571 0.598816 0.096599 0.152183
0 0.410595 0.591564 0.086732 0.149206
2 0.404728 0.222374 0.055709 0.121009
0 0.503979 0.412630 0.061708 0.142687
0 0.653157 0.464826 0.077121 0.117251
2 0.737168 0.196908 0.070568 0.107858
4 0.303900 0.746574 0.048867 0.087401
0 0.632039 0.318990 0.050032 0.075068
0 0.670991 0.413484 0.078914 0.102364
0 0.531743 0.373580 0.059357 0.106662
2 0.847903 0.176732 0.053413 0.091280
0 0.539566 0.294101 0.048994 0.092955
0 0.440905 0.384724 0.067602 0.132048
0 0.614821 0.288951 0.048854 0.075136
4 0.947105 0.207604 0.017711 0.069805
0 0.680750 0.225497 0.039821 0.064901
1 0.847233 0.175993 0.052835 0.088405
1 0.805245 0.169825 0.043738 0.078940
0 0.672734 0.354116 0.070404 0.079480