0 0.246258 0.883666 0.130846 0.230957
0 0.538993 0.360010 0.056364 0.086850
0 0.579801 0.528116 0.094270 0.180596
0 0.983501 0.409859 0.032203 0.130644
0 0.699078 0.258690 0.044565 0.064612
0 0.918754 0.317812 0.061562 0.078868
0 0.871510 0.281303 0.048159 0.065775
4 0.059807 0.699649 0.039664 0.139576
0 0.798099 0.343624 0.063533 0.076442
0 0.972589 0.540567 0.054206 0.121967
0 0.812247 0.229184 0.037517 0.058512
0 0.479622 0.245565 0.036819 0.056779
0 0.983853 0.223452 0.031498 0.055167
0 0.972526 0.370798 0.053972 0.088107
2 0.492300 0.172037 0.044522 0.083834
3 0.060072 0.755403 0.031571 0.107013
0 0.964916 0.295350 0.049204 0.062564
1 0.491954 0.172032 0.045060 0.083636
1 0.579377 0.177204 0.037807 0.065198
0 0.537270 0.191601 0.033382 0.041136