0 0.440087 0.752687 0.231538 0.182399
0 0.282978 0.145845 0.033252 0.056182
0 0.200793 0.546964 0.127773 0.182526
0 0.669128 0.532702 0.097809 0.136550
0 0.027474 0.369583 0.054947 0.102750
0 0.678459 0.409399 0.064558 0.105105
0 0.023313 0.188096 0.036453 0.055728
0 0.575998 0.374064 0.058805 0.103936
0 0.470541 0.114500 0.031281 0.042836
0 0.423873 0.110324 0.027317 0.043089
0 0.530327 0.221669 0.047890 0.067092
0 0.549210 0.267363 0.051608 0.075453
3 0.789654 0.572746 0.035614 0.087796
0 0.592804 0.150277 0.040992 0.045242
0 0.613445 0.435491 0.092154 0.158695
3 0.863906 0.595353 0.042224 0.098852
0 0.910134 0.517258 0.098766 0.132944
0 0.541036 0.173218 0.039873 0.057583
4 0.781759 0.443852 0.030276 0.092281
0 0.623657 0.270363 0.059103 0.073733
4 0.866373 0.540241 0.040939 0.140549
1 0.185749 0.117656 0.048020 0.103895
1 0.613370 0.434596 0.091641 0.160719
0 0.381049 0.118355 0.036140 0.057218
4 0.790073 0.531527 0.033496 0.091844
4 0.789168 0.517736 0.030954 0.064102