0 0.216896 0.653714 0.175338 0.162247
0 0.276808 0.120581 0.029912 0.051262
0 0.693684 0.436691 0.076586 0.112369
0 0.023010 0.313915 0.045735 0.088632
0 0.128644 0.470719 0.099118 0.157975
0 0.569333 0.293417 0.056273 0.082980
0 0.547903 0.242431 0.050407 0.072790
0 0.434549 0.122559 0.029825 0.044936
0 0.670561 0.534231 0.100105 0.137193
0 0.017078 0.164487 0.033771 0.050193
0 0.561949 0.194189 0.043545 0.063217
3 0.801606 0.588793 0.035118 0.100311
1 0.615001 0.434841 0.091256 0.159603
3 0.879117 0.611373 0.039916 0.103100
0 0.487494 0.128567 0.031476 0.045256
0 0.665264 0.175736 0.049536 0.048106
1 0.647380 0.276432 0.066490 0.113648
1 0.189545 0.100045 0.043198 0.102607
0 0.901813 0.516502 0.115725 0.134853
4 0.882692 0.560654 0.034224 0.127121
0 0.582552 0.381248 0.059222 0.102122
0 0.397530 0.125405 0.027493 0.054648