0 0.266873 0.679655 0.190335 0.168374
0 0.023931 0.326110 0.047139 0.089408
0 0.689701 0.430642 0.072460 0.110881
0 0.277907 0.126649 0.031027 0.049382
0 0.143846 0.488004 0.103749 0.162299
0 0.018918 0.170237 0.034366 0.049910
0 0.670532 0.534464 0.100419 0.137751
3 0.799242 0.589421 0.034949 0.092478
0 0.579172 0.380954 0.056296 0.102297
0 0.563346 0.287874 0.054009 0.082933
0 0.482593 0.125852 0.033237 0.044025
0 0.557062 0.186354 0.039448 0.061975
3 0.874167 0.611229 0.041550 0.093799
0 0.431760 0.120969 0.029021 0.042906
0 0.544743 0.237481 0.052616 0.070762
1 0.188060 0.103564 0.046713 0.102753
1 0.641579 0.269609 0.064184 0.113157
4 0.878662 0.556763 0.037460 0.139403
0 0.901373 0.516608 0.116626 0.134494
1 0.615079 0.436242 0.090993 0.158089
0 0.645026 0.170563 0.048238 0.046075
0 0.614850 0.435336 0.091809 0.159053
0 0.641113 0.269630 0.064405 0.112363
1 0.236161 0.230968 0.044943 0.104398