0 0.060645 0.419062 0.121289 0.157500
0 0.286875 0.401250 0.101250 0.099375
0 0.460397 0.408094 0.098560 0.134437
4 0.631019 0.405562 0.015820 0.069375
0 0.658547 0.405937 0.049359 0.084375
0 0.616359 0.402375 0.010547 0.056250
0 0.604599 0.399844 0.008437 0.039375
0 0.595107 0.394219 0.006328 0.035625
0 0.589834 0.389531 0.006328 0.026250
0 0.581396 0.388594 0.008437 0.024375
0 0.542900 0.391406 0.011602 0.037500
0 0.536572 0.392344 0.007383 0.039375
0 0.523916 0.397969 0.024258 0.050625
0 0.512842 0.407344 0.025312 0.054375
0 0.573222 0.391406 0.007383 0.018750
4 0.717846 0.412500 0.014502 0.075000
0 0.715209 0.398437 0.061963 0.056250