0 0.601969 0.365423 0.009560 0.019424
0 0.616310 0.366637 0.013658 0.021853
0 0.637479 0.406700 0.020487 0.024281
0 0.608115 0.378777 0.013658 0.021853
0 0.619724 0.375135 0.015024 0.019424
0 0.585580 0.407914 0.020487 0.021853
0 0.548704 0.409128 0.025950 0.019424
0 0.512784 0.395465 0.010378 0.016379
0 0.461293 0.405486 0.031413 0.026709
0 0.417588 0.421268 0.031413 0.038849
1 0.565093 0.395774 0.020487 0.036421
1 0.740596 0.412770 0.030047 0.021853
0 0.042510 0.404098 0.083313 0.063130
0 0.120360 0.401670 0.053266 0.058273
0 0.506964 0.405897 0.011353 0.017940