2 0.559809 0.327293 0.019137 0.047631
2 0.577416 0.320489 0.022199 0.080292
2 0.619136 0.313685 0.068895 0.112954
1 0.835160 0.279565 0.232712 0.345665
0 0.699972 0.340630 0.071957 0.110232
0 0.650215 0.325660 0.056647 0.110232
0 0.486475 0.342944 0.006889 0.012248
0 0.502550 0.334778 0.009951 0.020413
0 0.471165 0.344985 0.026792 0.048992
0 0.396337 0.349068 0.029089 0.043548
0 0.098749 0.421195 0.197499 0.182359
0 0.536002 0.370842 0.070426 0.099345
0 0.495048 0.338861 0.017606 0.029940
0 0.437636 0.359274 0.066598 0.100706
0 0.297195 0.408708 0.228884 0.277825