0 0.453037 0.423515 0.017139 0.025781
0 0.435240 0.422343 0.023730 0.028125
0 0.419419 0.428203 0.021094 0.039844
0 0.404258 0.436406 0.025049 0.037500
0 0.161680 0.425859 0.072510 0.072656
0 0.534776 0.416484 0.009229 0.021094
0 0.523570 0.417656 0.013184 0.018750
0 0.645518 0.461015 0.090967 0.105469
0 0.734507 0.475078 0.126562 0.133594
0 0.369322 0.430547 0.058008 0.086719
0 0.476109 0.425859 0.023730 0.035156
0 0.286924 0.462187 0.096240 0.093750
1 0.603330 0.422343 0.143701 0.107812
1 0.877408 0.438531 0.244178 0.305124
0 0.050847 0.496172 0.101695 0.203906