1 0.304511 0.335940 0.159130 0.224653
0 0.713450 0.385863 0.059674 0.066564
0 0.566021 0.358822 0.019891 0.020801
2 0.587668 0.340100 0.009361 0.016641
0 0.614579 0.352581 0.011701 0.020801
0 0.623940 0.353621 0.011701 0.018721
0 0.636811 0.360902 0.016381 0.033282
0 0.657287 0.361942 0.029252 0.043683
0 0.819342 0.397304 0.074884 0.147689
0 0.912612 0.394184 0.172500 0.324499
0 0.544960 0.354661 0.015211 0.024961
0 0.580062 0.343221 0.010531 0.014561
4 0.145966 0.371302 0.024571 0.079045
4 0.442579 0.365062 0.014041 0.041602
4 0.467151 0.365062 0.009361 0.024961
0 0.008088 0.484669 0.014592 0.108166