0 0.421407 0.526663 0.008420 0.012248
0 0.458917 0.555922 0.016075 0.016331
0 0.446286 0.570212 0.026027 0.036744
0 0.425235 0.584501 0.028323 0.040827
0 0.490302 0.562046 0.013013 0.023135
0 0.504847 0.566810 0.014544 0.016331
0 0.515181 0.584501 0.012248 0.048992
0 0.386960 0.601512 0.063536 0.085736
0 0.037892 0.574294 0.075784 0.066683
0 0.082291 0.621925 0.164582 0.175554
0 0.543122 0.586542 0.052819 0.093901
0 0.484561 0.601512 0.056647 0.074849
0 0.254911 0.652545 0.220464 0.269456
0 0.664070 0.604914 0.074253 0.073488
4 0.878793 0.608997 0.025261 0.106149
4 0.796502 0.599471 0.013779 0.076210
4 0.783106 0.600151 0.014544 0.077571