4 0.356826 0.572895 0.012474 0.030493
4 0.550958 0.586755 0.009356 0.033265
0 0.441474 0.570354 0.007017 0.016632
0 0.448491 0.571047 0.014813 0.026335
0 0.431729 0.571740 0.018711 0.033265
0 0.403272 0.569661 0.014813 0.029107
0 0.388458 0.576591 0.010135 0.020791
0 0.329205 0.577977 0.031965 0.051283
0 0.500357 0.573888 0.018750 0.032017
0 0.376764 0.582135 0.017152 0.023563
0 0.418475 0.577284 0.022610 0.033265
0 0.466813 0.577284 0.030406 0.047125
0 0.142519 0.585046 0.063931 0.073460
4 0.103147 0.570493 0.019491 0.044353
4 0.125367 0.601678 0.021830 0.115041
1 0.521037 0.556494 0.028847 0.067916
0 0.621611 0.549563 0.130201 0.261961
1 0.239195 0.515606 0.157488 0.288296
1 0.821201 0.387813 0.354739 0.775626
0 0.063463 0.612628 0.126926 0.149692
0 0.004600 0.636191 0.009200 0.110883