4 0.805300 0.558280 0.027316 0.138399
4 0.859249 0.541284 0.025950 0.133543
4 0.886564 0.535214 0.028681 0.135971
4 0.911148 0.567992 0.025950 0.157824
4 0.773204 0.552210 0.028681 0.174820
4 0.953488 0.558280 0.025950 0.157824
4 0.975340 0.520645 0.015024 0.058273
4 0.975340 0.605627 0.042339 0.184533
4 0.039096 0.491509 0.013658 0.033993
4 0.053436 0.559494 0.025950 0.150540
4 0.015194 0.542498 0.015024 0.116547
4 0.035681 0.576491 0.028681 0.174820
4 0.654381 0.493937 0.015024 0.038849
4 0.637309 0.498793 0.013658 0.053417
4 0.592238 0.500007 0.008195 0.026709
0 0.318228 0.505643 0.035510 0.082554
0 0.405638 0.495931 0.010926 0.019424
0 0.402906 0.506857 0.008195 0.026709
0 0.389931 0.506857 0.023218 0.055845
0 0.424759 0.502001 0.024584 0.026709
0 0.425442 0.510500 0.025950 0.033993
0 0.481439 0.504429 0.009560 0.026709
0 0.497145 0.516570 0.030047 0.050989
0 0.510803 0.520212 0.038242 0.053417
0 0.536070 0.529924 0.042339 0.063130
0 0.559288 0.538422 0.066923 0.075270
0 0.457537 0.523854 0.054631 0.084982
0 0.356469 0.533566 0.071021 0.104407
0 0.170723 0.584555 0.215794 0.206385
4 0.288863 0.518998 0.015024 0.060701
4 0.109946 0.512928 0.015024 0.029137
4 0.745888 0.500007 0.017755 0.031565