0 0.090021 0.474421 0.178441 0.271707
0 0.452504 0.431744 0.056813 0.086776
0 0.215650 0.443836 0.162438 0.176396
4 0.384089 0.423209 0.017604 0.078240
4 0.505317 0.431744 0.015204 0.046944
4 0.596138 0.443125 0.019204 0.075395
0 0.356482 0.431744 0.031207 0.061170
0 0.398092 0.431033 0.023205 0.062592
0 0.412895 0.418941 0.016004 0.035564
0 0.782581 0.451660 0.104024 0.083930
0 0.865400 0.449526 0.079218 0.085353
4 0.815388 0.428899 0.019204 0.058325
1 0.506117 0.395469 0.053612 0.119494
4 0.576320 0.424423 0.012510 0.077842
4 0.337999 0.427759 0.013761 0.053377