0 0.026895 0.432053 0.053789 0.101250
0 0.122344 0.437411 0.021094 0.022500
0 0.153984 0.443036 0.025312 0.018750
0 0.192480 0.430178 0.020039 0.030000
0 0.209355 0.439553 0.017930 0.033750
0 0.233613 0.447053 0.039023 0.048750
0 0.083848 0.433928 0.032695 0.026250
0 0.301113 0.467411 0.074883 0.071250
0 0.349101 0.489911 0.065391 0.063750
0 0.403418 0.497411 0.095977 0.082500
0 0.807664 0.574286 0.342773 0.300000
4 0.596200 0.557411 0.097031 0.266250
0 0.172310 0.425913 0.033474 0.028904
0 0.109666 0.421663 0.026779 0.027204
0 0.142184 0.433564 0.022953 0.023804