4 0.058883 0.467260 0.038600 0.180915
4 0.111169 0.472250 0.032284 0.245795
4 0.977642 0.595772 0.026669 0.061137
4 0.623572 0.529644 0.006316 0.033688
4 0.615852 0.532763 0.006316 0.022458
4 0.560407 0.516419 0.006316 0.021211
0 0.104923 0.465076 0.055444 0.046164
0 0.592340 0.532451 0.033688 0.021211
0 0.568127 0.529956 0.020353 0.016220
0 0.035091 0.444489 0.037899 0.027449
1 0.011931 0.425774 0.023862 0.059889
0 0.988696 0.660651 0.022458 0.114787
0 0.813591 0.665642 0.350211 0.331885
0 0.295609 0.504565 0.106677 0.092329
0 0.172088 0.475869 0.072990 0.069871
0 0.452050 0.580553 0.245771 0.336632
2 0.170544 0.440434 0.096852 0.094824
1 0.033688 0.426086 0.021055 0.008734