0 0.200812 0.536250 0.031641 0.033750
0 0.176871 0.540000 0.020461 0.037500
0 0.144703 0.540000 0.048094 0.041250
0 0.412910 0.519187 0.009492 0.024375
0 0.419238 0.520125 0.009492 0.030000
0 0.427148 0.520125 0.010547 0.026250
0 0.436640 0.522000 0.014766 0.030000
0 0.449824 0.520125 0.015820 0.041250
0 0.468281 0.517312 0.031641 0.058125
0 0.507305 0.509812 0.067500 0.106875
0 0.103887 0.545625 0.062227 0.075000
0 0.036914 0.543750 0.073828 0.133125
0 0.763066 0.542812 0.196172 0.202500
0 0.919687 0.582187 0.157148 0.270000
0 0.344355 0.536250 0.147656 0.238125
0 0.231926 0.532500 0.032695 0.033750