0 0.187966 0.498793 0.117457 0.101979
0 0.361420 0.470870 0.071021 0.075270
0 0.453611 0.464800 0.066923 0.067986
0 0.131969 0.478154 0.054631 0.041277
0 0.246012 0.468442 0.042339 0.031565
0 0.286302 0.461158 0.040974 0.036421
0 0.314984 0.459944 0.024584 0.024281
0 0.328642 0.455088 0.021853 0.019424
0 0.403077 0.461158 0.036876 0.036421
0 0.485707 0.442947 0.024584 0.033993
1 0.508925 0.415025 0.035510 0.065558
1 0.421515 0.423523 0.043705 0.038849
1 0.463171 0.421095 0.023218 0.024281
0 0.534875 0.427165 0.010926 0.021853
0 0.547167 0.428379 0.013658 0.024281
0 0.558776 0.423523 0.012292 0.024281