4 0.690562 0.427731 0.018545 0.074614
0 0.618822 0.397365 0.015617 0.020823
0 0.614430 0.413849 0.020497 0.032969
0 0.605157 0.413849 0.019521 0.039910
0 0.681778 0.404306 0.040018 0.090231
0 0.715452 0.428599 0.037090 0.058997
0 0.725700 0.441613 0.034162 0.071144
0 0.759375 0.441613 0.072228 0.109319
0 0.809642 0.452024 0.092726 0.133612
0 0.492910 0.426863 0.017569 0.048586
0 0.461676 0.444216 0.070276 0.086761
0 0.316243 0.435540 0.054659 0.072879
0 0.379199 0.492802 0.137624 0.163110
0 0.154748 0.576732 0.307545 0.410790
0 0.548546 0.478052 0.130792 0.216902
0 0.894071 0.497140 0.206925 0.234254
0 0.646640 0.428599 0.049779 0.079820