0 0.195117 0.499375 0.018984 0.045000
0 0.169277 0.501250 0.024258 0.048750
0 0.143437 0.505000 0.040078 0.048750
0 0.105996 0.509687 0.053789 0.046875
0 0.374780 0.483437 0.016143 0.020625
0 0.390762 0.482500 0.013711 0.018750
0 0.403945 0.481562 0.012656 0.016875
0 0.415547 0.487187 0.012656 0.020625
0 0.426621 0.491875 0.013711 0.022500
0 0.436113 0.496562 0.015820 0.016875
0 0.489902 0.501250 0.013711 0.030000
0 0.495176 0.504062 0.013711 0.031875
0 0.513633 0.505937 0.018984 0.043125
0 0.529453 0.506875 0.029531 0.048750
0 0.775722 0.562187 0.150820 0.136875
0 0.564479 0.511864 0.061614 0.079979
0 0.456152 0.495312 0.026367 0.031875
0 0.248379 0.500000 0.108633 0.078750
0 0.029853 0.514068 0.059706 0.081886
0 0.907558 0.596875 0.182461 0.210000
0 0.307412 0.477650 0.013389 0.022103
0 0.322236 0.474249 0.014346 0.022103