4 0.601513 0.365361 0.010438 0.045361
0 0.520748 0.366274 0.009278 0.043299
0 0.513789 0.371429 0.011598 0.037113
0 0.430863 0.370398 0.008119 0.018557
0 0.425644 0.368336 0.011598 0.035052
0 0.415786 0.372460 0.019716 0.039175
0 0.331701 0.396171 0.037113 0.070103
0 0.306766 0.402356 0.042912 0.078351
0 0.274871 0.411635 0.062629 0.076289
0 0.178188 0.403505 0.131057 0.175258
0 0.386371 0.382887 0.034794 0.051546
0 0.479734 0.385979 0.061469 0.103093
2 0.549902 0.359175 0.055670 0.098969
0 0.087144 0.424124 0.095103 0.179381
0 0.054232 0.480090 0.108464 0.284536
0 0.841454 0.449162 0.313144 0.395876
0 0.971351 0.619266 0.053351 0.294845