1 0.159132 0.514488 0.318265 0.527244
1 0.022804 0.509173 0.045607 0.108425
0 0.324842 0.585709 0.034680 0.099921
0 0.351151 0.592087 0.027505 0.070157
0 0.364306 0.584646 0.022721 0.046772
1 0.366698 0.567638 0.041855 0.072283
1 0.390615 0.577205 0.013155 0.044646
0 0.399584 0.582520 0.009567 0.017008
0 0.409151 0.587835 0.019134 0.023386
0 0.431274 0.582520 0.022721 0.034016
0 0.462965 0.588898 0.040659 0.063780
0 0.543686 0.617599 0.127958 0.138189
0 0.622015 0.553819 0.083711 0.040394
0 0.709313 0.584646 0.234390 0.140315
0 0.858823 0.624475 0.275102 0.154200
0 0.964684 0.675997 0.065773 0.163701