0 0.015401 0.617773 0.029730 0.080800
4 0.745432 0.570508 0.014587 0.053390
0 0.899023 0.570508 0.022309 0.013729
0 0.885294 0.563644 0.008581 0.012203
0 0.880145 0.567458 0.008581 0.016780
0 0.868133 0.565932 0.008581 0.013729
0 0.862984 0.565169 0.008581 0.015254
0 0.825659 0.578135 0.006006 0.041186
0 0.776750 0.570508 0.012871 0.022881
0 0.728271 0.575085 0.010297 0.035085
0 0.709822 0.574322 0.030032 0.045763
0 0.525771 0.591102 0.063496 0.067119
4 0.366173 0.607119 0.018019 0.083898
4 0.980573 0.574745 0.020521 0.087245
0 0.243472 0.609407 0.170752 0.115932
0 0.584976 0.594915 0.066070 0.062542
0 0.673784 0.582712 0.048051 0.047288
0 0.800347 0.582712 0.042903 0.065593
0 0.948358 0.567857 0.054241 0.036735