4 0.087245 0.748652 0.032169 0.103980
4 0.243702 0.776380 0.015597 0.097048
4 0.933379 0.890758 0.045816 0.180231
0 0.737442 0.884692 0.176440 0.178498
0 0.877814 0.846566 0.080909 0.133440
0 0.809091 0.848299 0.062388 0.081451
0 0.950925 0.852632 0.028269 0.051990
0 0.980169 0.856964 0.038018 0.057189
1 0.784720 0.779846 0.083833 0.083184
1 0.444733 0.784468 0.035510 0.067008
0 0.317173 0.785912 0.033864 0.039859
0 0.294392 0.779846 0.015597 0.041592
1 0.314376 0.744320 0.032169 0.043325
0 0.410589 0.782529 0.030047 0.053417
0 0.393516 0.786171 0.012292 0.031565
0 0.384639 0.789813 0.019121 0.024281