4 0.342321 0.529592 0.041327 0.224082
4 0.447015 0.490102 0.008265 0.038571
4 0.436684 0.488265 0.008265 0.042245
4 0.711505 0.494694 0.008265 0.036735
4 0.708405 0.496531 0.006199 0.033061
4 0.413093 0.520408 0.015497 0.062449
4 0.462168 0.502959 0.012398 0.056939
0 0.668629 0.491020 0.040293 0.022041
0 0.578744 0.473571 0.019630 0.027551
0 0.513138 0.483673 0.016531 0.029388
0 0.493680 0.491633 0.029962 0.033061
0 0.526741 0.481531 0.011365 0.020204
0 0.551020 0.499898 0.033061 0.038571
0 0.618692 0.483367 0.050625 0.067959
0 0.759203 0.487959 0.073355 0.047755