4 0.431470 0.380665 0.011471 0.054381
4 0.450589 0.379305 0.013000 0.059819
4 0.459765 0.377946 0.009941 0.048943
4 0.543886 0.359592 0.013000 0.036707
4 0.554209 0.358912 0.012236 0.038066
4 0.613858 0.379985 0.019883 0.091088
4 0.628770 0.379305 0.020648 0.081571
4 0.659359 0.386103 0.016059 0.046224
4 0.691001 0.391128 0.034413 0.137311
4 0.913043 0.351685 0.019118 0.038066
0 0.360813 0.372650 0.015295 0.021752
2 0.376490 0.362454 0.013000 0.020393
0 0.349411 0.377584 0.013904 0.038789
0 0.332274 0.379985 0.037472 0.055740
0 0.195006 0.390861 0.022942 0.061178
0 0.163652 0.386103 0.058119 0.084290
0 0.096356 0.372508 0.104003 0.149547
0 0.262393 0.405136 0.122940 0.168580
0 0.373205 0.374600 0.019118 0.031269