4 0.987188 0.590944 0.024357 0.135000
4 0.939190 0.594765 0.031521 0.173208
4 0.972861 0.603680 0.050147 0.206321
4 0.600337 0.569293 0.008597 0.030566
4 0.550189 0.570567 0.008597 0.038208
4 0.542309 0.570567 0.010029 0.033113
4 0.126085 0.602406 0.048715 0.142642
4 0.060177 0.607501 0.022925 0.122264
4 0.047282 0.640614 0.028656 0.091698
4 0.245006 0.638067 0.020059 0.071321
4 0.223514 0.606227 0.031521 0.155377
0 0.404045 0.568019 0.020059 0.022925
0 0.383270 0.569293 0.027223 0.035660
0 0.336704 0.566746 0.028656 0.040755
0 0.290855 0.588397 0.100295 0.109528
0 0.165487 0.590944 0.118921 0.135000
0 0.058028 0.580755 0.116056 0.150283
0 0.464222 0.570567 0.028656 0.028019
2 0.512937 0.554010 0.045849 0.081510
0 0.582427 0.573114 0.041551 0.033113
0 0.536578 0.554010 0.018626 0.035660
0 0.486430 0.565472 0.018626 0.028019
0 0.654066 0.580755 0.070206 0.094245
0 0.712094 0.592218 0.101728 0.101887
4 0.709945 0.540000 0.010029 0.022925