4 0.852598 0.610164 0.022981 0.065724
4 0.828618 0.592401 0.022981 0.033750
4 0.796644 0.593289 0.014988 0.014211
4 0.771704 0.597477 0.007993 0.012434
4 0.739730 0.595700 0.011990 0.008882
0 0.461893 0.622543 0.049959 0.071053
0 0.390451 0.637642 0.100917 0.158092
0 0.686208 0.613662 0.030975 0.060395
0 0.795618 0.702477 0.191842 0.213158
2 0.571802 0.526622 0.187845 0.255789
0 0.309518 0.685602 0.166863 0.190066
0 0.611270 0.762872 0.298754 0.394342
0 0.116041 0.734451 0.232082 0.525789
0 0.185701 0.627343 0.055564 0.062388