0 0.525302 0.661979 0.024609 0.021875
0 0.498935 0.709635 0.033398 0.064062
0 0.490585 0.676042 0.030762 0.037500
0 0.444003 0.723698 0.076465 0.139062
1 0.429941 0.635156 0.087012 0.073437
0 0.367099 0.763281 0.156445 0.192187
4 0.976265 0.699951 0.014941 0.045312
4 0.951216 0.710107 0.024609 0.078125
4 0.906392 0.724170 0.021094 0.093750
4 0.888374 0.720264 0.014941 0.082812
4 0.851021 0.717920 0.019336 0.071875
4 0.794835 0.716181 0.020966 0.082361
4 0.782906 0.702295 0.007910 0.043750
4 0.765767 0.703857 0.008789 0.043750
4 0.754341 0.709326 0.012305 0.060937
4 0.742915 0.707764 0.010547 0.054687
4 0.732369 0.711670 0.012305 0.059375
4 0.716109 0.699170 0.009668 0.040625
4 0.708199 0.719482 0.016699 0.062500
0 0.960644 0.789062 0.077344 0.156250
0 0.594580 0.821094 0.245215 0.332812
0 0.159521 0.822656 0.319043 0.351562
4 0.276759 0.690219 0.012086 0.044761