4 0.891216 0.704122 0.023401 0.056163
4 0.866059 0.717643 0.024571 0.070724
4 0.849678 0.712443 0.019891 0.076965
4 0.833882 0.711403 0.018721 0.083205
4 0.818671 0.707242 0.023401 0.083205
4 0.775379 0.712443 0.021061 0.085285
4 0.756658 0.714523 0.018721 0.076965
4 0.727406 0.720763 0.014041 0.060324
2 0.512229 0.624993 0.110219 0.060155
2 0.290970 0.630278 0.339320 0.316179
0 0.632630 0.811249 0.259756 0.332820
0 0.144900 0.769646 0.289800 0.457627
0 0.929828 0.814369 0.138068 0.264176
0 0.499102 0.691464 0.081884 0.093582