0 0.302698 0.419537 0.014346 0.025504
0 0.318957 0.405085 0.014346 0.017003
0 0.320870 0.423788 0.020084 0.027204
0 0.339041 0.427189 0.025823 0.040806
0 0.383991 0.391483 0.031561 0.030605
0 0.405510 0.394884 0.013389 0.023804
0 0.401207 0.449292 0.098508 0.095214
0 0.209450 0.399134 0.091814 0.073111
0 0.187453 0.456943 0.175976 0.120718
0 0.264442 0.425488 0.020084 0.030605
0 0.972890 0.435690 0.030605 0.057809
0 0.897335 0.457793 0.082250 0.078212
0 0.016737 0.456943 0.033474 0.096914
0 0.260335 0.654078 0.329391 0.430826
0 0.843538 0.750662 0.312740 0.493073
0 0.769418 0.459918 0.147284 0.091814
2 0.446157 0.414522 0.039212 0.061209
4 0.485369 0.442576 0.016259 0.090113
4 0.618786 0.451927 0.017215 0.078212
4 0.032517 0.434075 0.011477 0.056108
4 0.972460 0.465529 0.032517 0.088413
4 0.919380 0.491883 0.023910 0.096914
4 0.871082 0.503785 0.019128 0.134320
4 0.890210 0.496984 0.034430 0.137720