2 0.818516 0.655331 0.329901 0.298609
2 0.618865 0.619570 0.109632 0.134106
2 0.402117 0.549834 0.046267 0.044702
2 0.477551 0.554305 0.018104 0.032185
0 0.534882 0.648006 0.078452 0.108727
0 0.425753 0.622252 0.075435 0.125166
0 0.316121 0.599901 0.093539 0.137682
0 0.146142 0.577550 0.139805 0.171656
0 0.231634 0.592748 0.071411 0.105497
0 0.265832 0.577550 0.041238 0.071523
0 0.469002 0.617781 0.031180 0.062583
0 0.497667 0.611523 0.032185 0.050066
0 0.370937 0.587384 0.042243 0.084040
0 0.469002 0.578444 0.015087 0.016093
4 0.026955 0.538212 0.020116 0.092980
4 0.055620 0.572185 0.027156 0.078675
4 0.005331 0.542682 0.009052 0.084040