4 0.318402 0.445987 0.024107 0.134694
4 0.302905 0.441395 0.029273 0.125510
4 0.280520 0.445221 0.022385 0.130102
4 0.238763 0.451344 0.028412 0.148469
4 0.241776 0.446752 0.025829 0.151531
4 0.260287 0.449813 0.028412 0.157653
4 0.213364 0.451344 0.037883 0.163776
4 0.175051 0.460528 0.049075 0.130102
4 0.143195 0.456701 0.043909 0.137755
4 0.117366 0.457466 0.035300 0.142347
4 0.094120 0.454405 0.023246 0.151531
4 0.094120 0.464354 0.047353 0.150000
4 0.033852 0.523283 0.066295 0.381123
0 0.806220 0.450579 0.193875 0.290816
0 0.899197 0.510596 0.199025 0.508810
0 0.523087 0.425792 0.406378 0.705613