4 0.087240 0.568981 0.030729 0.156481
4 0.212500 0.574537 0.037500 0.150926
0 0.856250 0.369907 0.066667 0.115741
4 0.076302 0.440741 0.025521 0.120370
0 0.765365 0.298611 0.056771 0.071296
4 0.141927 0.578704 0.032813 0.151852
0 0.933854 0.319907 0.062500 0.078704
0 0.441406 0.296296 0.039062 0.090741
0 0.496094 0.271759 0.044271 0.062037
4 0.253125 0.425000 0.022917 0.096296
2 0.389844 0.220370 0.058854 0.064815
0 0.871354 0.236574 0.032292 0.037963
1 0.492969 0.170370 0.048438 0.081481
0 0.789583 0.263889 0.046875 0.061111
0 0.839063 0.240741 0.042708 0.087037
0 0.933073 0.278704 0.073438 0.079630
0 0.713542 0.209259 0.033333 0.038889
0 0.679688 0.220370 0.034375 0.040741
0 0.463021 0.200926 0.036458 0.037037
