0 0.866953 0.704062 0.263672 0.403125
0 0.121289 0.560625 0.240469 0.382500
0 0.255762 0.531428 0.095977 0.168750
0 0.300058 0.507991 0.093867 0.140625
0 0.348574 0.499553 0.045352 0.108750
0 0.387598 0.495536 0.039023 0.048750
0 0.458789 0.495536 0.008437 0.018750
0 0.468281 0.503036 0.016875 0.030000
0 0.491484 0.502098 0.033750 0.061875
0 0.534199 0.528348 0.070664 0.103125
0 0.613828 0.555803 0.139219 0.180000
1 0.398672 0.481741 0.040078 0.076875
0 0.438750 0.497678 0.021094 0.033750
0 0.424512 0.488303 0.013711 0.022500