0 0.775182 0.950118 0.044387 0.066114
0 0.801574 0.950118 0.029991 0.053317
0 0.830366 0.943720 0.039588 0.091706
4 0.742792 0.931688 0.029991 0.131623
4 0.719999 0.950882 0.029991 0.093235
4 0.703803 0.908530 0.021594 0.076777
0 0.689408 0.905331 0.031191 0.074645
0 0.508262 0.842114 0.388685 0.310770
4 0.292326 0.915995 0.019194 0.078910
4 0.303122 0.931990 0.031191 0.123697
4 0.250938 0.921326 0.020394 0.110900
4 0.219747 0.934123 0.032390 0.110900
4 0.197554 0.923459 0.021594 0.098104
4 0.171761 0.921326 0.063581 0.153554
4 0.130974 0.918892 0.041988 0.157216
4 0.026005 0.870142 0.014396 0.034123
4 0.007004 0.865876 0.014008 0.059716
0 0.087187 0.950118 0.035989 0.070379
0 0.048392 0.955450 0.096784 0.085308
1 0.915122 0.696328 0.168750 0.602343