0 0.197250 0.595303 0.190233 0.253645
0 0.419839 0.551642 0.038203 0.066530
0 0.370721 0.555108 0.031965 0.048511
0 0.302113 0.561345 0.025728 0.049897
2 0.424517 0.514220 0.039762 0.058214
0 0.347722 0.558573 0.014034 0.036037
1 0.327061 0.539168 0.027288 0.058214
1 0.370332 0.522536 0.024949 0.016632
4 0.820967 0.525308 0.021830 0.135832
4 0.795238 0.536396 0.026508 0.119199
4 0.560565 0.531545 0.009356 0.048511
4 0.583954 0.533624 0.014034 0.049897
4 0.597988 0.535703 0.012474 0.048511
4 0.632682 0.537089 0.016373 0.056827