0 0.473472 0.538359 0.021094 0.039844
0 0.460948 0.539531 0.019775 0.037500
0 0.376573 0.543046 0.019775 0.030469
0 0.611240 0.534843 0.027686 0.042187
0 0.644859 0.540703 0.029004 0.049219
0 0.663041 0.544895 0.021644 0.057603
0 0.689024 0.544218 0.038232 0.065625
0 0.727915 0.541875 0.047461 0.079687
0 0.439854 0.538359 0.032959 0.039844
0 0.404258 0.544218 0.038232 0.046875
0 0.358116 0.546562 0.032959 0.037500
0 0.188047 0.560625 0.072510 0.060937
0 0.545982 0.573515 0.126562 0.194531
0 0.834043 0.609843 0.264990 0.234375
0 0.948740 0.582890 0.101514 0.194531
0 0.086534 0.551250 0.043506 0.046875