0 0.529980 0.489375 0.015820 0.042187
0 0.542505 0.491718 0.019775 0.065625
0 0.550415 0.497578 0.022412 0.077344
0 0.565576 0.508125 0.044824 0.098437
0 0.575463 0.517500 0.025049 0.121875
0 0.457470 0.503738 0.023730 0.072656
0 0.417920 0.530692 0.092285 0.178125
0 0.645336 0.509598 0.141064 0.225000
0 0.835180 0.445145 0.088330 0.096094
0 0.735825 0.599062 0.197754 0.271875
0 0.508447 0.441891 0.010547 0.015033
1 0.497202 0.439922 0.007910 0.030469
2 0.468771 0.460571 0.051243 0.123331
2 0.439673 0.424218 0.011865 0.044531
1 0.195867 0.425625 0.391734 0.851249
0 0.856455 0.650859 0.286084 0.442968