4 0.117515 0.557109 0.071191 0.236719
4 0.212437 0.544218 0.065918 0.234375
4 0.068077 0.548906 0.072510 0.225000
4 0.166954 0.512578 0.025049 0.128906
4 0.234849 0.509062 0.042187 0.140625
4 0.181456 0.503203 0.027686 0.147656
4 0.263853 0.509062 0.036914 0.117187
4 0.342295 0.495000 0.027686 0.126562
4 0.039732 0.509062 0.052734 0.145312
4 0.836680 0.445781 0.014502 0.042187
4 0.816904 0.450468 0.011865 0.023437
4 0.771421 0.452812 0.021094 0.032812
4 0.743076 0.450468 0.014502 0.046875
4 0.673862 0.465703 0.021094 0.039844
4 0.653428 0.498515 0.025049 0.100781
4 0.641563 0.495000 0.022412 0.098437
4 0.615855 0.468047 0.013184 0.049219
4 0.604649 0.472734 0.011865 0.053906
4 0.594102 0.468047 0.009229 0.039844
0 0.339659 0.477422 0.106787 0.077344
0 0.443150 0.445781 0.026367 0.018750
1 0.524229 0.464531 0.135791 0.098437
0 0.054143 0.496172 0.108287 0.105469
0 0.469517 0.608671 0.292676 0.311719
0 0.984995 0.723515 0.029004 0.199219
0 0.814268 0.578203 0.254443 0.222656
0 0.745054 0.463359 0.092285 0.072656
4 0.542481 0.460456 0.045816 0.071053