0 0.068237 0.571887 0.136473 0.180231
0 0.148171 0.567555 0.027295 0.064121
0 0.211046 0.576220 0.098456 0.102247
1 0.284156 0.547625 0.049715 0.103980
1 0.341461 0.545026 0.060995 0.119576
0 0.392848 0.574487 0.017547 0.032927
0 0.380662 0.573620 0.020471 0.038126
0 0.405033 0.570154 0.010723 0.020796
1 0.420142 0.561489 0.013647 0.034660
0 0.421117 0.573620 0.011698 0.041592
1 0.513236 0.567555 0.026320 0.074519
2 0.544387 0.571142 0.024283 0.053965
0 0.468883 0.598749 0.099430 0.164634
0 0.670668 0.631675 0.191062 0.272080
3 0.573187 0.609147 0.017547 0.050257
4 0.577086 0.577086 0.019496 0.069320
4 0.756938 0.598749 0.026320 0.095315
4 0.174978 0.551091 0.014622 0.038126