4 0.895825 0.483515 0.027686 0.147656
4 0.819360 0.486328 0.030322 0.138281
4 0.780468 0.472265 0.029004 0.133594
4 0.765966 0.472265 0.021094 0.110156
4 0.742236 0.478125 0.018457 0.098437
4 0.685028 0.470308 0.017420 0.096867
4 0.086352 0.522656 0.022412 0.117187
4 0.098218 0.515625 0.014502 0.121875
4 0.122607 0.521484 0.018457 0.091406
4 0.108765 0.523828 0.011865 0.110156
4 0.152270 0.516797 0.019775 0.100781
0 0.497680 0.480468 0.019775 0.051562
4 0.514819 0.481640 0.006592 0.049219
0 0.607763 0.510156 0.147656 0.210937
0 0.460547 0.507812 0.081738 0.117187
0 0.420337 0.490234 0.040869 0.086719
1 0.257739 0.448828 0.170068 0.325781
0 0.017798 0.619921 0.035596 0.302344
0 0.417920 0.491406 0.034277 0.084375
4 0.523256 0.478125 0.006592 0.046875