0 0.040589 0.502686 0.081177 0.097230
0 0.151646 0.512035 0.136730 0.112188
0 0.333075 0.519514 0.186163 0.201939
0 0.448244 0.506426 0.046278 0.056094
0 0.480323 0.498946 0.022087 0.041136
0 0.516609 0.499881 0.023139 0.031787
0 0.535014 0.502686 0.017880 0.022438
4 0.935212 0.566259 0.109384 0.332826
0 0.941522 0.549431 0.115694 0.089751
4 0.677003 0.527928 0.017880 0.080402
4 0.698564 0.521384 0.021035 0.093490
4 0.718548 0.519514 0.016828 0.074792
4 0.740635 0.513905 0.025242 0.078532
1 0.558679 0.492402 0.023139 0.065443
4 0.876839 0.519004 0.024191 0.100970