4 0.885459 0.547734 0.025049 0.100781
4 0.150474 0.593437 0.018457 0.042187
0 0.400962 0.566484 0.015820 0.039844
0 0.509068 0.551250 0.021094 0.046875
0 0.535435 0.573515 0.042187 0.063281
0 0.565098 0.566484 0.027686 0.053906
1 0.574326 0.527812 0.014502 0.028125
1 0.620469 0.486797 0.083057 0.063281
0 0.369981 0.594609 0.059326 0.091406
4 0.263194 0.571171 0.011865 0.039844
0 0.316587 0.640312 0.084375 0.131250
0 0.643540 0.592265 0.174023 0.208594
0 0.455674 0.634453 0.133154 0.227344
0 0.231553 0.697734 0.185889 0.227344
0 0.186729 0.845390 0.054053 0.194531
0 0.955332 0.848906 0.088330 0.300000