0 0.076522 0.517298 0.153045 0.112644
0 0.345569 0.480905 0.094556 0.074519
0 0.422092 0.462709 0.048740 0.069320
1 0.489974 0.447839 0.090922 0.067866
0 0.527858 0.394256 0.061413 0.050257
0 0.788132 0.491303 0.129649 0.147304
0 0.649222 0.444512 0.031194 0.029461
0 0.688702 0.435847 0.008773 0.032927
0 0.708685 0.430648 0.025345 0.029461
1 0.750115 0.411586 0.030219 0.043325
0 0.857344 0.422850 0.020471 0.027728
0 0.968631 0.446245 0.061732 0.067587
0 0.938740 0.440180 0.017547 0.048524
0 0.929967 0.439313 0.011698 0.039859
0 0.915832 0.423716 0.018521 0.019063
0 0.911933 0.409853 0.018521 0.019063
0 0.898285 0.415918 0.008773 0.020796
1 0.560484 0.445547 0.097559 0.058594