0 0.158406 0.650738 0.147196 0.136906
0 0.593658 0.608280 0.077985 0.110911
0 0.275871 0.610013 0.079934 0.103980
0 0.320712 0.603081 0.035093 0.069320
0 0.352880 0.593550 0.037043 0.053723
3 0.381150 0.594416 0.017547 0.031194
0 0.403083 0.583152 0.024370 0.032927
0 0.424529 0.577953 0.012673 0.025995
0 0.438176 0.577953 0.008773 0.019063
0 0.449874 0.571887 0.008773 0.013864
0 0.460109 0.570154 0.007798 0.006932
1 0.477168 0.566688 0.008773 0.017330
0 0.550766 0.598749 0.031194 0.060655
0 0.539556 0.591817 0.032169 0.067587
0 0.518598 0.587484 0.017547 0.034660
0 0.508362 0.578819 0.014622 0.027728
0 0.498614 0.576220 0.010723 0.019063
0 0.492278 0.569288 0.005849 0.022529