4 0.249338 0.354508 0.015546 0.074409
4 0.315709 0.358760 0.014350 0.036142
4 0.308534 0.363012 0.014350 0.044646
4 0.228410 0.366201 0.021526 0.106299
4 0.203297 0.367264 0.021526 0.108425
4 0.080721 0.358760 0.046639 0.146693
4 0.843385 0.460807 0.064577 0.223228
4 0.550995 0.377894 0.008371 0.044646
4 0.543222 0.381083 0.007175 0.029764
4 0.530068 0.381083 0.009567 0.038268
4 0.521099 0.378957 0.008371 0.034016
0 0.427821 0.380020 0.013155 0.023386
0 0.417955 0.376831 0.010763 0.021260
0 0.440677 0.373642 0.013155 0.027638
0 0.456821 0.367264 0.023917 0.053150
0 0.463996 0.377894 0.019134 0.031890
0 0.474161 0.380020 0.013155 0.027638
0 0.482532 0.378957 0.015546 0.042520
0 0.406595 0.378957 0.014350 0.029764
0 0.392244 0.372579 0.021526 0.051024
0 0.382677 0.373642 0.019134 0.048898
0 0.368327 0.388524 0.033484 0.074409
0 0.502264 0.380020 0.031093 0.044646
1 0.395832 0.353445 0.023917 0.038268
1 0.410182 0.358760 0.009567 0.014882
1 0.603913 0.398091 0.098061 0.136063
0 0.942001 0.584190 0.112411 0.248740
4 0.977279 0.519348 0.041855 0.501732