0 0.479021 0.506900 0.009748 0.012131
1 0.496567 0.506900 0.021446 0.032927
1 0.510702 0.526829 0.014622 0.038126
0 0.419898 0.512099 0.008773 0.013864
0 0.419411 0.517298 0.011698 0.013864
0 0.409176 0.529429 0.012673 0.017330
0 0.390654 0.524230 0.010723 0.017330
0 0.388217 0.535494 0.011698 0.019063
0 0.373108 0.537227 0.014622 0.019063
0 0.205928 0.551091 0.029244 0.043325
0 0.323809 0.556290 0.024370 0.045058
0 0.979367 0.580552 0.033143 0.038126
0 0.750287 0.567555 0.031194 0.043325
0 0.597730 0.568421 0.016572 0.024262