4 0.287938 0.439010 0.017569 0.048586
4 0.269393 0.453759 0.021473 0.095437
4 0.180571 0.437275 0.017569 0.062468
4 0.140546 0.508419 0.056598 0.294987
4 0.144945 0.501478 0.096630 0.270694
4 0.096142 0.515360 0.094678 0.322750
4 0.852588 0.500610 0.028306 0.098907
4 0.832579 0.492802 0.019521 0.076350
4 0.812082 0.508419 0.027330 0.090231
4 0.654448 0.461568 0.010737 0.027763
2 0.501207 0.445951 0.032210 0.062468
0 0.522192 0.462435 0.009761 0.026028
0 0.530489 0.467641 0.008785 0.029499
0 0.541225 0.467641 0.026354 0.036440
0 0.582220 0.471979 0.034162 0.062468
1 0.633463 0.453759 0.083941 0.123200
0 0.704715 0.502345 0.160074 0.109319
0 0.402625 0.437275 0.016593 0.038175
0 0.388960 0.446819 0.022449 0.039910
0 0.367487 0.448554 0.028306 0.039910
0 0.340157 0.452024 0.026354 0.060733
0 0.310875 0.454627 0.053683 0.069409
1 0.446547 0.426863 0.081013 0.159640
0 0.063932 0.468509 0.127864 0.135347