0 0.062227 0.474375 0.124453 0.082500
0 0.520594 0.388125 0.010547 0.018750
0 0.511101 0.393750 0.014766 0.018750
0 0.506883 0.401250 0.016875 0.018750
0 0.493172 0.412500 0.018984 0.033750
0 0.487371 0.414375 0.015820 0.041250
0 0.465750 0.418125 0.035859 0.056250
0 0.527449 0.384375 0.009492 0.015000
0 0.548015 0.384375 0.008437 0.015000
0 0.442441 0.430312 0.035648 0.061875
0 0.573855 0.401250 0.015820 0.026250
0 0.577547 0.403125 0.018984 0.030000
0 0.587039 0.402187 0.021094 0.031875
0 0.603914 0.415312 0.037969 0.058125
0 0.618152 0.426562 0.049570 0.061875
0 0.673523 0.403125 0.059062 0.037500
0 0.671941 0.395625 0.058008 0.030000
0 0.640301 0.400312 0.013711 0.028125
1 0.565840 0.385312 0.024258 0.050625
0 0.008437 0.506250 0.016875 0.060000
0 0.942785 0.447187 0.110742 0.110625
1 0.919582 0.418125 0.070664 0.101250
4 0.767918 0.459375 0.028477 0.146250
0 0.411117 0.447187 0.054844 0.069375
0 0.554238 0.481875 0.104414 0.142500