0 0.435445 0.465869 0.008608 0.013602
0 0.430663 0.469270 0.010520 0.017003
0 0.419187 0.473520 0.020084 0.035705
0 0.384278 0.479471 0.013389 0.034005
0 0.489960 0.469270 0.010520 0.020403
0 0.494264 0.471820 0.011477 0.018703
0 0.498567 0.472670 0.010520 0.023804
0 0.506218 0.477771 0.012433 0.023804
0 0.510522 0.476921 0.011477 0.025504
0 0.517695 0.477771 0.014346 0.034005
0 0.524390 0.479471 0.016259 0.037406
1 0.452852 0.452607 0.027735 0.041486
1 0.476092 0.460769 0.013389 0.023804
0 0.543996 0.481172 0.038256 0.047607
0 0.452660 0.478621 0.029648 0.042506
0 0.400537 0.478621 0.032517 0.042506
0 0.370689 0.482872 0.035213 0.047607
4 0.349083 0.483722 0.011477 0.039106
4 0.782807 0.510683 0.031561 0.120718
4 0.751007 0.516877 0.021041 0.066310
4 0.674017 0.489673 0.020084 0.076511
4 0.807912 0.513476 0.018171 0.110516