4 0.920559 0.352926 0.014725 0.028047
4 0.406508 0.365080 0.015776 0.063573
4 0.508529 0.280004 0.007362 0.020568
4 0.495382 0.363210 0.012621 0.022438
4 0.482761 0.314595 0.008414 0.029917
4 0.598455 0.373494 0.031553 0.114058
4 0.645785 0.377234 0.035760 0.114058
4 0.760953 0.366950 0.011569 0.056094
4 0.783040 0.388452 0.024191 0.095360
4 0.846146 0.399671 0.030501 0.106579
0 0.526146 0.383778 0.075727 0.052355
0 0.404930 0.382843 0.027346 0.039266
0 0.345505 0.395932 0.114643 0.177632
0 0.612654 0.276264 0.026294 0.024307
0 0.580049 0.277199 0.013673 0.014958
0 0.563221 0.279069 0.011569 0.011219
0 0.565324 0.268785 0.009466 0.016828
0 0.933092 0.425693 0.131471 0.145845
0 0.208425 0.427563 0.268200 0.306648
4 0.498187 0.299792 0.006311 0.026177