0 0.466526 0.436785 0.006428 0.019589
0 0.455966 0.442499 0.011019 0.021221
0 0.446784 0.444947 0.009182 0.029383
0 0.403168 0.435153 0.050503 0.055502
1 0.351222 0.432588 0.066112 0.084885
0 0.258481 0.472582 0.073458 0.102842
0 0.316330 0.480744 0.095496 0.122430
0 0.112942 0.563180 0.224966 0.316687
0 0.559267 0.453926 0.032138 0.050605
0 0.565388 0.459686 0.018365 0.045707
0 0.583752 0.468664 0.029383 0.057134
0 0.619563 0.479275 0.071622 0.081620
0 0.710927 0.493150 0.144162 0.164873
0 0.507080 0.448096 0.057848 0.037545
0 0.483206 0.441566 0.017446 0.024486
4 0.936360 0.475193 0.044794 0.181197
0 0.950069 0.609432 0.097922 0.274244