4 0.157099 0.399872 0.045999 0.234240
4 0.100184 0.417890 0.039762 0.209292
4 0.470906 0.372151 0.032745 0.162166
4 0.757523 0.382200 0.031771 0.132366
4 0.964629 0.367576 0.040956 0.153298
4 0.335832 0.361062 0.021050 0.105339
4 0.225123 0.346509 0.010135 0.051283
1 0.914329 0.326412 0.112269 0.102567
4 0.538150 0.339579 0.004678 0.029107
4 0.508134 0.345123 0.008576 0.040195
4 0.517880 0.347202 0.009356 0.041581
4 0.733062 0.352053 0.017152 0.070688
4 0.816094 0.360369 0.017932 0.095637
4 0.785688 0.352053 0.019491 0.076232
4 0.714350 0.327105 0.012474 0.031879
4 0.835585 0.349974 0.013254 0.072074
4 0.772044 0.338886 0.007017 0.072074
4 0.761129 0.352053 0.014813 0.101181
4 0.496049 0.349281 0.011695 0.054055
4 0.631708 0.354132 0.009356 0.055441
4 0.646911 0.343044 0.010135 0.049897
4 0.549065 0.336114 0.004678 0.019405
4 0.542828 0.340965 0.006237 0.020791
0 0.568167 0.346509 0.028847 0.045739
0 0.625860 0.340965 0.031186 0.037423
0 0.614166 0.359676 0.046779 0.044353
0 0.591946 0.321560 0.007017 0.009702
0 0.304841 0.345816 0.160607 0.115041
0 0.103511 0.339352 0.204630 0.135379
4 0.005074 0.356257 0.010147 0.074008