0 0.484997 0.548151 0.012895 0.025472
0 0.453476 0.546368 0.012895 0.028019
0 0.435566 0.552736 0.014328 0.030566
2 0.413358 0.533633 0.041551 0.073868
0 0.402612 0.551463 0.034387 0.048396
0 0.371808 0.562925 0.047282 0.056038
0 0.346017 0.559104 0.021492 0.053491
0 0.311631 0.565472 0.061610 0.091698
0 0.247155 0.590180 0.124652 0.129906
0 0.169069 0.595274 0.074505 0.109528
0 0.073072 0.622019 0.146144 0.310755
0 0.842334 0.605463 0.313780 0.634246
4 0.647619 0.537453 0.017193 0.035660
4 0.611799 0.551463 0.011462 0.063679
4 0.621828 0.552736 0.017193 0.076415
4 0.582427 0.554010 0.015761 0.063679
4 0.568099 0.542548 0.012895 0.045849
4 0.558069 0.545095 0.010029 0.050943
0 0.500758 0.540000 0.027223 0.061132
0 0.470670 0.545095 0.030088 0.050943