4 0.162999 0.505547 0.025049 0.096094
4 0.182774 0.512578 0.011865 0.067969
4 0.368003 0.503203 0.018457 0.110156
4 0.352842 0.526640 0.017139 0.063281
3 0.083238 0.489140 0.029004 0.049219
0 0.331089 0.478593 0.047461 0.084375
0 0.313951 0.498515 0.042187 0.063281
0 0.445127 0.484453 0.014502 0.021094
0 0.431944 0.480937 0.014502 0.023437
0 0.421397 0.484453 0.017139 0.035156
0 0.532798 0.500859 0.015820 0.049219
0 0.551255 0.506718 0.034277 0.065625
0 0.491270 0.489140 0.077783 0.063281
1 0.389097 0.495000 0.068555 0.098437
0 0.264512 0.500859 0.083057 0.091406
0 0.590806 0.528984 0.071191 0.105469
0 0.983018 0.595781 0.032959 0.060937