0 0.453286 0.593550 0.021446 0.022529
0 0.464009 0.598749 0.011698 0.019063
0 0.486429 0.619545 0.019496 0.039859
0 0.493253 0.626477 0.021446 0.039859
0 0.502513 0.629942 0.020471 0.036393
0 0.512749 0.630809 0.023395 0.051990
0 0.524934 0.636008 0.026320 0.055456
0 0.540531 0.639474 0.030219 0.065854
0 0.561489 0.633408 0.042892 0.095315
0 0.602919 0.638607 0.092607 0.105712
0 0.421117 0.626477 0.035093 0.043325
0 0.406007 0.634275 0.028269 0.041592
0 0.376763 0.639474 0.049715 0.062388
0 0.327048 0.662003 0.053614 0.072786
0 0.271971 0.682799 0.052640 0.069320
0 0.137935 0.791977 0.273921 0.405520
4 0.773997 0.619545 0.023395 0.067587
4 0.729156 0.621278 0.027295 0.046791