0 0.443714 0.420883 0.017868 0.037059
0 0.524862 0.426177 0.016379 0.031765
0 0.302261 0.439412 0.074449 0.090000
0 0.215156 0.442059 0.114651 0.137647
1 0.498805 0.378088 0.038713 0.055588
4 0.986940 0.492794 0.016379 0.119118
4 0.974284 0.488824 0.014890 0.132353
4 0.945993 0.474265 0.017868 0.097941
4 0.955672 0.422647 0.004467 0.021176
4 0.960139 0.479118 0.019357 0.127059
4 0.931848 0.488383 0.019357 0.119118
0 0.423612 0.420000 0.025313 0.042353
0 0.627850 0.439853 0.035735 0.045000
4 0.377454 0.412059 0.007445 0.037059
4 0.383410 0.410736 0.007445 0.034412
4 0.400533 0.420000 0.008934 0.031765
4 0.651921 0.441177 0.013401 0.037059
0 0.559109 0.433236 0.016379 0.026471
0 0.543475 0.433236 0.020846 0.037059
0 0.496572 0.434559 0.058070 0.092647
0 0.750938 0.480442 0.151875 0.177353
0 0.337997 0.422206 0.074449 0.087353
0 0.873034 0.489706 0.104228 0.121765
0 0.089338 0.433677 0.178677 0.288530
4 0.460092 0.420000 0.008934 0.026471