0 0.472100 0.800063 0.129993 0.223238
0 0.204785 0.505424 0.155876 0.125443
0 0.739171 0.819056 0.158750 0.279642
0 0.379558 0.507407 0.082210 0.120402
0 0.642267 0.682575 0.119630 0.182937
0 0.524927 0.471697 0.077238 0.118804
1 0.891462 0.190575 0.055797 0.098544
0 0.620172 0.381517 0.061036 0.090463
0 0.448994 0.306743 0.050040 0.074835
0 0.639972 0.328934 0.052842 0.081674
0 0.795872 0.553357 0.099558 0.201147
0 0.519616 0.348709 0.057161 0.086689
2 0.738054 0.200657 0.071820 0.106386
2 0.477810 0.191279 0.044646 0.100057
0 0.598744 0.242762 0.043605 0.076941
0 0.845421 0.214353 0.038443 0.063806
1 0.477881 0.191299 0.045645 0.099326