0 0.088395 0.899961 0.176147 0.192517
0 0.290015 0.757659 0.104598 0.258052
0 0.560180 0.427139 0.070874 0.138277
0 0.533806 0.320127 0.052612 0.076078
0 0.863359 0.399344 0.068596 0.098304
0 0.709736 0.280399 0.047395 0.064497
4 0.085096 0.652438 0.035082 0.132506
0 0.816131 0.235446 0.036310 0.055371
0 0.895755 0.305453 0.053271 0.073826
0 0.481359 0.233192 0.033913 0.051543
0 0.950032 0.344301 0.065887 0.090216
0 0.987518 0.231773 0.024205 0.060509
0 0.869498 0.286774 0.043351 0.066132
3 0.084814 0.700532 0.027693 0.097016
2 0.491920 0.171250 0.040491 0.084250
1 0.536783 0.184617 0.030046 0.052157
1 0.581901 0.176471 0.032040 0.065349
0 0.790056 0.231683 0.026885 0.037634
0 0.988528 0.327307 0.022214 0.051888
0 0.904747 0.253207 0.037524 0.049426