0 0.282634 0.747164 0.117111 0.160220
0 0.161867 0.854427 0.138948 0.179366
0 0.307809 0.487640 0.094729 0.119478
0 0.782611 0.620899 0.084071 0.131721
0 0.211032 0.598811 0.104161 0.137248
0 0.524724 0.710418 0.081238 0.152926
0 0.816387 0.567516 0.066003 0.130284
0 0.361014 0.374885 0.087225 0.108673
0 0.027551 0.714965 0.054429 0.106255
0 0.106032 0.661216 0.120783 0.144565
0 0.699272 0.552753 0.071686 0.117080
0 0.583439 0.240404 0.081270 0.065860
0 0.598464 0.398846 0.055824 0.093856
0 0.677333 0.424853 0.053371 0.100865
1 0.518468 0.570022 0.064950 0.126969
0 0.608534 0.543146 0.056541 0.128422
0 0.748587 0.437265 0.045213 0.098872
4 0.347826 0.973062 0.024118 0.053876
0 0.159297 0.542900 0.113917 0.136540
4 0.420679 0.942621 0.021167 0.103821
0 0.312318 0.326765 0.076756 0.071223
0 0.663312 0.182834 0.051123 0.075134
4 0.390375 0.953540 0.028170 0.090276
0 0.494605 0.238263 0.068450 0.080272
0 0.662776 0.365706 0.047095 0.090781
2 0.193060 0.182074 0.119361 0.141280
4 0.340152 0.557708 0.030916 0.098470
0 0.361115 0.289683 0.089409 0.068566
0 0.074775 0.567591 0.098555 0.110459
4 0.895656 0.698302 0.022068 0.084687
3 0.854407 0.690383 0.027375 0.062224