0 0.071503 0.533779 0.141863 0.278357
0 0.237695 0.796623 0.169726 0.320282
0 0.450112 0.247002 0.152086 0.244986
0 0.329928 0.409176 0.177201 0.217395
0 0.076633 0.841464 0.153104 0.275034
0 0.800025 0.479174 0.186704 0.218837
0 0.151399 0.273366 0.147759 0.217336
0 0.582797 0.916957 0.155070 0.162920
4 0.767476 0.888025 0.064655 0.222748
4 0.294990 0.207901 0.046880 0.202364
0 0.151034 0.643187 0.172041 0.263724
4 0.680172 0.738179 0.060437 0.272845
4 0.744015 0.522838 0.039936 0.233844
4 0.138091 0.949876 0.054975 0.100248
4 0.895145 0.729646 0.042745 0.278392
4 0.590463 0.276689 0.038441 0.216787
4 0.409353 0.663399 0.060002 0.218437
4 0.777894 0.618491 0.035502 0.254523
4 0.755131 0.287917 0.056390 0.110958
0 0.352286 0.934952 0.162513 0.128973
4 0.953012 0.423963 0.081059 0.197152
4 0.560803 0.414934 0.042735 0.222255
3 0.027819 0.165948 0.055338 0.109889
4 0.702155 0.527806 0.048656 0.259053
4 0.930655 0.790859 0.051322 0.292779
4 0.604760 0.746951 0.061765 0.209529
3 0.041551 0.932759 0.082712 0.129843
4 0.631853 0.457088 0.029028 0.173822
0 0.120329 0.343266 0.160475 0.237578
0 0.228025 0.116561 0.108691 0.217462
0 0.315063 0.564152 0.149831 0.154142
0 0.041727 0.933450 0.083266 0.128215
4 0.779621 0.335183 0.053599 0.074822
4 0.390305 0.107134 0.046745 0.151470