0 0.137887 0.610076 0.136131 0.142726
0 0.641858 0.853921 0.134470 0.284916
0 0.595732 0.502067 0.064010 0.142335
0 0.062562 0.833977 0.125023 0.240580
0 0.280937 0.540398 0.109693 0.116018
0 0.321144 0.827094 0.166663 0.244293
0 0.574988 0.628807 0.062685 0.160947
0 0.811299 0.424274 0.058798 0.096096
1 0.768803 0.609257 0.093194 0.234638
0 0.228286 0.509691 0.083102 0.100936
0 0.390309 0.577460 0.092727 0.159449
0 0.878312 0.570715 0.101673 0.165603
0 0.037773 0.708416 0.075424 0.067925
0 0.626138 0.391853 0.049249 0.087679
0 0.942466 0.774717 0.114013 0.269514
1 0.499116 0.874825 0.112505 0.242832
4 0.135170 0.776529 0.032336 0.141488
4 0.901406 0.943883 0.052173 0.110002
0 0.331362 0.409809 0.062042 0.063989
0 0.370111 0.384111 0.056117 0.069323
4 0.871715 0.768198 0.048625 0.142861
1 0.786585 0.915109 0.114100 0.163386
0 0.499348 0.874924 0.112388 0.245571
0 0.281803 0.449710 0.062670 0.068966
0 0.786671 0.380443 0.048970 0.075974
3 0.265572 0.727824 0.056315 0.122255
3 0.869857 0.841225 0.051007 0.137088
2 0.714642 0.344873 0.042382 0.114280
1 0.714310 0.346312 0.042834 0.112346
0 0.542678 0.350825 0.048907 0.075084
0 0.300274 0.453087 0.103715 0.076234