4 0.966893 0.781977 0.040285 0.097800
0 0.261067 0.604436 0.094448 0.131829
0 0.268442 0.454824 0.058444 0.077807
0 0.410337 0.541082 0.055107 0.104608
4 0.081872 0.891284 0.058189 0.125513
0 0.300557 0.470158 0.040040 0.066055
1 0.528141 0.501258 0.055992 0.192592
0 0.643813 0.577113 0.060794 0.125183
0 0.475339 0.490487 0.034359 0.072052
0 0.439718 0.458447 0.039452 0.070619
0 0.561643 0.398614 0.037901 0.062222
2 0.487275 0.692181 0.064056 0.261272
0 0.344379 0.475053 0.058372 0.083717
1 0.487383 0.691931 0.064858 0.259249
1 0.584169 0.529054 0.041739 0.103777
4 0.900470 0.721300 0.029044 0.106177
0 0.377420 0.411387 0.032335 0.064935
1 0.215813 0.562980 0.081063 0.176315
0 0.500212 0.939635 0.089903 0.120730
0 0.215138 0.564894 0.084371 0.171016
4 0.017560 0.536783 0.010903 0.029422
3 0.881064 0.796351 0.088568 0.094996
1 0.643748 0.576693 0.061545 0.126077
3 0.313841 0.597193 0.025943 0.071190
0 0.596138 0.467100 0.042417 0.095045
0 0.584690 0.529859 0.042241 0.104966
0 0.343912 0.403088 0.039587 0.056488
3 0.300494 0.764964 0.038401 0.089847
3 0.331774 0.537653 0.026360 0.064218
0 0.082034 0.575770 0.059502 0.042726