2 0.461467 0.222831 0.058811 0.130400
0 0.755447 0.247749 0.039988 0.056096
0 0.546862 0.246706 0.040380 0.059954
0 0.594927 0.265385 0.041622 0.064701
0 0.942423 0.282258 0.051023 0.065206
0 0.254065 0.652285 0.111306 0.167456
4 0.077678 0.620541 0.030152 0.114605
0 0.683398 0.234702 0.039419 0.063112
0 0.816516 0.356865 0.075144 0.102326
0 0.858097 0.259087 0.048919 0.077033
0 0.911246 0.256819 0.037952 0.053918
0 0.724885 0.216928 0.035334 0.044972
0 0.985313 0.229329 0.028693 0.049712
2 0.490245 0.182193 0.042139 0.095441