0 0.541524 0.407758 0.065091 0.099448
0 0.607759 0.673807 0.115604 0.232817
0 0.758963 0.312748 0.053336 0.073831
0 0.913382 0.443529 0.081149 0.112235
4 0.024002 0.758821 0.045723 0.163032
0 0.891831 0.295870 0.055865 0.074637
0 0.690906 0.249489 0.042210 0.059726
0 0.471304 0.259551 0.040356 0.059267
0 0.973027 0.375359 0.053211 0.117012
0 0.852463 0.265098 0.042967 0.060427
0 0.828390 0.254994 0.036492 0.060548
2 0.492258 0.173715 0.048521 0.084543
0 0.947061 0.343530 0.056121 0.076493
0 0.935289 0.274221 0.040988 0.058297
0 0.807389 0.229753 0.029242 0.049447
0 0.987834 0.218772 0.023686 0.054501
1 0.667730 0.205499 0.036432 0.069317
3 0.026901 0.809396 0.034243 0.120444
1 0.584108 0.178532 0.029593 0.066813