0 0.221110 0.673175 0.110176 0.118484
0 0.193039 0.827077 0.136284 0.184151
0 0.618950 0.669255 0.069182 0.164618
0 0.292570 0.586795 0.078772 0.093971
0 0.405279 0.825403 0.111047 0.263177
0 0.374743 0.609758 0.061591 0.113407
0 0.488848 0.522646 0.034010 0.076626
0 0.450643 0.505131 0.032800 0.065379
0 0.681054 0.524894 0.053674 0.081328
0 0.614295 0.525719 0.039470 0.076741
0 0.751718 0.549694 0.075868 0.097561
0 0.775828 0.663768 0.091255 0.140522
0 0.338886 0.519549 0.056243 0.075166
1 0.865268 0.817461 0.144140 0.223357
2 0.507307 0.415801 0.029926 0.083798
0 0.831441 0.647869 0.103081 0.135446
0 0.564518 0.461334 0.026010 0.066723
0 0.644529 0.474213 0.033742 0.065347
0 0.864805 0.817903 0.144140 0.223814
0 0.475879 0.413033 0.019130 0.036119
0 0.241914 0.980304 0.094200 0.036292
0 0.444278 0.450992 0.024996 0.043947
0 0.372055 0.478747 0.045467 0.054785
4 0.021200 0.948012 0.042400 0.096415
0 0.988246 0.884933 0.022701 0.150562
0 0.393050 0.448557 0.031248 0.037152
1 0.957432 0.801027 0.084341 0.161680
1 0.595876 0.433111 0.027942 0.084319