0 0.185012 0.814817 0.079358 0.098403
0 0.617593 0.716513 0.058786 0.071240
0 0.590899 0.855325 0.083748 0.107256
0 0.687333 0.781916 0.071414 0.101952
0 0.748566 0.944622 0.099539 0.106135
0 0.796785 0.789216 0.062310 0.090879
0 0.273754 0.719559 0.060188 0.085956
0 0.754421 0.859665 0.073370 0.092725
0 0.251761 0.856494 0.080020 0.117496
0 0.673204 0.859503 0.058592 0.086640
0 0.596450 0.771660 0.060867 0.081121
0 0.121052 0.727571 0.062703 0.065333
0 0.543489 0.667163 0.041481 0.062740
0 0.029015 0.874397 0.057768 0.072106
0 0.860485 0.940185 0.099839 0.116420
0 0.062670 0.632630 0.059692 0.054691
0 0.780745 0.722144 0.064757 0.067565
0 0.625236 0.564435 0.023326 0.061500
0 0.887817 0.736966 0.070129 0.093842
0 0.357989 0.636909 0.067441 0.083926
0 0.407597 0.652288 0.052203 0.070310
0 0.513243 0.412713 0.024130 0.037975
0 0.337322 0.572450 0.055137 0.055784
0 0.367188 0.643184 0.050305 0.080434
0 0.706274 0.624701 0.035285 0.049105
0 0.293514 0.769357 0.063152 0.089208
0 0.473817 0.443689 0.039643 0.042967
0 0.606512 0.526456 0.024519 0.050827
0 0.493797 0.554721 0.036318 0.053729
0 0.486661 0.376086 0.020751 0.033106
2 0.608180 0.317379 0.045327 0.065458
4 0.971624 0.828366 0.016450 0.058643
0 0.148691 0.937708 0.096475 0.120663
2 0.692266 0.584585 0.056184 0.120285