0 0.621275 0.848210 0.061083 0.074132
0 0.745475 0.819229 0.065362 0.085609
0 0.348203 0.813644 0.057885 0.081332
0 0.244114 0.900954 0.067818 0.088583
0 0.690509 0.916759 0.073699 0.102523
0 0.057244 0.778021 0.062052 0.054136
0 0.474707 0.671436 0.046909 0.065608
0 0.110968 0.875070 0.059157 0.070899
0 0.600389 0.908234 0.062094 0.082543
0 0.294091 0.816053 0.055134 0.068048
0 0.516833 0.665860 0.038431 0.057177
2 0.605398 0.445246 0.042776 0.073350
1 0.896128 0.864749 0.071258 0.092051
1 0.112211 0.946373 0.092788 0.107254
0 0.625837 0.639238 0.021359 0.047221
0 0.448078 0.737025 0.043787 0.064895
0 0.049777 0.855805 0.059304 0.050128
0 0.763052 0.973302 0.073846 0.052182
2 0.112516 0.945611 0.091728 0.108778
0 0.568478 0.629760 0.032934 0.050108
0 0.181384 0.773014 0.062900 0.059730
0 0.810144 0.795367 0.056566 0.082453
0 0.656064 0.641055 0.022900 0.050745