2 0.416473 0.323716 0.084689 0.193677
0 0.523762 0.336637 0.055016 0.076621
2 0.968637 0.427368 0.061573 0.253974
0 0.613571 0.434161 0.071179 0.107940
0 0.872712 0.258917 0.038766 0.042415
0 0.937326 0.295406 0.057379 0.065325
2 0.478346 0.196555 0.049172 0.093410
0 0.824767 0.256510 0.054482 0.069207
4 0.084411 0.560585 0.025116 0.111094
0 0.988331 0.255160 0.022560 0.050040
0 0.706511 0.270339 0.045360 0.081266
0 0.600956 0.252878 0.030533 0.069108
0 0.725405 0.237171 0.046104 0.057919
0 0.665653 0.234024 0.037195 0.053755
1 0.574245 0.205717 0.038988 0.074373
0 0.518556 0.276087 0.049510 0.076742
0 0.579057 0.247253 0.022385 0.053765
0 0.787889 0.237228 0.036485 0.054515