0 0.328091 0.645093 0.081379 0.109169
0 0.838449 0.896067 0.156732 0.204345
0 0.601466 0.606231 0.052839 0.110827
0 0.488465 0.452053 0.027477 0.050853
0 0.292037 0.587599 0.078519 0.090703
0 0.824997 0.661760 0.119395 0.151779
0 0.220686 0.678696 0.111496 0.128535
0 0.750736 0.560392 0.076829 0.107630
0 0.898719 0.859454 0.164285 0.244583
1 0.343599 0.852413 0.105384 0.226109
0 0.614733 0.501543 0.033077 0.061881
0 0.371503 0.483789 0.042077 0.053447
0 0.339214 0.523170 0.057408 0.070225
0 0.679785 0.550690 0.048327 0.082300
0 0.685483 0.557847 0.037244 0.067743
0 0.393578 0.453019 0.031836 0.037167
0 0.694147 0.492085 0.024858 0.043077
0 0.989672 0.892486 0.019880 0.143884
3 0.389858 0.666362 0.025054 0.073092