0 0.597747 0.875277 0.125104 0.194315
0 0.750029 0.923769 0.150262 0.147730
0 0.479276 0.424505 0.082631 0.108234
0 0.783932 0.620007 0.088205 0.131632
0 0.415701 0.334589 0.071430 0.099748
0 0.073146 0.705142 0.145892 0.190839
0 0.718293 0.245831 0.042745 0.078134
0 0.281701 0.608743 0.142324 0.154336
0 0.494138 0.239150 0.068160 0.080292
0 0.784797 0.505995 0.059044 0.123317
0 0.606852 0.420328 0.055379 0.117755
4 0.818793 0.718423 0.022274 0.102090
2 0.192454 0.180234 0.120921 0.140021
0 0.062099 0.583125 0.124199 0.187698
0 0.229887 0.516129 0.096202 0.100923
0 0.238749 0.841126 0.119513 0.140274
2 0.302197 0.146795 0.106736 0.108228
1 0.061795 0.582785 0.123589 0.184265
0 0.102800 0.393843 0.094679 0.097853
0 0.214217 0.598817 0.115137 0.119650
0 0.773065 0.312216 0.044392 0.083372
0 0.035598 0.525181 0.070863 0.102560