0 0.095318 0.849709 0.190067 0.229838
2 0.197494 0.556045 0.136676 0.281656
0 0.563109 0.534233 0.096935 0.139236
2 0.960561 0.216418 0.077335 0.124849
0 0.710998 0.709165 0.128898 0.222590
0 0.464893 0.424976 0.074415 0.110770
2 0.453354 0.236224 0.061911 0.130830
0 0.576109 0.392641 0.062700 0.099976
0 0.521206 0.339091 0.054728 0.081096
2 0.785983 0.240933 0.085395 0.142290
0 0.667104 0.404613 0.058731 0.140060
0 0.854002 0.229048 0.042140 0.047717
0 0.723376 0.216501 0.038824 0.054972
1 0.604194 0.243965 0.042633 0.105116
0 0.557040 0.281381 0.039121 0.086232
0 0.681319 0.224525 0.038858 0.066656
0 0.527659 0.267745 0.029438 0.059207
2 0.471972 0.193713 0.056441 0.107075