2 0.261232 0.702695 0.236758 0.487814
0 0.418520 0.580505 0.092424 0.145688
0 0.633666 0.578697 0.096325 0.146267
2 0.406743 0.222299 0.056143 0.119678
0 0.503802 0.406016 0.065061 0.136880
0 0.650791 0.452780 0.074470 0.115576
4 0.311875 0.721887 0.046958 0.087693
2 0.737553 0.197436 0.069615 0.107605
0 0.629860 0.315019 0.048245 0.075557
2 0.806990 0.170929 0.047450 0.078941
0 0.439425 0.379147 0.067164 0.132647
0 0.527469 0.366577 0.061884 0.112332
2 0.850310 0.177905 0.053549 0.093158
0 0.680906 0.225687 0.040414 0.064373
0 0.539559 0.291084 0.047893 0.091123
0 0.613837 0.283926 0.051118 0.076856
0 0.514693 0.310717 0.049363 0.051771
4 0.947566 0.207226 0.017198 0.068806
0 0.662916 0.402654 0.073952 0.099938