0 0.621443 0.851011 0.059168 0.071945
0 0.056442 0.778945 0.060579 0.055796
0 0.756983 0.833152 0.067982 0.088714
0 0.237115 0.908320 0.067472 0.090818
0 0.112504 0.877937 0.061882 0.069401
0 0.466753 0.678818 0.049417 0.067674
0 0.689443 0.920030 0.075247 0.101486
0 0.341565 0.820380 0.057850 0.081764
0 0.280950 0.830149 0.057985 0.067889
0 0.440212 0.744070 0.045117 0.065316
0 0.600188 0.910061 0.062296 0.083578
0 0.181373 0.773359 0.064570 0.067518
0 0.509425 0.673931 0.038876 0.056932
0 0.050539 0.857528 0.055803 0.047560
2 0.605859 0.447142 0.042825 0.078443
0 0.562265 0.636982 0.033260 0.052685
0 0.655182 0.645793 0.024459 0.052290
0 0.895283 0.868062 0.070714 0.095014
0 0.811228 0.796962 0.056163 0.083311
0 0.625224 0.645224 0.022953 0.050746
1 0.108141 0.947501 0.088656 0.104997
3 0.953920 0.961102 0.037126 0.056848