2 0.276350 0.713529 0.214868 0.471790
2 0.851080 0.281955 0.106550 0.169562
2 0.323245 0.393005 0.099019 0.176565
0 0.614009 0.412741 0.075280 0.119941
0 0.541744 0.356775 0.060506 0.087183
2 0.465383 0.212545 0.056574 0.108205
0 0.502159 0.312262 0.053245 0.075652
0 0.638931 0.313216 0.044323 0.099945
0 0.601682 0.301771 0.040822 0.076116
0 0.724196 0.220491 0.038764 0.047846
0 0.799163 0.216552 0.049497 0.071611
0 0.387056 0.546243 0.053596 0.133497
2 0.515969 0.160496 0.039232 0.095603
0 0.529145 0.271781 0.043970 0.061640
4 0.947227 0.209167 0.016350 0.067618
4 0.319177 0.716093 0.049876 0.092050
0 0.766588 0.205389 0.031446 0.048314
1 0.595202 0.215831 0.040479 0.084494