2 0.155746 0.829964 0.309696 0.337241
0 0.463592 0.522428 0.080932 0.178271
0 0.679414 0.909087 0.148417 0.180579
0 0.791214 0.541736 0.105449 0.147101
0 0.685917 0.608440 0.102431 0.164827
2 0.391815 0.239009 0.062242 0.128902
0 0.273064 0.702385 0.123098 0.157378
0 0.561015 0.446204 0.083756 0.145085
0 0.657456 0.382489 0.062540 0.096256
0 0.753168 0.453731 0.078621 0.123226
0 0.517741 0.386459 0.062621 0.104449
2 0.739064 0.198015 0.067426 0.106614
0 0.425500 0.451222 0.072469 0.159152
0 0.632621 0.336118 0.056223 0.082775
0 0.680809 0.225704 0.039326 0.064191
0 0.487052 0.245438 0.049826 0.066852
0 0.619471 0.290856 0.047291 0.076825
2 0.824739 0.172029 0.042386 0.081221
0 0.519129 0.308398 0.060301 0.061203
1 0.824386 0.172707 0.043567 0.081244