2 0.310104 0.601819 0.183148 0.357552
2 0.385078 0.369649 0.112421 0.227331
0 0.823941 0.617162 0.116796 0.168389
2 0.432486 0.263401 0.073428 0.159621
2 0.865311 0.181134 0.053448 0.099403
0 0.612399 0.367909 0.071779 0.118416
0 0.531310 0.303204 0.050069 0.067882
2 0.938213 0.206970 0.073558 0.117646
0 0.667843 0.355613 0.057080 0.086306
2 0.738584 0.198708 0.068623 0.106759
1 0.623342 0.728328 0.128500 0.352723
4 0.341093 0.594883 0.039326 0.073885
1 0.815594 0.172391 0.043871 0.081252
0 0.680871 0.226174 0.038300 0.063701
0 0.600643 0.239982 0.039335 0.060234
2 0.815945 0.171766 0.044363 0.079353
2 0.986801 0.242648 0.025946 0.136172
1 0.987720 0.243430 0.023792 0.135811
0 0.621219 0.296752 0.053478 0.073161
0 0.544499 0.240853 0.040833 0.071957