2 0.210933 0.535575 0.131990 0.266619
0 0.137009 0.817942 0.189050 0.221113
0 0.558096 0.506742 0.089613 0.128970
0 0.696167 0.660751 0.123914 0.204012
0 0.467947 0.409354 0.073407 0.107295
0 0.580199 0.381728 0.060864 0.093037
0 0.523041 0.330954 0.053507 0.078552
0 0.857055 0.231648 0.040470 0.047901
1 0.602748 0.239815 0.042979 0.101871
2 0.964934 0.218904 0.069025 0.123496
2 0.454422 0.234704 0.060076 0.127204
2 0.792723 0.245634 0.083431 0.144253
0 0.663444 0.393483 0.056701 0.130937
2 0.473520 0.188540 0.057157 0.101316
0 0.723712 0.217430 0.039063 0.052726
0 0.525753 0.265447 0.026701 0.055362
0 0.554479 0.275545 0.038107 0.081250
1 0.792566 0.245621 0.082938 0.143231