0 0.713643 0.665102 0.128441 0.221156
0 0.248747 0.491491 0.132785 0.127002
0 0.487874 0.650260 0.108637 0.177095
0 0.517112 0.420725 0.068474 0.107668
0 0.391122 0.448651 0.070826 0.104292
0 0.640982 0.575683 0.092895 0.153915
1 0.891163 0.189371 0.059818 0.097319
0 0.610782 0.346564 0.054615 0.080103
0 0.771915 0.452940 0.052775 0.106670
0 0.459539 0.287968 0.047816 0.068202
0 0.523221 0.319825 0.052075 0.081689
0 0.728404 0.476287 0.082396 0.165855
2 0.482297 0.187385 0.046120 0.097617
1 0.738583 0.202311 0.066529 0.104647
0 0.625092 0.305512 0.049772 0.074090
0 0.591941 0.234373 0.041192 0.065358
1 0.482509 0.187381 0.045667 0.095239
0 0.432562 0.972703 0.132996 0.049904
0 0.846398 0.215074 0.040139 0.064582
0 0.683773 0.229252 0.044729 0.066914
1 0.846084 0.215369 0.040440 0.064009