0 0.444822 0.248201 0.163880 0.246462
4 0.234094 0.791869 0.068310 0.296733
4 0.404807 0.893267 0.066223 0.209853
4 0.969569 0.700537 0.039626 0.253486
4 0.826409 0.526088 0.033709 0.175206
4 0.775635 0.659180 0.043063 0.272603
4 0.053147 0.118724 0.054781 0.225885
4 0.747020 0.582393 0.040084 0.242903
4 0.650794 0.636504 0.056771 0.247735
4 0.288938 0.139144 0.052334 0.203025
1 0.043032 0.833041 0.085312 0.302900
4 0.484960 0.887927 0.048660 0.217773
4 0.542246 0.269886 0.042384 0.217467
4 0.783169 0.310479 0.029031 0.125373
4 0.549706 0.902649 0.043597 0.194701
4 0.690601 0.630876 0.042614 0.232696
0 0.054958 0.594298 0.109547 0.209135
4 0.568362 0.505130 0.051443 0.212813
0 0.733157 0.916329 0.164915 0.162715
4 0.657933 0.456295 0.032878 0.177122
3 0.958821 0.505388 0.081208 0.155497
1 0.095368 0.937314 0.158450 0.122446
4 0.712972 0.540096 0.039674 0.195091
1 0.180904 0.653753 0.136821 0.438711
4 0.492380 0.717167 0.089223 0.244449
4 0.326592 0.170542 0.052830 0.205355
4 0.154717 0.049290 0.029830 0.092712