0 0.298934 0.584976 0.096249 0.146894
0 0.894681 0.407006 0.085026 0.125289
0 0.960933 0.296264 0.055050 0.067152
0 0.587571 0.248636 0.038320 0.056772
0 0.857630 0.259012 0.058201 0.079083
0 0.551698 0.233684 0.040263 0.058300
0 0.764198 0.254542 0.040527 0.059582
0 0.687431 0.243424 0.040630 0.066821
2 0.468380 0.210427 0.055814 0.124427
0 0.925639 0.266188 0.044186 0.054684
4 0.059913 0.648972 0.032944 0.114921
0 0.818246 0.240541 0.037781 0.057127
0 0.729849 0.220461 0.035762 0.046695
0 0.900528 0.249894 0.034772 0.050893
0 0.990351 0.243997 0.018717 0.044584
0 0.525312 0.208776 0.040741 0.078417
0 0.793537 0.222748 0.028947 0.047084