0 0.451395 0.866971 0.153286 0.240225
2 0.064296 0.796013 0.127931 0.394501
0 0.543387 0.699152 0.109393 0.177045
2 0.426992 0.307902 0.080183 0.181976
2 0.760644 0.214845 0.061123 0.118520
0 0.623416 0.416066 0.062083 0.140815
2 0.973563 0.230194 0.051861 0.132714
0 0.493891 0.579111 0.101776 0.147093
0 0.751986 0.702861 0.106918 0.241463
0 0.570405 0.387048 0.062299 0.095948
0 0.817809 0.209702 0.035672 0.047366
2 0.885136 0.186477 0.060721 0.098342
2 0.471443 0.203554 0.050031 0.102174
2 0.442281 0.234336 0.065043 0.119626
1 0.885198 0.186497 0.060073 0.097881
0 0.537732 0.234927 0.037920 0.059192
4 0.078756 0.398617 0.020226 0.096693
0 0.584221 0.253890 0.044426 0.075975
1 0.680986 0.225989 0.038597 0.066168
1 0.718193 0.204939 0.034179 0.076659
0 0.607161 0.311750 0.056536 0.074837