2 0.715352 0.791237 0.252634 0.407425
0 0.222180 0.673208 0.110175 0.118515
0 0.292985 0.587548 0.079159 0.096241
0 0.752436 0.558023 0.077075 0.106908
0 0.193458 0.822498 0.138204 0.176975
0 0.340130 0.521940 0.057640 0.071749
0 0.579044 0.575802 0.041989 0.118738
0 0.420360 0.520962 0.036433 0.074595
0 0.681300 0.525928 0.049844 0.074050
0 0.646181 0.477431 0.034695 0.065620
4 0.628575 0.556361 0.019006 0.067097
0 0.493599 0.396044 0.020964 0.032378
0 0.377588 0.785638 0.105450 0.221078
4 0.913346 0.796492 0.028596 0.107747
1 0.956427 0.830076 0.086138 0.216121
0 0.394235 0.449958 0.032056 0.034034
0 0.836550 0.762559 0.127500 0.190513
1 0.377588 0.785822 0.105879 0.220174
0 0.372902 0.476730 0.043906 0.050577
0 0.826312 0.648033 0.106621 0.126484
1 0.836997 0.762856 0.127793 0.191566
0 0.946165 0.964524 0.107132 0.069679