2 0.216056 0.586695 0.176909 0.352555
0 0.504358 0.669703 0.112720 0.249651
0 0.573893 0.567277 0.105121 0.182992
0 0.388201 0.469033 0.070166 0.141930
0 0.532648 0.395623 0.063126 0.097094
0 0.661994 0.478212 0.077737 0.115416
0 0.506071 0.946527 0.175686 0.102373
4 0.244469 0.580972 0.038207 0.071548
0 0.700403 0.406024 0.067585 0.094632
0 0.663726 0.369476 0.063989 0.090224
2 0.741206 0.200070 0.062264 0.108125
1 0.890475 0.188704 0.057750 0.095713
0 0.526403 0.329104 0.053157 0.084656
1 0.856197 0.222439 0.034384 0.068141
4 0.193025 0.588311 0.025979 0.078489
0 0.606970 0.331490 0.051971 0.093747
0 0.490121 0.295728 0.041856 0.071670
0 0.421447 0.422665 0.047332 0.097346
0 0.698132 0.247703 0.033331 0.051740
1 0.741907 0.200326 0.060881 0.107706
0 0.410957 0.423448 0.068045 0.098777
0 0.528817 0.263649 0.044333 0.053363
4 0.196718 0.591453 0.033614 0.087907