2 0.114579 0.764487 0.228788 0.461333
0 0.342474 0.566326 0.085842 0.198317
0 0.772570 0.505925 0.085415 0.126350
0 0.651633 0.730532 0.139771 0.242753
0 0.682826 0.592093 0.099557 0.149700
0 0.416981 0.511783 0.079365 0.134188
0 0.554012 0.476174 0.078969 0.122459
0 0.495121 0.861780 0.159400 0.273346
0 0.708804 0.440814 0.078150 0.113071
1 0.890778 0.187838 0.057531 0.099705
4 0.135033 0.785465 0.047396 0.092296
0 0.457462 0.332996 0.055089 0.078499
0 0.611589 0.392642 0.063588 0.105089
4 0.084489 0.395766 0.019719 0.096350
1 0.838799 0.211831 0.029773 0.062861
4 0.073033 0.798481 0.051070 0.105300
0 0.515052 0.382549 0.063496 0.100255
0 0.985597 0.263606 0.028156 0.076282
0 0.521130 0.297012 0.046749 0.065013
1 0.744171 0.200272 0.053904 0.105453
1 0.762688 0.167746 0.064662 0.094349
0 0.615539 0.295127 0.046284 0.076838
0 0.638682 0.351310 0.056510 0.085538
0 0.693077 0.239369 0.034300 0.047990