2 0.285080 0.588483 0.184620 0.385731
2 0.401653 0.335936 0.093740 0.201546
0 0.645581 0.542072 0.104001 0.186247
0 0.807288 0.545260 0.094103 0.147766
0 0.682434 0.395600 0.068924 0.100670
0 0.533900 0.357092 0.060053 0.102864
2 0.941625 0.209015 0.074781 0.121235
0 0.615571 0.282852 0.045108 0.071046
2 0.879179 0.184930 0.059074 0.096731
2 0.738310 0.196789 0.067739 0.107784
0 0.081857 0.957419 0.161954 0.083389
4 0.319648 0.597932 0.034791 0.065314
0 0.681170 0.225594 0.038522 0.063984
2 0.829082 0.173686 0.043408 0.083453
0 0.461453 0.256211 0.044873 0.065117
2 0.819862 0.172720 0.060736 0.083634