2 0.359942 0.289557 0.076010 0.161394
0 0.746414 0.634194 0.106516 0.164987
0 0.040350 0.885525 0.079848 0.191959
0 0.573501 0.862984 0.167294 0.272131
0 0.511905 0.553346 0.095484 0.161685
0 0.685279 0.518555 0.095387 0.139605
0 0.907165 0.389928 0.068883 0.089478
0 0.444233 0.471826 0.083126 0.164818
0 0.529862 0.385292 0.065320 0.099676
1 0.962748 0.219349 0.073402 0.128139
0 0.650054 0.404341 0.072070 0.101539
2 0.737854 0.198971 0.069611 0.104417
0 0.965061 0.923792 0.068584 0.150394
1 0.437385 0.688473 0.124856 0.248215
0 0.243241 0.776069 0.158795 0.274981
1 0.242981 0.777210 0.158116 0.275914
0 0.680784 0.225836 0.038903 0.064291
0 0.483906 0.235928 0.038710 0.053547
0 0.599396 0.261931 0.046173 0.060198
2 0.794162 0.169108 0.041155 0.074843