2 0.433436 0.811911 0.187373 0.365508
0 0.431971 0.622438 0.066493 0.140198
0 0.247695 0.878363 0.175425 0.237093
0 0.221822 0.591242 0.085306 0.123205
0 0.079471 0.698290 0.139788 0.195439
0 0.425877 0.500775 0.052312 0.097191
0 0.252644 0.478110 0.064513 0.085031
0 0.307863 0.530128 0.072843 0.115153
4 0.966217 0.784071 0.042220 0.099805
0 0.802804 0.797980 0.159616 0.227741
3 0.234604 0.707523 0.041777 0.085766
0 0.563080 0.403814 0.043694 0.064836
0 0.338061 0.417133 0.039320 0.065344
1 0.601214 0.725254 0.058812 0.189759
0 0.618139 0.544162 0.060278 0.136584
0 0.890574 0.788106 0.063501 0.098311
0 0.445952 0.411747 0.030161 0.061445
0 0.481007 0.512583 0.034768 0.067137
3 0.102991 0.911210 0.089150 0.167749
0 0.606121 0.465098 0.024165 0.037312
4 0.018684 0.628210 0.024888 0.079901
0 0.096937 0.479691 0.030177 0.034251