0 0.854590 0.694277 0.130135 0.188466
0 0.763768 0.514680 0.093507 0.133575
0 0.624457 0.717179 0.121917 0.198917
0 0.750681 0.916124 0.159062 0.165036
0 0.682768 0.564742 0.094453 0.152834
0 0.423330 0.806219 0.137550 0.212465
0 0.208036 0.762075 0.136856 0.271627
0 0.500851 0.557934 0.094084 0.148370
1 0.890830 0.188772 0.059046 0.096597
0 0.508731 0.364317 0.060064 0.089464
0 0.379697 0.414637 0.071048 0.099825
0 0.951119 0.884992 0.096955 0.219711
0 0.660137 0.366427 0.062344 0.086025
0 0.952266 0.245435 0.042393 0.070645
1 0.497477 0.173385 0.033995 0.070516
0 0.615954 0.313851 0.052531 0.078912
1 0.740481 0.202069 0.062581 0.104518
1 0.826183 0.205776 0.029202 0.059776
0 0.526146 0.311116 0.053286 0.097196
4 0.093555 0.433815 0.020465 0.107164
2 0.756401 0.153881 0.057728 0.062598
4 0.793865 0.207596 0.012160 0.044965