2 0.151285 0.820345 0.301564 0.345501
2 0.330707 0.481604 0.142290 0.309604
2 0.415521 0.303671 0.083892 0.185491
0 0.633918 0.460464 0.088647 0.156558
0 0.751269 0.450432 0.077979 0.115762
2 0.963438 0.215165 0.071617 0.135241
2 0.743550 0.197364 0.054276 0.109318
2 0.842239 0.174519 0.044931 0.088478
2 0.805290 0.171456 0.031803 0.075154
0 0.645185 0.350750 0.060113 0.086713
2 0.897036 0.190564 0.061017 0.103988
0 0.533015 0.337399 0.055248 0.082164
4 0.358117 0.488870 0.029529 0.061447
4 0.187098 0.965001 0.058634 0.068888
0 0.614175 0.264961 0.041646 0.061563
0 0.600156 0.250080 0.036548 0.051544
4 0.319009 0.492253 0.026246 0.066970
0 0.541048 0.256784 0.047632 0.082336