0 0.539484 0.398098 0.063191 0.098865
0 0.923696 0.459963 0.086378 0.113751
0 0.764361 0.318698 0.054806 0.074425
0 0.602942 0.644157 0.111139 0.221379
4 0.029711 0.752860 0.043807 0.165513
0 0.691534 0.252629 0.042751 0.057129
0 0.856783 0.267748 0.044321 0.060303
0 0.974149 0.379296 0.050812 0.121617
0 0.949700 0.348933 0.053851 0.083727
0 0.474707 0.257777 0.041285 0.058744
0 0.895820 0.298196 0.056124 0.077711
2 0.492952 0.173186 0.048920 0.084081
0 0.830445 0.255203 0.036040 0.057807
0 0.809037 0.227906 0.032565 0.053100
0 0.187904 0.958413 0.145692 0.081702
0 0.986453 0.220504 0.026046 0.051320
0 0.940237 0.278879 0.042434 0.060664
1 0.667311 0.206992 0.036023 0.068622
1 0.581708 0.173052 0.034964 0.075615