0 0.724421 0.667600 0.102362 0.230159
2 0.396390 0.397691 0.108906 0.229566
0 0.803516 0.577634 0.104890 0.143656
0 0.372702 0.947356 0.173115 0.103384
0 0.669562 0.389206 0.071908 0.098199
1 0.981016 0.234708 0.036904 0.128876
2 0.752608 0.205877 0.056337 0.112746
2 0.424555 0.291396 0.079188 0.171882
2 0.456597 0.230292 0.059191 0.130036
1 0.601138 0.430193 0.074429 0.202483
1 0.847801 0.176861 0.052142 0.090104
0 0.533980 0.261771 0.041511 0.057155
0 0.796510 0.200414 0.030436 0.040790
2 0.848252 0.176314 0.052594 0.090698
2 0.920789 0.201342 0.070298 0.113233
0 0.595047 0.288630 0.055062 0.081360
0 0.601271 0.430682 0.074314 0.203752
0 0.631146 0.279490 0.036333 0.069157
1 0.920597 0.200542 0.069181 0.113238
0 0.680857 0.224888 0.039842 0.067383
1 0.882941 0.135755 0.029342 0.131826