2 0.453470 0.232770 0.062842 0.138369
0 0.201336 0.719654 0.129052 0.184698
0 0.926838 0.271657 0.048253 0.057293
0 0.542571 0.257970 0.042726 0.059618
4 0.093927 0.607814 0.031181 0.129590
0 0.599314 0.280235 0.045804 0.069073
0 0.748958 0.238565 0.038550 0.057106
2 0.511776 0.218397 0.042614 0.090604
0 0.760346 0.317585 0.061962 0.092287
2 0.489628 0.172180 0.045974 0.084224
0 0.896413 0.254583 0.037153 0.037819
0 0.852581 0.257189 0.049835 0.071075
2 0.489109 0.159326 0.043549 0.057784
0 0.807368 0.233013 0.039628 0.054327
3 0.092879 0.642789 0.029844 0.075490
1 0.589805 0.208695 0.031808 0.064853
0 0.988366 0.226769 0.022481 0.040344
0 0.721653 0.210435 0.035701 0.049770