2 0.713930 0.430706 0.092060 0.241509
0 0.864109 0.941621 0.090433 0.116600
0 0.891973 0.709598 0.059890 0.111018
2 0.682320 0.273021 0.065287 0.151874
0 0.171050 0.309224 0.033299 0.053677
2 0.438534 0.895337 0.082623 0.159828
0 0.884103 0.811805 0.072397 0.128456
4 0.193812 0.479504 0.018748 0.096367
0 0.573510 0.872288 0.079375 0.145497
4 0.035264 0.751304 0.031440 0.133421
2 0.365043 0.805249 0.095055 0.184966
0 0.320021 0.925366 0.103972 0.138065
0 0.871525 0.564239 0.048218 0.085195
4 0.672395 0.890433 0.039900 0.136199
0 0.479253 0.232298 0.033296 0.071202
0 0.258175 0.972830 0.101279 0.054339
2 0.604882 0.162662 0.049419 0.114126
4 0.146811 0.506554 0.017155 0.091889
4 0.049792 0.867808 0.035252 0.082722
4 0.168641 0.485558 0.016703 0.091786
0 0.985249 0.853337 0.029046 0.131799
0 0.879395 0.858967 0.071398 0.089809
0 0.903352 0.600314 0.057876 0.108403
1 0.018353 0.320311 0.036668 0.107268
2 0.582549 0.774394 0.099873 0.227281
0 0.887398 0.643834 0.064446 0.105119
4 0.914410 0.529091 0.019678 0.047560
2 0.661658 0.664922 0.077749 0.290869
2 0.494797 0.818024 0.075518 0.208838
2 0.533335 0.543906 0.052880 0.152191
0 0.351646 0.981240 0.081091 0.037521
0 0.337041 0.172085 0.029284 0.041564
2 0.563975 0.400700 0.069212 0.120406
2 0.634290 0.429529 0.069382 0.147173
3 0.673924 0.934925 0.036639 0.094367
2 0.693983 0.529313 0.059387 0.150665