0 0.463415 0.680411 0.061091 0.135885
0 0.223947 0.659907 0.110832 0.129848
0 0.285112 0.762857 0.104983 0.164488
1 0.856645 0.777487 0.133376 0.208735
0 0.682005 0.506407 0.052628 0.083187
0 0.291990 0.568834 0.081815 0.092584
0 0.742175 0.704101 0.098268 0.172570
0 0.407925 0.491670 0.037601 0.068026
0 0.338487 0.502655 0.057433 0.070228
0 0.752192 0.523155 0.075177 0.085734
0 0.466148 0.485216 0.037460 0.078154
0 0.830207 0.630879 0.106858 0.141009
0 0.566689 0.494630 0.030783 0.082511
0 0.620970 0.530096 0.042397 0.095685
0 0.758914 0.625300 0.080173 0.129428
0 0.433219 0.443438 0.027125 0.055718
0 0.985969 0.857294 0.027578 0.155034
0 0.662934 0.682345 0.071670 0.159971
0 0.372511 0.464125 0.044798 0.055647
1 0.954601 0.771487 0.089731 0.154047
0 0.579964 0.450206 0.025060 0.055772
0 0.392323 0.432981 0.030725 0.038866
1 0.662441 0.682433 0.072254 0.158323