0 0.222003 0.675409 0.110251 0.118165
0 0.294080 0.588080 0.078487 0.097202
0 0.192265 0.822725 0.140915 0.177790
0 0.390451 0.700257 0.086141 0.155365
0 0.829490 0.659797 0.112790 0.151813
0 0.752497 0.558160 0.075753 0.104344
0 0.340076 0.522685 0.057921 0.073406
0 0.472359 0.419821 0.022933 0.043586
0 0.685975 0.538575 0.054663 0.079400
0 0.603247 0.470905 0.025525 0.051317
4 0.034115 0.720470 0.028409 0.095448
0 0.899677 0.852921 0.165681 0.243708
0 0.372333 0.481013 0.043996 0.053685
4 0.281359 0.704878 0.025039 0.096374
0 0.393857 0.453918 0.032229 0.041079
0 0.512141 0.384695 0.020295 0.034820
2 0.558096 0.375028 0.040610 0.061211
0 0.957944 0.798433 0.083879 0.155904
4 0.809393 0.696083 0.021428 0.073934
4 0.105364 0.669451 0.019639 0.068091