0 0.385152 0.423844 0.068334 0.104755
0 0.942906 0.281516 0.050529 0.067507
0 0.980366 0.309053 0.038310 0.071640
0 0.803069 0.297741 0.050226 0.066049
0 0.569872 0.216884 0.037295 0.049094
0 0.532734 0.207654 0.037945 0.043642
0 0.743648 0.304556 0.061614 0.085911
1 0.869643 0.268812 0.054097 0.079988
1 0.481088 0.187936 0.051833 0.103712
0 0.669124 0.216415 0.035744 0.053973
0 0.749096 0.244362 0.038415 0.040355
0 0.724877 0.223450 0.024334 0.040860
0 0.799598 0.232181 0.039176 0.055503
3 0.012301 0.748130 0.024299 0.174342