2 0.050310 0.805036 0.098879 0.362682
2 0.422874 0.322384 0.085092 0.190363
0 0.634508 0.450327 0.068552 0.148705
0 0.443049 0.927640 0.193212 0.142887
0 0.541713 0.778071 0.126552 0.198428
0 0.769176 0.777207 0.120376 0.269866
0 0.485010 0.636480 0.111104 0.165870
2 0.758259 0.211465 0.060173 0.117509
1 0.877283 0.183475 0.057772 0.095791
2 0.967624 0.219419 0.064231 0.129982
0 0.814438 0.204368 0.034540 0.048525
2 0.469279 0.212737 0.052274 0.114893
0 0.537039 0.240629 0.039328 0.051906
0 0.599051 0.412343 0.059553 0.103912
2 0.439897 0.250462 0.067701 0.143193
0 0.680389 0.224707 0.039817 0.066463
2 0.877804 0.183717 0.058457 0.096374