0 0.547563 0.637818 0.162000 0.272408
0 0.446990 0.249562 0.158395 0.246608
0 0.639261 0.923852 0.196301 0.145868
0 0.094614 0.750715 0.163712 0.292778
0 0.363433 0.872761 0.167406 0.243814
0 0.113850 0.894588 0.193220 0.204879
4 0.720499 0.659386 0.051416 0.269108
3 0.612280 0.299570 0.055573 0.097873
4 0.669496 0.523885 0.050301 0.162256
4 0.631065 0.742910 0.079523 0.236268
0 0.044993 0.341621 0.089806 0.209691
4 0.753686 0.674013 0.040669 0.222405
4 0.546544 0.297216 0.045777 0.216310
4 0.801474 0.657046 0.038128 0.253569
4 0.746620 0.533880 0.038311 0.161618
2 0.167937 0.462723 0.200522 0.410309
4 0.678436 0.678197 0.058945 0.242560
4 0.823557 0.498449 0.043957 0.215623
1 0.167527 0.462685 0.201046 0.410116
4 0.482302 0.380638 0.042462 0.105208
4 0.434161 0.447640 0.069150 0.159903
4 0.359527 0.341551 0.068702 0.149287
4 0.561671 0.438826 0.037916 0.093743
0 0.352895 0.521979 0.147528 0.204091