0 0.619862 0.763714 0.058202 0.073323
0 0.593776 0.911149 0.082799 0.107732
0 0.689121 0.841095 0.068319 0.081206
0 0.062047 0.688051 0.059847 0.055088
0 0.761248 0.908512 0.078732 0.096196
0 0.039931 0.929707 0.079584 0.109573
0 0.250135 0.910692 0.081171 0.118464
0 0.668002 0.718220 0.047194 0.078002
0 0.254648 0.812961 0.063471 0.086560
0 0.117856 0.783702 0.059614 0.067381
0 0.151213 0.970760 0.088806 0.058480
0 0.200087 0.817546 0.064920 0.073486
0 0.089523 0.926941 0.084235 0.109430
0 0.674475 0.908574 0.064950 0.094946
0 0.746687 0.973159 0.090364 0.053681
0 0.598951 0.824274 0.059182 0.079246
0 0.306773 0.747705 0.057618 0.075768
0 0.516231 0.581209 0.037002 0.058259
0 0.388356 0.648784 0.043398 0.060483
0 0.188003 0.688926 0.061059 0.058560
1 0.835335 0.800847 0.094160 0.173899
0 0.864350 0.949806 0.099989 0.099609
4 0.343518 0.947282 0.013165 0.052600
0 0.863544 0.966775 0.099047 0.066331
0 0.294090 0.821869 0.062834 0.089273
2 0.425847 0.643937 0.054635 0.089661
0 0.890939 0.786757 0.070218 0.094631
3 0.959395 0.891322 0.042125 0.053560
0 0.642181 0.521746 0.031487 0.046478
0 0.057629 0.765065 0.056773 0.048947