0 0.348512 0.490186 0.079752 0.121564
0 0.781261 0.274440 0.047054 0.060302
0 0.579439 0.230471 0.033419 0.046866
0 0.982700 0.322077 0.033624 0.070388
3 0.017041 0.712485 0.033623 0.153651
0 0.737671 0.231169 0.036702 0.043445
2 0.475471 0.196818 0.051454 0.108514
0 0.920860 0.263798 0.043803 0.056561
0 0.952911 0.283554 0.051309 0.066215
0 0.700446 0.267350 0.047915 0.071696
0 0.554091 0.222307 0.029200 0.041549
0 0.862372 0.260469 0.056673 0.082776
0 0.527875 0.215788 0.036457 0.042546
0 0.982554 0.533660 0.033891 0.152448
1 0.982697 0.533773 0.033830 0.152695