0 0.411781 0.499588 0.201984 0.259858
0 0.772684 0.479202 0.239318 0.229074
0 0.185913 0.389592 0.146638 0.266554
0 0.141719 0.580958 0.148012 0.271379
0 0.087686 0.822230 0.174232 0.340640
4 0.915524 0.429351 0.050563 0.223691
0 0.446220 0.226792 0.157945 0.202725
4 0.238273 0.924112 0.060926 0.150246
3 0.063586 0.269223 0.049123 0.145293
4 0.293137 0.503064 0.052520 0.190837
4 0.317603 0.623742 0.057963 0.208738
4 0.772553 0.659235 0.071969 0.293320
4 0.714964 0.586434 0.054727 0.364604
0 0.474700 0.400295 0.173736 0.235275
4 0.193592 0.920241 0.050514 0.154780
4 0.586005 0.475513 0.038035 0.225204
3 0.953554 0.513401 0.089488 0.164413
3 0.510758 0.811872 0.114547 0.257892
4 0.960460 0.337506 0.042804 0.134694
4 0.746788 0.514772 0.037930 0.211082
4 0.707324 0.329972 0.045000 0.124195
4 0.320451 0.206881 0.040189 0.199684
4 0.064618 0.209959 0.051428 0.193798
4 0.348272 0.310085 0.058443 0.231600
4 0.277107 0.188645 0.046550 0.208780
3 0.305423 0.703159 0.074206 0.147134
0 0.033968 0.117573 0.067478 0.221208
4 0.244743 0.095079 0.043370 0.153407
4 0.677805 0.363302 0.036764 0.125908
3 0.305747 0.675567 0.079205 0.196712
4 0.561120 0.268040 0.045757 0.160098