0 0.930198 0.327037 0.063694 0.080451
0 0.974563 0.386240 0.050171 0.093831
0 0.503385 0.317801 0.052795 0.078049
0 0.423474 0.336299 0.046519 0.108392
0 0.720469 0.270639 0.045024 0.063467
0 0.880076 0.277521 0.050985 0.065023
0 0.483285 0.235040 0.051091 0.065689
4 0.105915 0.641192 0.037197 0.156395
4 0.163705 0.648414 0.043262 0.163011
0 0.773603 0.311459 0.054365 0.096203
4 0.050216 0.633634 0.031710 0.166615
4 0.235480 0.451856 0.026968 0.100991
0 0.970819 0.285182 0.057226 0.095296
0 0.434702 0.230451 0.044985 0.047620
0 0.782047 0.230223 0.040946 0.072707
0 0.902600 0.256520 0.041475 0.055802