2 0.326696 0.562932 0.172915 0.338283
2 0.393077 0.356258 0.108268 0.220288
0 0.795770 0.568176 0.107286 0.155368
2 0.945463 0.210998 0.071483 0.121722
0 0.608615 0.354090 0.068102 0.112686
2 0.742269 0.199519 0.061236 0.108831
2 0.434951 0.258128 0.073392 0.155514
0 0.531669 0.296574 0.048308 0.069551
2 0.874896 0.185301 0.061549 0.100422
1 0.622882 0.659366 0.117345 0.314448
0 0.655303 0.339905 0.050245 0.084271
0 0.680927 0.227046 0.038093 0.064170
1 0.819946 0.172984 0.043823 0.081156
4 0.358990 0.552847 0.039963 0.071798
0 0.507218 0.263175 0.037111 0.055732
2 0.819410 0.172143 0.043794 0.080616
0 0.595462 0.236329 0.034151 0.060151
0 0.778954 0.195810 0.019093 0.038051
0 0.619675 0.278469 0.051072 0.055837