0 0.882057 0.737513 0.128140 0.195695
0 0.141072 0.524257 0.148096 0.126227
0 0.486972 0.697924 0.121710 0.185758
0 0.670687 0.556998 0.100579 0.151335
0 0.653210 0.401934 0.072584 0.123977
0 0.492210 0.517062 0.085117 0.131116
0 0.371520 0.414018 0.075071 0.101212
0 0.522260 0.402691 0.062231 0.104509
0 0.525974 0.310927 0.052041 0.074888
0 0.430467 0.309741 0.048236 0.072867
1 0.890515 0.188713 0.060274 0.096416
0 0.604846 0.377603 0.053251 0.095708
1 0.744349 0.201687 0.053119 0.106709
0 0.533035 0.252173 0.037955 0.052694
1 0.826037 0.206557 0.029134 0.058969
0 0.825882 0.207202 0.029276 0.058136
0 0.685686 0.229277 0.042349 0.065468
2 0.743473 0.200382 0.056150 0.108144