0 0.626986 0.739685 0.078869 0.192897
0 0.462120 0.705849 0.062291 0.136895
0 0.221017 0.672627 0.109903 0.119673
0 0.290892 0.587676 0.080837 0.096279
2 0.499365 0.447590 0.038449 0.101322
0 0.401224 0.665754 0.062970 0.117026
0 0.192811 0.822765 0.137538 0.177126
0 0.418328 0.530612 0.038486 0.077409
0 0.680842 0.524006 0.053722 0.076223
0 0.589087 0.544036 0.042581 0.096412
0 0.338545 0.519882 0.058073 0.073726
0 0.751350 0.548193 0.075827 0.097496
0 0.588469 0.460926 0.027974 0.053439
1 0.859201 0.806413 0.141723 0.216818
1 0.226604 0.934929 0.154322 0.127515
0 0.779068 0.868578 0.141345 0.256734
0 0.790940 0.661605 0.124818 0.146131
0 0.643845 0.474411 0.034039 0.066134
0 0.988109 0.884978 0.023354 0.146945
0 0.021799 0.949860 0.043321 0.092725
1 0.956293 0.797624 0.086439 0.162250
0 0.226076 0.934762 0.155356 0.128463