0 0.688987 0.851583 0.068465 0.089565
0 0.620718 0.780979 0.057655 0.069956
0 0.591464 0.926774 0.089226 0.105155
0 0.746960 0.805024 0.064733 0.091559
0 0.759385 0.926018 0.074993 0.091483
0 0.073985 0.921938 0.080913 0.111042
0 0.196306 0.877133 0.071622 0.102620
0 0.316849 0.723917 0.054716 0.069194
0 0.061058 0.704697 0.061644 0.056570
0 0.598646 0.839221 0.060280 0.082303
0 0.462691 0.646556 0.041823 0.062930
1 0.961182 0.915359 0.076606 0.159603
0 0.239573 0.803017 0.071021 0.097772
0 0.669995 0.925556 0.072828 0.092622
0 0.117410 0.801980 0.059507 0.064679
0 0.249148 0.925696 0.082358 0.113768
0 0.891076 0.798866 0.068809 0.097181
2 0.364180 0.709077 0.063235 0.107020
0 0.138701 0.975027 0.109567 0.047953
0 0.523484 0.601895 0.038144 0.057391
0 0.543881 0.731006 0.042001 0.057825
2 0.607604 0.380732 0.043837 0.086490
0 0.040286 0.850852 0.077209 0.100467
3 0.684329 0.719851 0.038289 0.055521
0 0.640949 0.710134 0.044184 0.065644
0 0.057733 0.783390 0.052986 0.049873
4 0.332323 0.957871 0.012756 0.066124
0 0.481913 0.505295 0.038223 0.039850