2 0.807213 0.540430 0.171900 0.341479
0 0.106623 0.786267 0.139295 0.170424
0 0.288787 0.555649 0.103200 0.130025
0 0.177380 0.496245 0.124205 0.123461
0 0.244062 0.694880 0.116322 0.165077
0 0.672788 0.558534 0.064632 0.137365
0 0.318679 0.484358 0.070427 0.082181
0 0.026647 0.872761 0.052893 0.127244
0 0.584863 0.629260 0.074107 0.167878
0 0.491498 0.400127 0.064913 0.111799
0 0.516639 0.752146 0.072040 0.161268
0 0.744948 0.686497 0.084819 0.171603
0 0.513176 0.463274 0.068032 0.147721
0 0.100779 0.392221 0.095393 0.101213
0 0.153080 0.432051 0.104410 0.086013
0 0.668412 0.452024 0.059227 0.093826
0 0.960467 0.901199 0.077927 0.191083
4 0.259700 0.884512 0.026164 0.060302
2 0.303927 0.148536 0.106580 0.106558
0 0.305273 0.331123 0.067130 0.069586
4 0.520292 0.942189 0.022713 0.109331
2 0.110946 0.668325 0.221681 0.280315
0 0.495399 0.240218 0.066594 0.081292
0 0.177520 0.348755 0.071955 0.086428
4 0.411119 0.671495 0.025237 0.093666
4 0.863080 0.743449 0.021484 0.095003
0 0.049448 0.571494 0.098833 0.120062
2 0.576844 0.461393 0.053208 0.194154
4 0.903041 0.359362 0.017055 0.069345
4 0.352913 0.777978 0.022076 0.103414
0 0.729196 0.346271 0.050809 0.115789