0 0.239842 0.640614 0.093313 0.146093
0 0.161380 0.649395 0.107255 0.165563
0 0.366276 0.628487 0.073811 0.147905
0 0.386085 0.383560 0.031395 0.051728
3 0.122134 0.850181 0.078029 0.139641
3 0.019560 0.802015 0.038542 0.099093
0 0.024211 0.496801 0.047877 0.055086
0 0.621451 0.584493 0.075177 0.151303
0 0.322760 0.431359 0.043347 0.070243
4 0.644358 0.549723 0.019124 0.076397
4 0.987984 0.843113 0.023334 0.094491
3 0.022337 0.638859 0.035532 0.062168
3 0.161450 0.462606 0.030103 0.048356
0 0.077692 0.579856 0.063861 0.048584
4 0.542950 0.336828 0.006093 0.028195
3 0.878518 0.801570 0.085667 0.080708
4 0.114167 0.817174 0.046659 0.098765
0 0.788333 0.827931 0.075384 0.125468
3 0.103573 0.866107 0.040929 0.107508
0 0.882332 0.807172 0.079162 0.068759