0 0.902450 0.778243 0.135863 0.206554
0 0.485826 0.730782 0.127127 0.196321
0 0.137819 0.526141 0.149294 0.123671
0 0.485468 0.536445 0.095478 0.137234
0 0.672758 0.580579 0.104800 0.157976
0 0.656433 0.411220 0.075570 0.127433
0 0.365604 0.421611 0.078078 0.105443
0 0.521583 0.412082 0.062862 0.104789
0 0.427278 0.314753 0.050063 0.077329
0 0.525515 0.316753 0.051207 0.076051
1 0.890583 0.189777 0.058833 0.099537
0 0.606294 0.385468 0.054191 0.099388
0 0.683658 0.229550 0.044720 0.066461
1 0.876187 0.225317 0.048125 0.066350
1 0.823745 0.206627 0.032412 0.059942
0 0.791912 0.203241 0.039551 0.044887
1 0.740835 0.202944 0.062761 0.105227
0 0.631883 0.312404 0.052790 0.066927