0 0.222453 0.661161 0.110999 0.127816
0 0.620907 0.828543 0.084029 0.234978
0 0.410844 0.624877 0.057348 0.109144
0 0.381228 0.549120 0.051274 0.083324
0 0.477349 0.493752 0.031308 0.070531
0 0.292047 0.571384 0.080265 0.089627
0 0.283654 0.802520 0.142678 0.223512
0 0.338713 0.505429 0.058116 0.073882
0 0.592343 0.542745 0.037757 0.096507
0 0.758946 0.625777 0.081082 0.126730
0 0.681517 0.508176 0.053537 0.082557
0 0.264327 0.970196 0.126105 0.058848
0 0.749999 0.525272 0.075493 0.083767
0 0.370758 0.464787 0.043357 0.055295
0 0.814608 0.836617 0.147147 0.246860
0 0.605497 0.456768 0.033697 0.059365
4 0.059365 0.711009 0.028077 0.097132
0 0.829573 0.632364 0.105916 0.138914
4 0.026073 0.938698 0.051906 0.119754
0 0.433370 0.434604 0.024074 0.041428
1 0.856947 0.777049 0.131812 0.205513
0 0.581103 0.394614 0.022841 0.041776
0 0.644322 0.458486 0.032310 0.066639
0 0.409495 0.977251 0.097174 0.043182
0 0.564652 0.427556 0.025541 0.056165
1 0.956069 0.773679 0.086696 0.157041
0 0.550999 0.389664 0.024752 0.041484
0 0.474911 0.426844 0.026699 0.048414
0 0.391943 0.432684 0.031432 0.034126
0 0.723083 0.860731 0.113588 0.224139