0 0.169350 0.756009 0.140367 0.192366
2 0.448178 0.239502 0.065403 0.143973
0 0.598961 0.291761 0.049384 0.078447
0 0.919103 0.266922 0.046833 0.056468
0 0.540183 0.266301 0.045226 0.063752
4 0.099064 0.596905 0.029861 0.130143
2 0.507210 0.223826 0.046533 0.105767
0 0.739179 0.309319 0.059304 0.091070
0 0.893248 0.245725 0.038972 0.042883
0 0.746426 0.237387 0.038911 0.054827
0 0.847726 0.252739 0.052449 0.081206
2 0.488801 0.162074 0.044955 0.055904
0 0.719053 0.212825 0.035617 0.045167
0 0.806229 0.233273 0.037916 0.058061
0 0.676133 0.225573 0.039234 0.061239
0 0.988122 0.334945 0.022808 0.066858
2 0.617465 0.161395 0.039777 0.077210
0 0.590948 0.215476 0.028365 0.060110