0 0.224372 0.656848 0.109827 0.124817
0 0.681945 0.501295 0.052572 0.076041
1 0.854643 0.775244 0.138574 0.212948
0 0.294481 0.565946 0.077767 0.092410
0 0.367943 0.579501 0.058562 0.094042
0 0.460436 0.556693 0.048251 0.102101
0 0.687382 0.596454 0.068649 0.123428
0 0.169001 0.958585 0.141487 0.081865
0 0.831265 0.630257 0.107164 0.146402
0 0.408919 0.497184 0.038260 0.068610
0 0.605155 0.622281 0.060663 0.144245
0 0.337887 0.502489 0.060582 0.071099
0 0.760515 0.620929 0.081428 0.126806
0 0.751975 0.519538 0.075413 0.083706
0 0.459215 0.460104 0.035143 0.071014
0 0.499689 0.471237 0.026423 0.062086
1 0.954425 0.767959 0.090097 0.153915
0 0.986053 0.855656 0.026876 0.153888
0 0.619113 0.516791 0.037033 0.090341
0 0.372027 0.457165 0.042719 0.048354