0 0.917222 0.779661 0.144132 0.214181
0 0.124351 0.810776 0.196918 0.207608
0 0.727788 0.811900 0.133917 0.218946
0 0.826849 0.585657 0.103315 0.160501
0 0.395661 0.634459 0.107234 0.221094
0 0.573641 0.555064 0.103906 0.180719
0 0.093623 0.950151 0.187246 0.098523
2 0.382293 0.256987 0.064301 0.141114
0 0.688554 0.456799 0.075940 0.116184
0 0.518829 0.438412 0.072254 0.123760
0 0.649320 0.391424 0.066044 0.100304
2 0.738378 0.197510 0.067840 0.106496
0 0.605266 0.287737 0.048297 0.071829
0 0.493531 0.378442 0.064120 0.128352
0 0.681042 0.225283 0.038904 0.063885
0 0.629570 0.331786 0.055670 0.082075
0 0.531761 0.326635 0.049426 0.078085
1 0.424660 0.530340 0.097511 0.183301
0 0.428414 0.530142 0.091516 0.179302
1 0.797406 0.169692 0.059304 0.080618