0 0.474304 0.641070 0.054572 0.088692
0 0.377985 0.647081 0.100414 0.110851
0 0.587265 0.647493 0.086739 0.133360
0 0.526517 0.639372 0.073335 0.117920
0 0.167300 0.652081 0.071616 0.059290
3 0.814781 0.688960 0.037354 0.097141
1 0.906229 0.622060 0.075336 0.195065
0 0.057618 0.656713 0.065091 0.061768
3 0.637715 0.686366 0.036735 0.083554
3 0.700307 0.687645 0.035986 0.079239
3 0.972461 0.687224 0.036503 0.104612
4 0.922720 0.657629 0.037995 0.141429
0 0.740364 0.643591 0.068087 0.102942
0 0.789327 0.644203 0.040422 0.094742
3 0.872528 0.686498 0.039037 0.074123
4 0.872758 0.655223 0.035604 0.127413
4 0.639832 0.651980 0.037188 0.136404
4 0.817072 0.647293 0.035583 0.122598
0 0.684265 0.621112 0.031951 0.070546
3 0.753523 0.675937 0.041696 0.112101
3 0.922238 0.686099 0.038365 0.093015
4 0.816099 0.669023 0.037244 0.114237