2 0.713207 0.428911 0.091721 0.238172
0 0.230244 0.784346 0.103340 0.167746
0 0.388600 0.079219 0.032431 0.051083
0 0.863103 0.941760 0.092093 0.116276
0 0.967532 0.833916 0.064936 0.124182
0 0.891744 0.707574 0.060009 0.118691
0 0.332759 0.905499 0.111014 0.146584
2 0.392369 0.763297 0.093182 0.175738
2 0.681043 0.276763 0.065455 0.164607
0 0.410765 0.485915 0.069620 0.093051
0 0.019446 0.472838 0.038522 0.084796
4 0.959479 0.907706 0.025469 0.127653
0 0.260500 0.972620 0.094333 0.054579
2 0.591242 0.741012 0.103447 0.221651
0 0.576049 0.832848 0.078999 0.143236
2 0.148587 0.168965 0.080313 0.084608
0 0.885256 0.809562 0.069423 0.124532
0 0.018901 0.321227 0.037544 0.110044
0 0.878276 0.864222 0.071005 0.096556
0 0.870578 0.563393 0.047104 0.083695
2 0.568436 0.402115 0.066442 0.112151
4 0.103230 0.557850 0.020143 0.105036
1 0.324090 0.549123 0.051291 0.119040
2 0.631463 0.408509 0.057435 0.167891
2 0.682578 0.553212 0.081874 0.136280
2 0.427579 0.379495 0.040621 0.091235
0 0.356691 0.448695 0.044466 0.104257
4 0.062479 0.758556 0.028241 0.134750
0 0.370576 0.026448 0.026342 0.041254
4 0.061473 0.609228 0.022504 0.102436
0 0.367301 0.977585 0.083581 0.044323
4 0.204443 0.550242 0.022293 0.102734
2 0.670145 0.689902 0.061269 0.148918
4 0.938435 0.598489 0.015779 0.090592
4 0.645888 0.972566 0.042849 0.052727
0 0.901654 0.598778 0.053310 0.111510
0 0.885143 0.643010 0.061369 0.101770