2 0.713245 0.429402 0.092101 0.240299
2 0.681890 0.272618 0.065269 0.149273
0 0.891805 0.708730 0.059840 0.113241
0 0.863783 0.941459 0.089835 0.115506
0 0.479048 0.308495 0.040255 0.089290
0 0.448515 0.198375 0.031710 0.056909
0 0.574665 0.861726 0.077700 0.144683
0 0.171100 0.309772 0.035046 0.058098
0 0.884598 0.811143 0.071166 0.127168
1 0.091466 0.897721 0.082117 0.167511
0 0.871003 0.563122 0.047505 0.084433
0 0.359718 0.969238 0.098784 0.060781
4 0.207865 0.459223 0.018225 0.094149
0 0.258425 0.972065 0.100023 0.054542
0 0.878491 0.861955 0.071049 0.093670
2 0.606595 0.158527 0.049303 0.112794
0 0.316450 0.922977 0.095111 0.139163
2 0.563397 0.398511 0.065955 0.119750
4 0.158048 0.497319 0.021497 0.097041
2 0.445962 0.878481 0.075113 0.149853
1 0.344911 0.046978 0.024304 0.051968
0 0.902338 0.600733 0.056440 0.112252
0 0.419807 0.742054 0.074157 0.130292
0 0.018510 0.319322 0.036989 0.105674
1 0.364619 0.810708 0.094560 0.188511
2 0.582910 0.569197 0.049712 0.086223
2 0.583574 0.768065 0.099195 0.214082
0 0.337211 0.171673 0.030673 0.040919
2 0.636222 0.424933 0.062909 0.144359
1 0.018664 0.321299 0.037017 0.109101
0 0.886643 0.643311 0.064331 0.103879
4 0.130907 0.518486 0.017648 0.080933
0 0.405522 0.258955 0.033400 0.075017
2 0.364527 0.817583 0.094566 0.201217
4 0.656772 0.944026 0.038387 0.108171
2 0.571946 0.329094 0.066530 0.154672
1 0.584048 0.768246 0.098866 0.214136
2 0.662233 0.718042 0.069900 0.159823
3 0.352472 0.563460 0.021833 0.050728
4 0.352463 0.521418 0.024301 0.067121
2 0.624931 0.247620 0.043166 0.085137
4 0.567860 0.947763 0.029190 0.096145