0 0.901999 0.828444 0.195248 0.171705
0 0.031895 0.309514 0.060072 0.107315
0 0.732090 0.479643 0.085103 0.121957
0 0.022833 0.200965 0.038770 0.065898
0 0.267943 0.069874 0.023685 0.035296
0 0.540590 0.176339 0.041995 0.053979
3 0.919409 0.647089 0.044048 0.119916
0 0.670836 0.532772 0.101964 0.140513
4 0.814313 0.581095 0.030760 0.119767
0 0.464871 0.154834 0.034867 0.052167
1 0.195434 0.067252 0.035266 0.079637
1 0.613873 0.432918 0.092348 0.163673
3 0.810938 0.619753 0.038741 0.089519
4 0.838995 0.560415 0.026178 0.116220
0 0.907684 0.518438 0.104845 0.132473
0 0.426834 0.167135 0.038793 0.059463
0 0.003957 0.427487 0.007915 0.075797
0 0.624269 0.249748 0.048849 0.075342
4 0.901739 0.573429 0.035040 0.120813
0 0.629883 0.362054 0.073013 0.100357
1 0.235762 0.147516 0.034581 0.072515
4 0.901178 0.557268 0.032589 0.090416
0 0.599951 0.297929 0.061755 0.089562
0 0.717375 0.357818 0.064917 0.081107
0 0.236079 0.148507 0.033584 0.072499