0 0.411257 0.538221 0.055372 0.108024
4 0.966787 0.782110 0.040268 0.097731
0 0.268470 0.454535 0.058329 0.078580
4 0.100400 0.914438 0.060728 0.136508
0 0.269419 0.595525 0.095529 0.127727
1 0.530001 0.493214 0.053368 0.186951
1 0.487808 0.671972 0.062266 0.248616
0 0.560811 0.398055 0.038795 0.062668
0 0.476761 0.479603 0.033511 0.083391
0 0.217872 0.570908 0.078862 0.141298
4 0.888975 0.706984 0.026342 0.082604
0 0.302800 0.469022 0.044256 0.067713
0 0.504573 0.916522 0.097198 0.166853
0 0.440197 0.457135 0.039817 0.066591
1 0.584293 0.529144 0.042102 0.104440
3 0.317515 0.711417 0.030603 0.104693
0 0.595660 0.475552 0.042812 0.072824
0 0.345624 0.475053 0.055808 0.081111
1 0.642817 0.574376 0.060864 0.126193
0 0.377093 0.411828 0.030884 0.063919
0 0.642995 0.575012 0.060219 0.124605
4 0.018064 0.536743 0.010454 0.029278
0 0.584542 0.529146 0.041749 0.106539
0 0.214592 0.528271 0.072737 0.107328
0 0.342443 0.404511 0.035961 0.052303
3 0.881342 0.796470 0.087302 0.093984
4 0.011781 0.617046 0.023562 0.085273