2 0.806485 0.539978 0.174676 0.338941
0 0.212390 0.493740 0.101177 0.131787
4 0.554868 0.763597 0.027417 0.111068
0 0.632550 0.707550 0.111791 0.216112
2 0.590483 0.489202 0.048070 0.190159
0 0.305118 0.329679 0.064533 0.070766
4 0.957011 0.802713 0.018757 0.093287
0 0.173009 0.631137 0.119475 0.132355
0 0.087274 0.480589 0.100272 0.093501
0 0.512344 0.589387 0.063625 0.156936
2 0.193090 0.185156 0.121053 0.154002
0 0.100250 0.391693 0.099017 0.099903
2 0.806244 0.164744 0.068150 0.179820
0 0.417745 0.401292 0.090119 0.105045
0 0.142492 0.850242 0.221282 0.180564
2 0.454138 0.276870 0.107502 0.130336
4 0.516463 0.962597 0.026757 0.073243
0 0.046183 0.517250 0.092367 0.095789
0 0.231169 0.380899 0.092476 0.095836
0 0.638520 0.346328 0.047663 0.088637
0 0.126411 0.557131 0.100548 0.112613
0 0.138921 0.454195 0.075753 0.099759
0 0.659786 0.411529 0.055604 0.095627
0 0.153134 0.444991 0.105384 0.110165
0 0.570577 0.280697 0.053765 0.075426
4 0.987126 0.818828 0.024674 0.100653
0 0.175996 0.349174 0.070229 0.085916
0 0.314865 0.433494 0.092804 0.091387