0 0.221182 0.671577 0.110077 0.117364
0 0.629989 0.789810 0.096241 0.238057
0 0.391975 0.723700 0.079441 0.144417
0 0.194375 0.819155 0.140273 0.179809
0 0.290842 0.586483 0.080517 0.095487
0 0.478994 0.597845 0.046183 0.089193
0 0.380309 0.600197 0.055769 0.093385
0 0.216290 0.902256 0.184575 0.192580
0 0.714892 0.772291 0.098805 0.196357
0 0.681104 0.524621 0.051985 0.080754
1 0.855644 0.798957 0.141022 0.212294
0 0.337139 0.520844 0.061157 0.073674
0 0.592825 0.548009 0.039044 0.081186
0 0.751657 0.546263 0.076204 0.097409
0 0.562545 0.475991 0.025744 0.063881
0 0.644079 0.544832 0.042253 0.085497
0 0.787163 0.659421 0.118078 0.138607
0 0.495908 0.468731 0.023270 0.054378
0 0.458146 0.483918 0.031729 0.066950
0 0.831027 0.649092 0.105158 0.140399
1 0.956363 0.829533 0.086793 0.251656
0 0.391951 0.448954 0.031160 0.040889
0 0.370640 0.474698 0.039959 0.048437
0 0.478478 0.433469 0.022428 0.043310