0 0.868476 0.618334 0.143149 0.198344
0 0.802119 0.714897 0.140866 0.232956
0 0.614492 0.516899 0.101989 0.201036
0 0.953912 0.878442 0.091572 0.242042
0 0.803542 0.916774 0.189949 0.157084
0 0.438327 0.940590 0.157242 0.116678
0 0.603072 0.814825 0.185875 0.314392
3 0.790250 0.493988 0.038087 0.117498
4 0.432230 0.692381 0.051343 0.079734
4 0.614632 0.911408 0.065099 0.169309
4 0.677034 0.407381 0.039949 0.139443
3 0.678245 0.447558 0.034027 0.097544
4 0.788806 0.453399 0.043432 0.135123
3 0.831394 0.388747 0.029543 0.093606
0 0.647987 0.327488 0.076006 0.154476
4 0.967305 0.705814 0.064120 0.130224
1 0.436218 0.723713 0.131093 0.324151
0 0.682180 0.034773 0.037523 0.067772
3 0.615644 0.961654 0.064242 0.072314
0 0.485774 0.445862 0.096697 0.153636
2 0.522583 0.631206 0.087945 0.227199
4 0.830416 0.345934 0.033266 0.116353