2 0.059465 0.800597 0.117682 0.380500
2 0.425523 0.314246 0.081239 0.184030
0 0.451667 0.892567 0.165028 0.211328
0 0.627817 0.429956 0.066879 0.142420
0 0.541149 0.729660 0.114451 0.184065
2 0.970215 0.225193 0.058689 0.130260
0 0.491168 0.600281 0.104563 0.158119
2 0.760205 0.213153 0.060334 0.117504
0 0.758392 0.731452 0.111063 0.255090
2 0.441077 0.242366 0.066584 0.134380
0 0.816954 0.207307 0.036058 0.046359
2 0.882674 0.185195 0.061822 0.096193
2 0.471016 0.209637 0.052105 0.116069
0 0.537915 0.238706 0.039085 0.054058
0 0.582184 0.395597 0.061545 0.097483
1 0.882942 0.185348 0.062202 0.097454
0 0.585668 0.256520 0.044004 0.075247
0 0.602033 0.309752 0.067630 0.091305
4 0.076913 0.399808 0.018027 0.090456