0 0.781723 0.464348 0.226025 0.203357
0 0.452498 0.248581 0.144326 0.246585
4 0.031079 0.904000 0.062157 0.189809
4 0.667518 0.569576 0.050851 0.246338
0 0.053061 0.776573 0.105251 0.302183
4 0.743623 0.752385 0.068805 0.267778
0 0.119013 0.222394 0.146997 0.245097
4 0.489809 0.898688 0.110777 0.200562
4 0.912821 0.824183 0.064498 0.348548
3 0.326561 0.439829 0.077026 0.231414
4 0.970188 0.858458 0.059209 0.273217
4 0.239197 0.803200 0.072846 0.354464
4 0.488855 0.357187 0.039325 0.220360
4 0.373909 0.293343 0.053287 0.244202
3 0.954830 0.508579 0.089137 0.164936
3 0.101706 0.391683 0.062290 0.107723
4 0.819237 0.536588 0.056296 0.182478
0 0.020026 0.058512 0.039778 0.112475
4 0.880586 0.336358 0.044091 0.162918
4 0.308096 0.092230 0.040244 0.177456
4 0.097384 0.316649 0.073228 0.196305
4 0.841859 0.355032 0.043404 0.158791
4 0.907078 0.423284 0.049687 0.168027
4 0.773981 0.643187 0.046051 0.292019
4 0.707375 0.553909 0.043277 0.242658
4 0.602593 0.386048 0.049008 0.275507
0 0.006954 0.356443 0.013893 0.141646
4 0.396531 0.086474 0.042186 0.110471