0 0.161336 0.521268 0.141367 0.122341
0 0.814553 0.613587 0.108352 0.160450
0 0.662175 0.486635 0.092044 0.131189
0 0.496556 0.595622 0.101573 0.155826
0 0.641603 0.371403 0.067398 0.106670
0 0.504455 0.461875 0.071402 0.113615
0 0.391427 0.385109 0.066741 0.094632
1 0.892558 0.200213 0.056944 0.119694
0 0.522584 0.374364 0.057022 0.099192
0 0.442289 0.288889 0.046063 0.066816
1 0.825216 0.206412 0.029173 0.061496
0 0.527916 0.293481 0.046240 0.064792
0 0.594324 0.350138 0.048775 0.084766
1 0.744504 0.203016 0.054129 0.104389
0 0.007394 0.905765 0.014788 0.179842
2 0.745298 0.202078 0.055184 0.104291