0 0.376912 0.708651 0.073474 0.136244
0 0.221495 0.672331 0.109977 0.119383
0 0.193259 0.823194 0.137537 0.177690
0 0.292589 0.587233 0.078758 0.093998
0 0.618206 0.778376 0.076285 0.196080
0 0.796773 0.700429 0.104063 0.153715
0 0.339043 0.520742 0.057220 0.073185
0 0.681512 0.526820 0.053896 0.080829
0 0.493656 0.477454 0.025309 0.049956
4 0.725194 0.620571 0.020594 0.079683
0 0.471731 0.444413 0.026762 0.047787
0 0.751648 0.557122 0.075238 0.109125
2 0.577109 0.443977 0.043391 0.077850
1 0.956441 0.855192 0.086578 0.270979
0 0.830897 0.657386 0.108891 0.156089
0 0.371607 0.480632 0.042127 0.056456
3 0.747729 0.784517 0.038383 0.071269
0 0.644883 0.477883 0.033070 0.063829
0 0.912797 0.890792 0.151906 0.209114
4 0.680079 0.652791 0.021946 0.079120
0 0.393390 0.450220 0.032672 0.037622
1 0.751031 0.557269 0.075957 0.110218
0 0.504863 0.435231 0.022520 0.046091
2 0.833922 0.899582 0.192358 0.191976
4 0.894738 0.587597 0.017659 0.062457
4 0.748590 0.767665 0.037796 0.086920
1 0.577425 0.443603 0.043582 0.076050
1 0.834006 0.902734 0.194635 0.191121