2 0.086786 0.721691 0.173166 0.372331
0 0.450804 0.650499 0.113608 0.175233
0 0.548754 0.562902 0.085710 0.138739
2 0.432223 0.280431 0.071358 0.159790
2 0.766217 0.222590 0.063046 0.124945
0 0.593946 0.361919 0.055473 0.107993
0 0.537917 0.337745 0.054962 0.087595
0 0.716218 0.567427 0.085292 0.191806
0 0.829516 0.213696 0.039747 0.050836
0 0.509738 0.472693 0.077816 0.118449
2 0.906046 0.194294 0.066094 0.106778
0 0.680097 0.950767 0.179303 0.096971
2 0.449262 0.233464 0.060265 0.127757
4 0.093471 0.381223 0.021697 0.094134
2 0.477214 0.204638 0.047509 0.108370
0 0.680488 0.228215 0.038754 0.064480
0 0.610011 0.294112 0.058330 0.125307
0 0.719607 0.216452 0.037433 0.057852
0 0.803274 0.201005 0.017359 0.036347