0 0.487995 0.828203 0.146626 0.249707
0 0.742850 0.874113 0.150232 0.240446
0 0.516843 0.502544 0.087303 0.134123
2 0.318869 0.352538 0.093496 0.212764
0 0.689140 0.571918 0.105163 0.155905
0 0.758091 0.476401 0.085252 0.123676
0 0.389753 0.654444 0.117554 0.231419
0 0.942825 0.272029 0.045061 0.081832
0 0.615813 0.310555 0.051788 0.070071
0 0.763018 0.307504 0.049022 0.072787
0 0.521045 0.394064 0.068604 0.123866
0 0.450249 0.277439 0.042394 0.065952
0 0.088471 0.861079 0.176431 0.275675
0 0.527841 0.274914 0.043387 0.063455
0 0.497410 0.364518 0.055961 0.100472
1 0.917492 0.199682 0.068305 0.110077
1 0.087876 0.860662 0.175196 0.273415
2 0.784701 0.165059 0.034487 0.067949
2 0.917519 0.200784 0.068992 0.110997
0 0.451201 0.953299 0.139378 0.087764
0 0.488569 0.280219 0.042148 0.066508
1 0.784700 0.164946 0.034230 0.068502
0 0.680406 0.226136 0.038639 0.065081
2 0.740899 0.197870 0.061577 0.108076
1 0.738396 0.198773 0.068216 0.106926
0 0.608698 0.278164 0.054035 0.072679
1 0.943147 0.273070 0.043487 0.082460