2 0.375606 0.431124 0.120658 0.273489
0 0.685676 0.686411 0.117224 0.188847
2 0.918111 0.327204 0.119690 0.206695
0 0.483095 0.401829 0.071035 0.100531
0 0.561146 0.316774 0.057402 0.088585
2 0.475703 0.192420 0.053524 0.110999
0 0.989982 0.224593 0.019268 0.038364
0 0.691414 0.240730 0.040474 0.068504
0 0.724751 0.222131 0.040684 0.053491
0 0.618012 0.269017 0.036716 0.085978
0 0.529919 0.277779 0.045393 0.099890
0 0.817939 0.229820 0.043383 0.080239
1 0.582365 0.203672 0.037696 0.080467
0 0.851957 0.230496 0.034489 0.043247
0 0.589812 0.262750 0.025719 0.060138
0 0.666963 0.222368 0.030059 0.051234