0 0.202910 0.797361 0.077763 0.094594
0 0.618634 0.713168 0.060079 0.071714
0 0.590350 0.853383 0.083008 0.105138
0 0.251499 0.852938 0.079381 0.114685
0 0.748212 0.943653 0.100123 0.106359
0 0.789624 0.780086 0.061048 0.091135
0 0.416083 0.646687 0.050173 0.067067
0 0.595615 0.766982 0.062152 0.085458
0 0.755427 0.856422 0.070334 0.090737
0 0.285552 0.707821 0.059912 0.078875
0 0.062665 0.630424 0.059019 0.055749
0 0.887245 0.735016 0.070039 0.093134
0 0.684438 0.785976 0.072696 0.101527
0 0.672077 0.855878 0.061057 0.088869
0 0.543344 0.664555 0.041940 0.062560
0 0.120746 0.725608 0.061003 0.066428
0 0.040899 0.872026 0.081574 0.110228
0 0.860394 0.925083 0.099509 0.141381
0 0.150212 0.937974 0.092366 0.117190
0 0.606586 0.518075 0.024621 0.052039
0 0.366396 0.616582 0.059987 0.066483
0 0.625240 0.558006 0.023762 0.061286
0 0.337605 0.568934 0.054634 0.053292
2 0.607853 0.311751 0.045301 0.073916
0 0.774271 0.709953 0.054387 0.056847
0 0.456049 0.583969 0.045597 0.061281
0 0.376240 0.630586 0.050937 0.079437
0 0.513746 0.411736 0.025611 0.037440
0 0.703632 0.621134 0.032577 0.043582
0 0.472786 0.442852 0.039358 0.041032
0 0.537464 0.483707 0.038493 0.071634
0 0.644113 0.508805 0.025056 0.059843