4 0.969401 0.782992 0.038584 0.098088
0 0.412560 0.537404 0.053207 0.105510
0 0.542996 0.693253 0.054077 0.173270
1 0.538073 0.457069 0.046435 0.149848
0 0.298578 0.545546 0.085154 0.109078
4 0.768896 0.697370 0.021007 0.074429
0 0.562673 0.398166 0.036693 0.063352
0 0.270724 0.452443 0.055934 0.074804
0 0.244532 0.539804 0.068860 0.119489
0 0.442531 0.454652 0.039151 0.071698
1 0.492878 0.557085 0.048393 0.171275
1 0.584950 0.526483 0.041615 0.106069
1 0.639211 0.563514 0.057829 0.119306
0 0.215217 0.525601 0.068725 0.108213
0 0.309147 0.463674 0.052016 0.067149
0 0.639214 0.564088 0.058094 0.117217
3 0.316361 0.592934 0.023504 0.074329
0 0.345759 0.475797 0.056613 0.083698
0 0.350248 0.463216 0.053913 0.082330
0 0.478934 0.477890 0.032129 0.072883