0 0.615338 0.885209 0.207838 0.219319
0 0.444181 0.243087 0.163011 0.235321
4 0.742803 0.879242 0.045728 0.241517
0 0.079841 0.852271 0.159233 0.288239
0 0.384143 0.445951 0.161331 0.270686
0 0.473181 0.927370 0.160361 0.140639
4 0.444776 0.330093 0.049537 0.216652
0 0.791666 0.478064 0.204033 0.217291
0 0.071840 0.070640 0.141343 0.141280
0 0.379512 0.682716 0.141414 0.224837
4 0.649731 0.608253 0.064041 0.253614
4 0.776778 0.619273 0.037528 0.258011
4 0.751701 0.634309 0.049447 0.260474
0 0.030205 0.273935 0.060288 0.166233
0 0.122559 0.589270 0.187989 0.249280
0 0.199403 0.411417 0.123642 0.195992
0 0.283423 0.861538 0.153566 0.263671
4 0.745050 0.473636 0.028388 0.129117
4 0.611207 0.276185 0.057488 0.277676
4 0.332956 0.144419 0.033478 0.217837
0 0.034513 0.158845 0.068227 0.220950
4 0.689785 0.593918 0.042894 0.245891
4 0.688821 0.448515 0.038908 0.111359
4 0.719304 0.849830 0.034662 0.237867
3 0.954038 0.509438 0.090982 0.123047
3 0.041302 0.934241 0.082289 0.127961
4 0.304953 0.115727 0.036870 0.201993
4 0.644584 0.458392 0.045449 0.119938
3 0.899906 0.876113 0.199573 0.237455
0 0.232833 0.734361 0.184058 0.311007