3 0.521616 0.706237 0.054461 0.147309
0 0.257573 0.646062 0.143080 0.147576
0 0.464407 0.629665 0.103823 0.140497
3 0.927460 0.718102 0.049106 0.145529
3 0.706065 0.717253 0.061286 0.174452
3 0.651091 0.703320 0.044134 0.136058
4 0.869071 0.656757 0.052832 0.169403
4 0.520681 0.654155 0.055193 0.179501
3 0.585535 0.700083 0.046902 0.129217
3 0.866457 0.698118 0.044892 0.125885
4 0.928342 0.654948 0.062069 0.159936
4 0.706249 0.658573 0.061760 0.182234
1 0.916022 0.561023 0.084799 0.127411
0 0.763463 0.642156 0.075871 0.123900
3 0.819117 0.671082 0.040291 0.106333
4 0.809006 0.640603 0.037219 0.148305
4 0.586940 0.638213 0.054015 0.143206
4 0.654252 0.640133 0.055040 0.148681
2 0.567668 0.559394 0.079839 0.104796
0 0.197599 0.616970 0.043116 0.054698
0 0.022446 0.629286 0.044486 0.082398
0 0.067077 0.642430 0.069121 0.056706
3 0.826575 0.674143 0.027198 0.096468
1 0.916942 0.610962 0.086413 0.225676
0 0.196356 0.623876 0.047395 0.071457