0 0.755945 0.708891 0.120379 0.185723
0 0.021773 0.904964 0.043261 0.173835
2 0.351462 0.302411 0.082097 0.171788
0 0.434102 0.503031 0.091911 0.175776
0 0.868236 0.368366 0.063627 0.084785
0 0.507458 0.594981 0.103719 0.173356
0 0.693471 0.572265 0.100954 0.156050
0 0.656494 0.433381 0.075937 0.109401
0 0.205862 0.800134 0.167976 0.278386
2 0.950514 0.212665 0.072782 0.125885
0 0.528755 0.408823 0.068317 0.102002
2 0.737910 0.199886 0.069134 0.105232
0 0.555234 0.931042 0.156301 0.136293
0 0.602399 0.272575 0.047144 0.063769
1 0.454363 0.747190 0.137202 0.270713
0 0.525640 0.332313 0.061248 0.098438
2 0.791314 0.170400 0.040513 0.072535
0 0.475105 0.243193 0.040078 0.058381
0 0.662165 0.366430 0.070296 0.090505
0 0.681224 0.226597 0.037573 0.065310
1 0.950542 0.212567 0.072355 0.124654