0 0.771461 0.487457 0.244001 0.237766
0 0.123080 0.781489 0.166538 0.270769
0 0.444831 0.247221 0.162429 0.243484
2 0.187480 0.179893 0.170278 0.355416
4 0.621007 0.502565 0.055508 0.257201
2 0.304452 0.786116 0.263559 0.411569
4 0.767348 0.637306 0.052222 0.252963
0 0.079639 0.662082 0.153900 0.293131
4 0.817005 0.515665 0.041509 0.211891
4 0.332640 0.880759 0.057064 0.099470
4 0.829879 0.689537 0.044881 0.252167
4 0.930871 0.842939 0.060678 0.221390
0 0.346136 0.962617 0.160622 0.073403
4 0.503624 0.372428 0.051178 0.157817
4 0.464374 0.308231 0.033100 0.214087
4 0.396042 0.865728 0.047524 0.098564
4 0.441059 0.310646 0.027703 0.200071
4 0.305300 0.195950 0.037050 0.177176
4 0.669177 0.337822 0.053110 0.221381
3 0.930507 0.923302 0.060380 0.150301
4 0.735110 0.579594 0.033024 0.266931
3 0.953314 0.504771 0.092405 0.146780
0 0.019302 0.607196 0.038296 0.104717
4 0.575193 0.271881 0.032301 0.204468
1 0.022493 0.215381 0.044435 0.159257