0 0.057609 0.915927 0.114847 0.162578
0 0.279038 0.803270 0.111891 0.275837
0 0.564473 0.449885 0.078745 0.153888
0 0.537053 0.330602 0.053054 0.078953
0 0.706500 0.271852 0.045742 0.065852
0 0.844035 0.378901 0.064094 0.093302
0 0.888340 0.296329 0.051528 0.072612
4 0.077763 0.667309 0.039145 0.141681
0 0.481403 0.237604 0.033721 0.051754
0 0.815296 0.229402 0.037222 0.060488
0 0.939575 0.334244 0.064020 0.088011
2 0.492698 0.170531 0.043627 0.081419
0 0.986165 0.231782 0.026770 0.058602
1 0.536935 0.176305 0.034528 0.067906
1 0.580433 0.172889 0.034868 0.070974
0 0.992993 0.462303 0.013334 0.099967
2 0.536895 0.176239 0.035002 0.066995
0 0.678594 0.212534 0.036448 0.069263