0 0.376252 0.439482 0.071620 0.106108
0 0.797011 0.289440 0.050829 0.069608
0 0.938357 0.276975 0.051608 0.064344
0 0.726649 0.291194 0.054500 0.081960
0 0.974632 0.301069 0.049820 0.065473
0 0.745387 0.237611 0.039307 0.050301
0 0.573439 0.221356 0.035262 0.047329
0 0.531254 0.210923 0.038055 0.042039
0 0.865229 0.264098 0.062327 0.083043
4 0.011613 0.725524 0.023167 0.149792
1 0.481535 0.188478 0.054978 0.106274
0 0.995070 0.335412 0.009288 0.076732
0 0.668325 0.214336 0.037201 0.056879
0 0.828041 0.251286 0.034953 0.061181