2 0.380271 0.442409 0.125086 0.264416
2 0.419158 0.304812 0.085404 0.188761
0 0.705375 0.435510 0.084725 0.112309
0 0.809022 0.840240 0.138552 0.293414
0 0.889717 0.704396 0.124023 0.196325
0 0.599656 0.309886 0.058577 0.102052
2 0.902837 0.192238 0.067921 0.112230
2 0.970431 0.222960 0.057959 0.131208
0 0.635283 0.297798 0.038712 0.075245
1 0.902400 0.191783 0.066003 0.110074
0 0.533070 0.272911 0.044130 0.059264
1 0.837824 0.173427 0.051839 0.086796
2 0.837743 0.172884 0.052126 0.086879
2 0.448529 0.238042 0.063964 0.131257
0 0.788622 0.196263 0.025758 0.042803
2 0.750150 0.202695 0.053739 0.109676
0 0.608092 0.483277 0.086541 0.236994
0 0.680447 0.225946 0.038718 0.064686
1 0.750018 0.202955 0.053493 0.110842
1 0.608058 0.484234 0.086222 0.235258