0 0.425827 0.602857 0.109431 0.155882
0 0.539905 0.306805 0.050049 0.091375
0 0.921334 0.393363 0.065840 0.099146
0 0.852843 0.262922 0.044885 0.067449
0 0.363143 0.517973 0.070306 0.162088
4 0.143988 0.569320 0.029563 0.132631
0 0.477493 0.219335 0.031182 0.043778
0 0.954384 0.351741 0.052573 0.090344
0 0.808200 0.239143 0.042141 0.051319
0 0.767156 0.332802 0.063438 0.073500
0 0.694086 0.238851 0.036513 0.070353
2 0.493088 0.171773 0.046415 0.081428
0 0.978428 0.305235 0.042235 0.075953
0 0.943400 0.280541 0.050811 0.063218
0 0.671174 0.228576 0.017532 0.045846
0 0.519750 0.265714 0.037259 0.061910
1 0.493061 0.170711 0.043493 0.080904
1 0.535915 0.176633 0.033943 0.065231