0 0.461016 0.544117 0.047029 0.097009
0 0.224381 0.657016 0.109898 0.125278
0 0.681940 0.502279 0.052119 0.078130
0 0.693197 0.609133 0.069632 0.131084
0 0.294704 0.566475 0.077996 0.093116
1 0.854712 0.774961 0.138600 0.211792
0 0.374403 0.567140 0.054943 0.087584
0 0.831062 0.629954 0.107356 0.145700
0 0.760438 0.619949 0.080842 0.127568
0 0.751865 0.519535 0.075987 0.083858
0 0.175759 0.937061 0.163643 0.124270
0 0.460275 0.456762 0.033496 0.065318
0 0.428865 0.961062 0.096047 0.076316
0 0.413054 0.488256 0.036024 0.065363
0 0.337140 0.502852 0.063726 0.071656
1 0.955292 0.768353 0.088341 0.154418
0 0.500104 0.468897 0.025190 0.057605
1 0.609665 0.635339 0.069111 0.214364
0 0.986240 0.855768 0.026520 0.154697
0 0.621404 0.529816 0.042840 0.097601
0 0.371883 0.457955 0.044109 0.052679