0 0.220661 0.670991 0.110474 0.115403
0 0.194396 0.819186 0.138699 0.180942
0 0.399607 0.690953 0.071214 0.130356
0 0.290772 0.585225 0.079491 0.094963
0 0.474250 0.656829 0.049392 0.112771
0 0.681073 0.522335 0.055454 0.079335
0 0.463657 0.557169 0.039858 0.080275
0 0.606357 0.621443 0.059492 0.143174
0 0.750494 0.545816 0.076677 0.097455
0 0.617780 0.513395 0.038799 0.074136
1 0.855235 0.798643 0.141919 0.215292
0 0.381082 0.577472 0.055709 0.102487
0 0.337642 0.519719 0.057447 0.073630
0 0.792339 0.659065 0.127703 0.140707
0 0.571040 0.496859 0.035569 0.076356
4 0.095711 0.876808 0.035182 0.108931
0 0.830094 0.647243 0.106654 0.139878
0 0.955112 0.793255 0.089738 0.163042
1 0.954645 0.797961 0.089667 0.169619
2 0.467035 0.377859 0.032306 0.075402
0 0.369608 0.473759 0.040495 0.051269
0 0.392041 0.448799 0.030867 0.041420
0 0.643460 0.472087 0.035499 0.067600
1 0.643812 0.472155 0.036670 0.065176
4 0.012727 0.917442 0.025164 0.062302