0 0.499145 0.290964 0.047295 0.069119
0 0.807607 0.334982 0.059618 0.103563
4 0.064206 0.597396 0.031796 0.153359
0 0.899103 0.292037 0.054919 0.073190
4 0.067091 0.447612 0.022041 0.123474
0 0.434091 0.315654 0.043756 0.097189
4 0.126493 0.596989 0.035666 0.128948
0 0.781326 0.248285 0.041365 0.058273
4 0.182058 0.599054 0.036026 0.135583
4 0.244403 0.436511 0.025922 0.102899
0 0.441205 0.227787 0.052840 0.060502
0 0.970740 0.362947 0.057442 0.088959
0 0.675904 0.213897 0.031239 0.038440
1 0.491046 0.174641 0.055229 0.090119
0 0.385570 0.227968 0.051285 0.041955
0 0.912658 0.265308 0.062481 0.065154
0 0.703728 0.201431 0.030465 0.040726
0 0.736330 0.270856 0.052535 0.088025
0 0.922741 0.268018 0.042605 0.059902
0 0.821616 0.236847 0.038710 0.071669
3 0.179922 0.649963 0.026911 0.089412
0 0.995736 0.433933 0.007802 0.075817
1 0.804917 0.175919 0.035172 0.049256
1 0.970526 0.362859 0.058002 0.090165
0 0.640321 0.202095 0.026014 0.027423