0 0.722648 0.916185 0.130360 0.167629
0 0.494872 0.725148 0.115821 0.166622
0 0.320236 0.642087 0.093089 0.143754
1 0.456539 0.472897 0.098126 0.235757
3 0.277043 0.916761 0.046531 0.136492
0 0.546932 0.457386 0.059426 0.096752
0 0.590140 0.478237 0.068533 0.117514
0 0.742387 0.501199 0.079264 0.124282
0 0.392935 0.441307 0.052775 0.108011
4 0.525557 0.957792 0.056172 0.084417
3 0.593090 0.628030 0.032480 0.108195
4 0.364847 0.808471 0.043554 0.139848
0 0.813779 0.630758 0.089534 0.146044
4 0.700408 0.759210 0.035253 0.150296
4 0.287371 0.734969 0.041434 0.144107
0 0.910623 0.960339 0.177505 0.070319
4 0.533937 0.651118 0.039582 0.120940
3 0.394253 0.599119 0.033159 0.085969
3 0.673515 0.598542 0.048554 0.147754
0 0.688912 0.356645 0.046738 0.070634
3 0.328294 0.822259 0.037560 0.100807
3 0.365821 0.855469 0.042898 0.121135
0 0.901759 0.910643 0.196310 0.152145
4 0.328292 0.754064 0.043150 0.103773
3 0.355117 0.548225 0.025830 0.080618
4 0.277640 0.859272 0.052555 0.154502
0 0.761990 0.715927 0.085928 0.105933
2 0.695239 0.266271 0.068729 0.150429
0 0.793780 0.566624 0.088589 0.125964
0 0.800876 0.332998 0.054118 0.070445
1 0.695132 0.268697 0.067602 0.154233
1 0.502120 0.289899 0.050240 0.109211
4 0.731248 0.768819 0.045469 0.134874
4 0.805394 0.673149 0.022710 0.065077
2 0.937991 0.651187 0.123054 0.200111
0 0.893825 0.810576 0.207477 0.124909
0 0.898074 0.885222 0.203852 0.137601
0 0.862194 0.786600 0.196512 0.167477
4 0.652859 0.491589 0.027223 0.100525