2 0.344107 0.310354 0.084216 0.177728
0 0.770320 0.789758 0.133983 0.206229
0 0.501578 0.638377 0.113865 0.186221
0 0.663795 0.457228 0.083597 0.118699
0 0.705017 0.629182 0.115554 0.167096
0 0.422664 0.534813 0.098203 0.186434
0 0.837143 0.349694 0.059011 0.080275
0 0.527075 0.426404 0.071799 0.108883
0 0.177527 0.816435 0.176142 0.288178
2 0.941126 0.207399 0.069825 0.117229
0 0.464246 0.811349 0.144019 0.293446
0 0.981451 0.300271 0.036433 0.091437
0 0.683996 0.386598 0.067142 0.092398
2 0.742723 0.198157 0.057246 0.108699
0 0.466031 0.250135 0.040456 0.057007
0 0.605917 0.276915 0.045439 0.069407
2 0.789907 0.168006 0.040624 0.074780
0 0.681120 0.224578 0.036759 0.067040
0 0.524554 0.343791 0.062514 0.101213