0 0.309795 0.565640 0.092971 0.142446
0 0.916698 0.423529 0.087531 0.133849
2 0.470773 0.207355 0.057781 0.121821
0 0.966514 0.304124 0.055775 0.062055
0 0.766912 0.258625 0.040709 0.056999
0 0.585682 0.243069 0.038069 0.056070
0 0.856281 0.260260 0.062420 0.080201
0 0.551445 0.230716 0.037587 0.056196
0 0.688289 0.246540 0.041416 0.065420
0 0.731045 0.221214 0.035590 0.045421
0 0.819907 0.241606 0.039770 0.056466
0 0.930576 0.269329 0.044720 0.056668
4 0.055011 0.657511 0.031720 0.118798
0 0.904593 0.252930 0.038820 0.050412
2 0.491284 0.172581 0.039929 0.080927
0 0.525256 0.207214 0.039335 0.074961
0 0.794685 0.227757 0.030440 0.046045
3 0.054910 0.706239 0.028829 0.093976
2 0.525466 0.202623 0.042126 0.084300
0 0.992849 0.247154 0.013689 0.046315