0 0.246890 0.663218 0.114774 0.167717
2 0.461596 0.223063 0.061688 0.132154
0 0.546644 0.247561 0.040910 0.059585
0 0.939935 0.281111 0.050469 0.063253
0 0.754555 0.244486 0.040382 0.058938
0 0.595824 0.266705 0.042327 0.064119
0 0.807392 0.351023 0.072819 0.103859
2 0.519003 0.208395 0.040599 0.093294
4 0.078923 0.615836 0.030942 0.112657
0 0.909580 0.255085 0.038631 0.053223
0 0.985119 0.227131 0.028820 0.048194
0 0.682389 0.232707 0.039124 0.062095
0 0.857650 0.256633 0.047864 0.078781
0 0.723555 0.218358 0.032772 0.039660
2 0.488901 0.171899 0.041674 0.079374
0 0.811186 0.234896 0.038341 0.057698
3 0.078709 0.666054 0.027229 0.076269
2 0.489892 0.188091 0.041535 0.111853