0 0.709829 0.721780 0.120902 0.194026
0 0.174349 0.760609 0.173066 0.166751
2 0.385458 0.250668 0.062364 0.134311
0 0.865893 0.667731 0.124820 0.179519
0 0.567402 0.508466 0.095077 0.163013
0 0.424912 0.591819 0.097936 0.204590
0 0.797165 0.528668 0.093359 0.141877
0 0.675534 0.426703 0.070956 0.105459
0 0.122457 0.898318 0.243409 0.201628
0 0.520157 0.417277 0.070586 0.114059
2 0.739048 0.198447 0.065902 0.107149
0 0.641782 0.368896 0.059757 0.093694
0 0.623931 0.315057 0.049820 0.080865
0 0.501871 0.363001 0.062167 0.120960
1 0.814476 0.170998 0.040254 0.079392
0 0.428588 0.479990 0.092368 0.130939
0 0.602949 0.277264 0.044535 0.065119
0 0.531754 0.319062 0.047197 0.067169
0 0.494886 0.256437 0.038356 0.065836
0 0.681076 0.226179 0.038320 0.064458