0 0.294181 0.588112 0.077075 0.097085
0 0.222476 0.674017 0.110533 0.117464
0 0.752843 0.557187 0.075975 0.105824
0 0.830065 0.656448 0.114343 0.150742
0 0.192502 0.824279 0.137623 0.176458
0 0.339882 0.521831 0.056318 0.072013
0 0.683613 0.531672 0.054333 0.078506
4 0.269103 0.736309 0.023331 0.105656
0 0.511816 0.382813 0.020742 0.035990
0 0.893716 0.840718 0.163137 0.236125
0 0.373031 0.481547 0.043316 0.054135
0 0.594638 0.444056 0.022457 0.044045
0 0.394395 0.452991 0.032675 0.040104
4 0.074359 0.699106 0.021595 0.082608
1 0.647570 0.476644 0.034912 0.070535
4 0.021133 0.943431 0.041809 0.100114
0 0.467358 0.445975 0.026396 0.048014
0 0.494159 0.373105 0.015182 0.032396
0 0.957614 0.798243 0.084772 0.155178
4 0.053767 0.680955 0.020933 0.073031
0 0.413284 0.420540 0.033498 0.043936
0 0.449375 0.417619 0.019726 0.037007