0 0.440553 0.817973 0.216628 0.296514
0 0.065902 0.509318 0.131803 0.231205
0 0.289489 0.645452 0.191216 0.335792
0 0.445957 0.245511 0.160590 0.237641
0 0.045898 0.843623 0.091351 0.291632
0 0.121890 0.935003 0.206411 0.128313
0 0.402243 0.481830 0.154879 0.255745
0 0.196490 0.455014 0.170469 0.267026
4 0.704338 0.585062 0.046626 0.204083
4 0.145399 0.759498 0.042157 0.229823
4 0.458163 0.933811 0.059728 0.132378
4 0.976995 0.509994 0.045069 0.199175
4 0.830888 0.512786 0.043679 0.203758
0 0.104365 0.092464 0.132445 0.184336
0 0.564029 0.568151 0.203925 0.226224
0 0.164820 0.249054 0.133073 0.214513
4 0.783397 0.384589 0.045979 0.209414
0 0.021586 0.201735 0.043101 0.193487
0 0.017408 0.058484 0.034816 0.111261
4 0.669489 0.533829 0.044868 0.250706
4 0.778633 0.588795 0.034322 0.165235
4 0.797122 0.517626 0.036796 0.209255
4 0.856897 0.504201 0.029605 0.214600
4 0.739183 0.575458 0.044472 0.201284
4 0.639541 0.307333 0.038545 0.189167