0 0.637705 0.788771 0.088139 0.223511
0 0.466802 0.664568 0.056208 0.120537
0 0.220999 0.672872 0.109880 0.119829
0 0.291287 0.588073 0.080177 0.096328
0 0.192522 0.822997 0.137019 0.179882
2 0.499995 0.437541 0.034334 0.096627
0 0.411510 0.629911 0.055355 0.102179
0 0.423682 0.512960 0.036100 0.070908
0 0.591417 0.465170 0.030524 0.060467
0 0.680312 0.524857 0.052790 0.078699
0 0.591500 0.555352 0.045292 0.105117
0 0.801817 0.889614 0.150354 0.216146
0 0.338616 0.520261 0.057869 0.073331
0 0.751440 0.548554 0.075444 0.097568
1 0.250066 0.893735 0.153703 0.201405
0 0.556286 0.422393 0.019207 0.046203
0 0.644002 0.475193 0.034240 0.065609
0 0.956675 0.796899 0.086278 0.162758
0 0.466337 0.442369 0.023143 0.042369
0 0.804260 0.659062 0.149051 0.152925
0 0.988160 0.885766 0.023299 0.144406
0 0.860655 0.808000 0.144460 0.217818
0 0.369899 0.474295 0.040386 0.047043
0 0.017814 0.782498 0.035565 0.111090
0 0.392000 0.448502 0.030985 0.039646
0 0.022215 0.948718 0.044173 0.094810
0 0.445987 0.425094 0.026094 0.045071