2 0.806333 0.523008 0.165671 0.336984
0 0.147317 0.673651 0.119445 0.147303
0 0.323570 0.758413 0.089258 0.166459
0 0.200051 0.550601 0.104696 0.125036
0 0.096567 0.625961 0.115524 0.130454
0 0.108993 0.547072 0.127930 0.137538
0 0.687216 0.442188 0.050115 0.110298
0 0.033118 0.745002 0.065859 0.149886
0 0.749336 0.693703 0.104379 0.164984
0 0.681363 0.577366 0.064789 0.135687
0 0.667392 0.367089 0.046472 0.088200
0 0.574337 0.589895 0.067826 0.148155
0 0.363389 0.404661 0.130137 0.131285
4 0.591034 0.955724 0.029116 0.084391
0 0.152846 0.438385 0.103781 0.098500
0 0.651184 0.720899 0.135563 0.221727
0 0.496040 0.239064 0.070713 0.082027
4 0.570658 0.779486 0.023977 0.110477
0 0.618717 0.492443 0.071625 0.122285
0 0.809017 0.937867 0.125821 0.122855
0 0.015043 0.622908 0.029940 0.079947
0 0.212812 0.482092 0.091746 0.089020
0 0.040070 0.516789 0.080139 0.091283
0 0.101215 0.393523 0.094386 0.099534
4 0.291282 0.877993 0.030250 0.065393
4 0.366362 0.976510 0.024788 0.045016
2 0.194235 0.183389 0.118974 0.145147