2 0.416956 0.323414 0.085201 0.193822
2 0.969115 0.427080 0.060640 0.256265
0 0.523950 0.336595 0.055125 0.077261
0 0.613140 0.430815 0.076286 0.112743
0 0.937290 0.295067 0.057699 0.066996
2 0.478958 0.197412 0.050033 0.096757
0 0.872865 0.258662 0.039065 0.043264
0 0.824164 0.256033 0.054062 0.071452
0 0.706227 0.270724 0.045305 0.081215
0 0.988327 0.256622 0.022584 0.046098
4 0.085538 0.559088 0.024724 0.108284
1 0.571983 0.204590 0.042358 0.077656
0 0.600964 0.252327 0.030664 0.072828
0 0.787736 0.237313 0.033679 0.054188
4 0.080117 0.552451 0.036378 0.120615
0 0.665403 0.231880 0.037831 0.056443
0 0.725046 0.237454 0.047507 0.057436
0 0.579247 0.247146 0.023496 0.053894
0 0.732423 0.238958 0.032630 0.052841