0 0.511995 0.829139 0.143059 0.228775
2 0.260700 0.507941 0.140407 0.306663
2 0.743832 0.199839 0.055990 0.105985
0 0.510250 0.578772 0.096154 0.193320
0 0.652363 0.423119 0.068226 0.097241
0 0.527394 0.356827 0.057011 0.087339
0 0.416684 0.407774 0.062179 0.139774
0 0.534249 0.497784 0.091599 0.150896
0 0.706041 0.255125 0.035859 0.061040
1 0.893188 0.189605 0.053132 0.100627
0 0.504076 0.278961 0.043723 0.064776
0 0.548142 0.299084 0.051057 0.070021
2 0.777492 0.160596 0.041178 0.064607
0 0.965683 0.938900 0.067337 0.120237
0 0.871745 0.232903 0.036431 0.070634
0 0.639417 0.335602 0.054021 0.085131
1 0.991388 0.215113 0.016661 0.064073
0 0.600908 0.304307 0.045492 0.082884
0 0.650044 0.353007 0.065391 0.066474
4 0.287455 0.492989 0.030687 0.064219
0 0.679690 0.226202 0.034775 0.065855