0 0.616516 0.725796 0.127565 0.254104
0 0.541806 0.420819 0.065657 0.102394
0 0.884901 0.291466 0.055322 0.074363
4 0.020551 0.768581 0.040620 0.159775
0 0.896214 0.426331 0.077742 0.105206
0 0.752688 0.304737 0.052845 0.075395
0 0.970226 0.366576 0.059044 0.114574
0 0.688882 0.245797 0.038695 0.060588
3 0.020067 0.825573 0.039205 0.122809
0 0.847931 0.263353 0.042367 0.057761
0 0.472414 0.260118 0.045757 0.070136
0 0.936385 0.340960 0.051055 0.078290
0 0.928321 0.271640 0.042242 0.058850
1 0.491333 0.174342 0.049961 0.086310
0 0.825998 0.251722 0.035125 0.057277
0 0.540124 0.196193 0.039446 0.037792