2 0.334524 0.327312 0.090347 0.185939
0 0.797575 0.890176 0.155277 0.210026
0 0.669828 0.493574 0.090392 0.130625
0 0.497474 0.697057 0.121248 0.203710
0 0.714659 0.707205 0.121522 0.190829
0 0.408961 0.576976 0.103466 0.197662
0 0.523929 0.451678 0.076600 0.119373
0 0.710046 0.416754 0.073104 0.104486
0 0.804195 0.334269 0.056195 0.074065
0 0.458505 0.260787 0.041175 0.059985
0 0.970387 0.289441 0.050859 0.089799
0 0.141895 0.836043 0.185121 0.290459
0 0.608754 0.291609 0.048214 0.065252
2 0.736806 0.200694 0.069005 0.106746
0 0.465584 0.865615 0.159484 0.265689
2 0.788015 0.169810 0.038523 0.074281
1 0.926975 0.206666 0.073727 0.110882
1 0.465006 0.866037 0.161315 0.262095
1 0.141762 0.837242 0.185649 0.291340
0 0.522863 0.369025 0.062193 0.107334
0 0.506670 0.337322 0.063115 0.092034
0 0.680741 0.227641 0.037551 0.062074