0 0.764582 0.755156 0.128489 0.198672
2 0.346911 0.305799 0.083331 0.172590
0 0.503424 0.620603 0.107972 0.180912
0 0.659429 0.444076 0.080471 0.116645
0 0.427346 0.523817 0.095932 0.183665
0 0.698880 0.603718 0.105612 0.164220
0 0.527781 0.416365 0.069910 0.109924
2 0.944761 0.209431 0.069024 0.118058
0 0.848530 0.356136 0.062378 0.080835
0 0.985111 0.301998 0.029062 0.093747
0 0.188428 0.808656 0.172814 0.284025
0 0.674944 0.380427 0.068335 0.101421
0 0.011067 0.923525 0.022016 0.145205
0 0.461546 0.786241 0.140093 0.287087
0 0.469428 0.248074 0.038952 0.056637
1 0.188359 0.809889 0.172685 0.285014
2 0.743665 0.198630 0.055532 0.107675
0 0.605246 0.272231 0.044312 0.071826
0 0.680991 0.224814 0.037004 0.066869
1 0.744743 0.199857 0.052762 0.108586
2 0.789842 0.167477 0.041734 0.074106