0 0.617441 0.644942 0.098533 0.200273
0 0.171670 0.609585 0.132586 0.139543
0 0.913399 0.573831 0.109004 0.172575
0 0.378956 0.572173 0.091743 0.120435
0 0.312599 0.540785 0.106464 0.113318
0 0.843961 0.420976 0.064488 0.098643
1 0.278322 0.851902 0.197418 0.284591
0 0.961195 0.773419 0.077010 0.262911
0 0.082714 0.822890 0.164458 0.215163
0 0.698851 0.865530 0.113609 0.264847
0 0.259711 0.511688 0.080627 0.097701
1 0.779271 0.569058 0.090989 0.262567
0 0.319035 0.452296 0.071952 0.072838
0 0.077572 0.949270 0.154419 0.101460
3 0.897290 0.906353 0.063395 0.166732
0 0.700327 0.467969 0.066576 0.163918
0 0.669466 0.362058 0.037679 0.071711
4 0.261827 0.618285 0.026729 0.098510
4 0.601598 0.930576 0.050016 0.133601
4 0.722039 0.701795 0.036902 0.082241
0 0.819791 0.380716 0.049940 0.079478
0 0.056040 0.719955 0.111358 0.094097
0 0.760228 0.944034 0.149033 0.109475
4 0.898649 0.826908 0.065144 0.133266
2 0.751563 0.328976 0.074945 0.135825
0 0.618255 0.281576 0.029307 0.043103
0 0.701001 0.277016 0.041589 0.072855
3 0.413653 0.709517 0.045512 0.121344
0 0.566719 0.321816 0.041206 0.057883
4 0.122642 0.841634 0.044125 0.149021
0 0.422355 0.355450 0.042902 0.057159
0 0.374427 0.436148 0.046318 0.101377
0 0.399099 0.387947 0.050709 0.066129
3 0.602532 0.960810 0.047928 0.076452
0 0.357032 0.399190 0.052369 0.040636
4 0.085735 0.835114 0.031779 0.144991
0 0.815046 0.317382 0.037986 0.052174
0 0.452528 0.322872 0.031250 0.053398
1 0.927089 0.350678 0.145032 0.307588
1 0.554072 0.372372 0.050758 0.118126
0 0.030571 0.721070 0.060855 0.090949