0 0.620145 0.905401 0.059427 0.074855
2 0.624599 0.582335 0.071121 0.092514
0 0.787668 0.881148 0.066520 0.087249
0 0.325503 0.839287 0.064754 0.070462
0 0.455963 0.778042 0.047897 0.063089
0 0.617592 0.703028 0.027467 0.052519
0 0.485576 0.707431 0.038610 0.059520
0 0.535416 0.701311 0.040304 0.060594
0 0.599343 0.962331 0.063745 0.075338
0 0.049425 0.834549 0.061355 0.056867
0 0.105551 0.934552 0.061841 0.067542
0 0.434165 0.633685 0.033991 0.036712
0 0.434770 0.761232 0.042153 0.059609
0 0.667885 0.595012 0.026554 0.046218
0 0.696159 0.810232 0.070261 0.084942
0 0.664420 0.709786 0.025317 0.059817
0 0.543111 0.856461 0.043348 0.068228
2 0.602021 0.494966 0.044052 0.067868
0 0.183662 0.828988 0.055846 0.060154
0 0.044923 0.915416 0.052558 0.047259
0 0.288071 0.913230 0.064136 0.084160
0 0.391356 0.828245 0.049916 0.071505
0 0.291105 0.962191 0.080347 0.075618
0 0.666296 0.643826 0.027093 0.043306
0 0.895654 0.920970 0.069766 0.097197
0 0.481670 0.557276 0.018627 0.035489
1 0.418999 0.940496 0.088796 0.117368
0 0.196639 0.970424 0.054158 0.059112
0 0.809929 0.847232 0.059610 0.083153
0 0.702998 0.580457 0.020978 0.042630
0 0.214831 0.922661 0.050360 0.061437
1 0.895495 0.920184 0.070072 0.096888