0 0.684901 0.658042 0.118193 0.179629
0 0.947747 0.898673 0.103472 0.196195
0 0.478011 0.847777 0.145717 0.227754
0 0.481140 0.594226 0.098962 0.154749
0 0.123635 0.528115 0.151412 0.125429
0 0.666593 0.441574 0.087784 0.141152
0 0.521753 0.441945 0.068912 0.116451
0 0.345149 0.443344 0.080063 0.108172
0 0.420121 0.338885 0.052088 0.076320
0 0.524082 0.333600 0.054044 0.079270
0 0.620927 0.411195 0.069609 0.108500
1 0.892650 0.189502 0.057149 0.097179
1 0.866980 0.225019 0.046972 0.065963
1 0.740165 0.202932 0.061942 0.104322
0 0.530126 0.264107 0.040254 0.064772
0 0.599265 0.279461 0.043793 0.071157
1 0.828876 0.208048 0.038427 0.058417
0 0.683923 0.228646 0.045417 0.068088
0 0.499180 0.247181 0.036279 0.054130
4 0.947710 0.204553 0.018511 0.077747