0 0.092194 0.757167 0.183560 0.260881
0 0.624660 0.866838 0.191853 0.259464
0 0.502773 0.739719 0.193229 0.324736
0 0.446316 0.248973 0.162229 0.244195
0 0.132349 0.473095 0.149402 0.276514
0 0.062001 0.885167 0.123331 0.218270
0 0.276529 0.357582 0.158236 0.137531
0 0.219267 0.226847 0.128520 0.212977
1 0.293457 0.652904 0.213395 0.511031
4 0.773746 0.635770 0.039195 0.254749
1 0.040731 0.287263 0.080970 0.346659
4 0.829041 0.530839 0.044484 0.191896
4 0.281608 0.091092 0.036775 0.181523
4 0.236357 0.062506 0.041574 0.122601
4 0.727349 0.434402 0.052524 0.248518
0 0.291222 0.289994 0.142991 0.207503
0 0.118305 0.257575 0.103632 0.218374
4 0.662047 0.453201 0.042080 0.235874
1 0.451895 0.503835 0.187938 0.309353
4 0.856728 0.505756 0.034149 0.211595
4 0.225954 0.837420 0.066039 0.271372
0 0.451893 0.504042 0.188002 0.307880
4 0.612351 0.463551 0.046279 0.200221
4 0.324010 0.098035 0.033110 0.131932
0 0.142372 0.096632 0.123590 0.154570
4 0.839483 0.357231 0.044582 0.142047
0 0.041456 0.117612 0.082753 0.073801
0 0.153953 0.117063 0.099096 0.112575
4 0.862092 0.976521 0.030025 0.045925
3 0.974037 0.505443 0.051311 0.132431
4 0.779902 0.490396 0.049507 0.146449