0 0.240843 0.892285 0.130887 0.213042
0 0.539028 0.365825 0.057150 0.088752
0 0.582593 0.540717 0.096055 0.184602
0 0.981021 0.404613 0.037342 0.119528
4 0.056724 0.712560 0.040495 0.152401
0 0.914711 0.314525 0.059765 0.082051
0 0.792180 0.343112 0.061885 0.076601
0 0.869789 0.281976 0.047117 0.063500
0 0.698032 0.257978 0.043059 0.060350
0 0.969620 0.529793 0.059752 0.119091
0 0.971013 0.369540 0.057973 0.092349
0 0.811894 0.232508 0.036717 0.049517
0 0.844846 0.263000 0.038610 0.060615
0 0.478549 0.248345 0.035466 0.053779
0 0.983971 0.224720 0.031305 0.048487
1 0.581897 0.173545 0.032269 0.072974
0 0.962466 0.296082 0.044018 0.054327
2 0.491491 0.170544 0.041592 0.083836
0 0.537125 0.190100 0.033039 0.047213