0 0.321629 0.756380 0.127421 0.237098
0 0.072833 0.706280 0.144987 0.202562
0 0.108362 0.848923 0.200000 0.291041
0 0.815858 0.845865 0.220326 0.298127
0 0.434590 0.818735 0.087642 0.239219
0 0.155129 0.457760 0.072620 0.064029
0 0.311007 0.517982 0.057639 0.095967
0 0.416240 0.491327 0.042861 0.090218
0 0.270087 0.503877 0.058104 0.103373
0 0.386276 0.384403 0.031484 0.050534
0 0.032081 0.500001 0.063640 0.047163
0 0.351788 0.394249 0.035505 0.057187
0 0.593592 0.491962 0.042796 0.090364
3 0.285985 0.610308 0.030624 0.081374
0 0.665822 0.620325 0.047417 0.062757
0 0.881688 0.792893 0.078601 0.094409
0 0.987255 0.836011 0.024848 0.092018
4 0.022494 0.624210 0.029808 0.089813
0 0.077852 0.576681 0.062276 0.046368
1 0.591894 0.486126 0.046005 0.099475
4 0.987433 0.836282 0.024446 0.093349