0 0.833858 0.820893 0.160989 0.267188
0 0.919127 0.717781 0.160769 0.214903
0 0.625376 0.590347 0.107194 0.214843
0 0.617259 0.886251 0.203886 0.223271
0 0.663184 0.366882 0.086247 0.172380
1 0.481440 0.485487 0.111184 0.219904
0 0.530111 0.730220 0.097844 0.251943
3 0.692801 0.523246 0.037309 0.108059
0 0.585579 0.262925 0.071501 0.112874
4 0.692413 0.490325 0.043181 0.167822
1 0.418026 0.817481 0.143826 0.356530
4 0.418567 0.830188 0.056043 0.077212
4 0.600954 0.435463 0.038258 0.107150
4 0.804372 0.532939 0.047128 0.148149
3 0.806287 0.578646 0.040720 0.124804
3 0.857196 0.433733 0.026234 0.094495
0 0.681768 0.034320 0.039799 0.066243
3 0.762366 0.350169 0.049301 0.085994
3 0.771361 0.351653 0.037341 0.092005
4 0.852392 0.390501 0.035812 0.131343
4 0.986003 0.856607 0.027154 0.164626
3 0.751377 0.349314 0.028121 0.079911
4 0.496413 0.543574 0.039659 0.119677
0 0.533416 0.309712 0.072749 0.146383
4 0.794282 0.264455 0.027206 0.136213
3 0.730044 0.257990 0.023704 0.073388