1 0.852783 0.785709 0.140236 0.207510
0 0.663820 0.649192 0.068498 0.142665
0 0.221345 0.669653 0.111480 0.123781
0 0.587008 0.555034 0.046449 0.101613
0 0.290791 0.575362 0.080780 0.092071
0 0.338119 0.511275 0.056814 0.071087
0 0.681486 0.513315 0.054732 0.078811
0 0.749582 0.530033 0.075659 0.086047
0 0.563050 0.469167 0.031559 0.065706
0 0.757901 0.628525 0.083600 0.129115
0 0.829108 0.634651 0.105873 0.136333
0 0.601264 0.473132 0.031424 0.061168
0 0.426952 0.500319 0.045689 0.076298
0 0.313196 0.711612 0.087584 0.141078
3 0.301152 0.877284 0.040119 0.087871
1 0.955347 0.776710 0.088286 0.158998
4 0.301871 0.844268 0.039456 0.121509
0 0.985299 0.866975 0.028874 0.155234
0 0.371074 0.468676 0.043404 0.054787
0 0.459952 0.459243 0.025646 0.052017
0 0.480564 0.515874 0.033084 0.086522
1 0.404827 0.608207 0.073774 0.142137
0 0.404682 0.608195 0.073159 0.141463
4 0.135859 0.631970 0.026627 0.080346
1 0.488015 0.399707 0.024213 0.078351
0 0.297956 0.736957 0.057536 0.092837