2 0.037178 0.818946 0.073759 0.354424
0 0.473937 0.679516 0.121058 0.174556
2 0.757343 0.210533 0.060897 0.115941
2 0.420322 0.333079 0.087115 0.190150
0 0.533824 0.839914 0.128858 0.216528
0 0.641244 0.476218 0.075196 0.157870
2 0.871400 0.182529 0.058015 0.097039
0 0.812880 0.207021 0.034078 0.044730
2 0.962462 0.215758 0.073433 0.130795
0 0.783206 0.834651 0.126510 0.291569
0 0.537094 0.241104 0.039209 0.056357
0 0.451097 0.973192 0.142654 0.053616
2 0.467931 0.214597 0.052728 0.118219
0 0.587322 0.264448 0.047423 0.077191
1 0.783706 0.835607 0.126046 0.291090
2 0.435371 0.254991 0.070954 0.150581
0 0.631336 0.422395 0.073498 0.102124
0 0.680038 0.224208 0.040250 0.065944
0 0.620015 0.254287 0.033434 0.053210
1 0.439023 0.255351 0.068637 0.147657
0 0.600121 0.372696 0.060578 0.120067