2 0.314117 0.529847 0.156478 0.341261
0 0.639972 0.494384 0.095808 0.169212
2 0.410652 0.316947 0.088008 0.195771
0 0.773361 0.490359 0.084415 0.121529
2 0.738200 0.197837 0.067786 0.106860
2 0.127071 0.873363 0.252646 0.250759
0 0.658788 0.369313 0.062721 0.093773
0 0.533488 0.336643 0.058377 0.109297
2 0.836936 0.174327 0.044370 0.089601
2 0.955984 0.215148 0.076790 0.127881
0 0.614160 0.273417 0.044369 0.066559
2 0.890539 0.187924 0.059092 0.103633
2 0.803405 0.171043 0.028327 0.071639
0 0.681147 0.226283 0.038339 0.063559
4 0.341678 0.529917 0.034781 0.065273