3 0.115251 0.828539 0.167923 0.329672
0 0.847911 0.633073 0.108682 0.169631
0 0.454446 0.713972 0.214958 0.316698
0 0.054544 0.669970 0.108635 0.194004
0 0.344768 0.629720 0.066987 0.106667
0 0.256404 0.614632 0.089939 0.077896
3 0.730371 0.702043 0.058908 0.166862
3 0.569353 0.867019 0.116782 0.256442
4 0.666282 0.670551 0.063822 0.238754
4 0.581531 0.768971 0.148213 0.434549
2 0.961108 0.628745 0.077179 0.427573
4 0.118276 0.726139 0.118322 0.329857
3 0.662673 0.756928 0.066738 0.218240
0 0.766264 0.627967 0.033173 0.098616
0 0.193514 0.616263 0.042952 0.078359
4 0.729921 0.654535 0.056369 0.184580
1 0.425081 0.560816 0.109602 0.191930
1 0.450171 0.530456 0.158704 0.251411
1 0.960765 0.630394 0.077634 0.428552
0 0.138438 0.609172 0.111071 0.097866
0 0.699882 0.597539 0.052501 0.078910