0 0.467208 0.732014 0.122051 0.193766
0 0.685932 0.511881 0.098960 0.166975
0 0.713734 0.838108 0.148232 0.231687
0 0.512618 0.504519 0.081861 0.138389
0 0.100007 0.529432 0.114204 0.115417
0 0.404772 0.377656 0.058924 0.091168
1 0.891770 0.189172 0.055288 0.094830
0 0.312296 0.466594 0.099400 0.114653
0 0.628636 0.464291 0.070242 0.122150
0 0.519582 0.364941 0.059536 0.088611
0 0.660101 0.378397 0.059860 0.103717
0 0.527377 0.285259 0.044567 0.067354
0 0.695869 0.375725 0.050389 0.093812
0 0.603103 0.305274 0.048070 0.066596
1 0.739285 0.203184 0.066407 0.104049
0 0.854737 0.218331 0.040447 0.067459
1 0.488158 0.183846 0.044158 0.086655
1 0.854630 0.218317 0.041523 0.068862
0 0.481312 0.261088 0.044562 0.065554