0 0.520130 0.681903 0.116092 0.173558
0 0.959943 0.476696 0.079018 0.138233
0 0.440031 0.317646 0.049813 0.078210
0 0.886396 0.374221 0.072292 0.093753
0 0.797353 0.298056 0.054173 0.073353
0 0.877201 0.284303 0.039874 0.063549
1 0.488917 0.177331 0.048567 0.093681
0 0.913822 0.302361 0.058967 0.094375
0 0.737721 0.249624 0.037903 0.055286
0 0.549201 0.203854 0.027546 0.041258
0 0.674938 0.229254 0.036800 0.047024
0 0.842500 0.256127 0.045490 0.060085
2 0.488314 0.177437 0.049140 0.092978
0 0.584522 0.201003 0.027832 0.029367
0 0.805494 0.229862 0.035914 0.057275
1 0.771942 0.176416 0.032230 0.101497