2 0.425275 0.299726 0.078273 0.177310
0 0.609664 0.390198 0.060934 0.099999
0 0.531693 0.316873 0.050725 0.073596
0 0.884139 0.256615 0.039624 0.048912
0 0.952154 0.298122 0.058456 0.071818
0 0.028802 0.901827 0.057087 0.179055
2 0.482597 0.179237 0.052516 0.073424
0 0.830594 0.251956 0.054869 0.072458
2 0.474911 0.262254 0.044014 0.114786
4 0.097481 0.562965 0.030886 0.121239
0 0.601069 0.241044 0.031988 0.065073
0 0.712886 0.272864 0.046055 0.083198
1 0.988019 0.430488 0.023312 0.226582
0 0.519150 0.262971 0.052300 0.070290
1 0.580446 0.203595 0.034934 0.083973
0 0.795420 0.240354 0.028770 0.043633