0 0.622468 0.765605 0.132181 0.269949
0 0.541451 0.431804 0.069682 0.106876
0 0.886865 0.414815 0.074293 0.101750
0 0.968250 0.360554 0.062499 0.113089
4 0.018248 0.778145 0.036496 0.162374
0 0.882124 0.287912 0.053320 0.075198
0 0.748989 0.299707 0.050111 0.073385
0 0.687345 0.244193 0.038722 0.059483
0 0.467711 0.265194 0.041016 0.066045
0 0.844618 0.260486 0.042898 0.058008
0 0.934547 0.336006 0.050812 0.078058
3 0.016801 0.839424 0.032929 0.118857
1 0.490278 0.174666 0.050994 0.085915
0 0.922952 0.266071 0.041883 0.059371
0 0.540161 0.195526 0.040116 0.038448
0 0.823905 0.249840 0.035152 0.053789