0 0.748705 0.479052 0.216476 0.223511
0 0.394207 0.481551 0.202001 0.259898
0 0.596006 0.931630 0.159536 0.134616
0 0.110130 0.865241 0.147175 0.253156
0 0.127859 0.944520 0.157620 0.109990
0 0.643362 0.701145 0.216035 0.271754
0 0.025038 0.694286 0.049596 0.260736
0 0.441503 0.225948 0.149363 0.201868
4 0.772215 0.626292 0.045566 0.247380
0 0.323782 0.382026 0.165233 0.250657
3 0.477676 0.771882 0.225010 0.328469
0 0.338708 0.218768 0.058282 0.092112
4 0.293168 0.192315 0.046033 0.151323
1 0.114603 0.378339 0.228447 0.407025
4 0.712098 0.517278 0.041918 0.211801
0 0.130763 0.682784 0.196989 0.311507
0 0.801006 0.846917 0.319595 0.290938
0 0.024634 0.110545 0.048522 0.157306
4 0.516885 0.514775 0.057115 0.208370
0 0.853970 0.849358 0.214652 0.286717
3 0.268108 0.845082 0.088449 0.177328
4 0.966916 0.815796 0.061054 0.275611
4 0.857886 0.649826 0.053500 0.147650
4 0.010157 0.238913 0.020205 0.161041
0 0.475289 0.331839 0.132075 0.100110
4 0.679769 0.334731 0.045818 0.140369
3 0.344851 0.605811 0.151537 0.279097
4 0.959924 0.336659 0.043687 0.114226