0 0.622341 0.898576 0.058601 0.073670
0 0.272904 0.876442 0.078479 0.098850
0 0.053549 0.828519 0.061134 0.058824
0 0.755503 0.897668 0.060641 0.087198
0 0.601487 0.959400 0.062453 0.080719
0 0.109493 0.926837 0.060713 0.066734
0 0.508613 0.685955 0.040322 0.049004
0 0.049983 0.907499 0.054702 0.047928
0 0.375001 0.832528 0.050547 0.070249
0 0.178940 0.827498 0.056474 0.058558
0 0.662466 0.579049 0.032608 0.046184
0 0.655903 0.697633 0.026766 0.059377
0 0.533467 0.696314 0.034984 0.056959
0 0.293630 0.959837 0.076752 0.080325
0 0.217283 0.964383 0.066506 0.069835
2 0.605065 0.488484 0.042302 0.075264
0 0.702624 0.967370 0.091362 0.063682
0 0.698491 0.552696 0.020897 0.034382
4 0.631766 0.837766 0.011872 0.050190
0 0.484104 0.554398 0.019535 0.034451
4 0.603925 0.805564 0.012327 0.055476