4 0.121057 0.750174 0.241293 0.483258
0 0.199036 0.768662 0.395666 0.435494
0 0.833557 0.625394 0.138707 0.198508
4 0.552707 0.739608 0.135610 0.409901
3 0.545594 0.847118 0.143677 0.295211
3 0.672302 0.737955 0.080654 0.238716
0 0.460404 0.681329 0.152912 0.277669
0 0.621693 0.597892 0.066600 0.108548
0 0.417256 0.585841 0.133614 0.131446
4 0.673604 0.668012 0.079318 0.257335
4 0.932426 0.597044 0.036643 0.110089
0 0.706059 0.613271 0.086717 0.161960
2 0.972839 0.627695 0.053542 0.517141
0 0.759210 0.609384 0.041663 0.113467
3 0.938489 0.645400 0.027912 0.102205
4 0.672164 0.632849 0.075797 0.184315
1 0.372017 0.493161 0.121928 0.132404
1 0.974972 0.630552 0.049424 0.526348