2 0.806725 0.538234 0.173875 0.339211
0 0.326984 0.475429 0.089219 0.108533
0 0.637986 0.751035 0.097335 0.166916
0 0.971296 0.884374 0.056766 0.132413
0 0.837294 0.873268 0.134191 0.195541
0 0.721083 0.729562 0.092498 0.168314
0 0.649773 0.536826 0.060834 0.117194
0 0.876109 0.812814 0.126266 0.200761
0 0.375410 0.714620 0.063496 0.158059
0 0.140195 0.590528 0.114333 0.149767
0 0.242245 0.513556 0.090351 0.105565
2 0.757658 0.287372 0.083863 0.178118
0 0.731311 0.644439 0.093804 0.133670
2 0.040917 0.553012 0.081350 0.187978
0 0.032576 0.876170 0.064528 0.124725
0 0.100985 0.392464 0.097153 0.098257
0 0.154043 0.442741 0.105073 0.108499
4 0.592491 0.957195 0.035748 0.082178
0 0.236573 0.378445 0.075259 0.090991
0 0.177083 0.347470 0.072887 0.087720
4 0.287110 0.884424 0.024345 0.048993
2 0.047371 0.713020 0.094256 0.172427
0 0.671328 0.870069 0.099401 0.161475
4 0.309119 0.873154 0.022083 0.077523
1 0.303880 0.143419 0.106838 0.101252
4 0.394476 0.625242 0.022651 0.064668
0 0.495382 0.238332 0.067118 0.077920