0 0.913761 0.746955 0.126914 0.206674
2 0.375629 0.455207 0.130024 0.272510
2 0.416022 0.309447 0.087335 0.186956
0 0.837420 0.867229 0.148550 0.261669
0 0.716504 0.449173 0.085024 0.114414
2 0.968397 0.220747 0.062338 0.128486
0 0.600369 0.313484 0.059484 0.101675
2 0.896400 0.192036 0.062174 0.111171
0 0.532943 0.277040 0.044377 0.060142
0 0.787209 0.195846 0.025737 0.041680
2 0.835940 0.173137 0.050936 0.086526
0 0.636956 0.301946 0.038379 0.075498
2 0.447326 0.237889 0.065054 0.135959
0 0.680336 0.226183 0.038840 0.064471
1 0.611035 0.501842 0.091366 0.244459
2 0.749872 0.202643 0.053455 0.109273
0 0.610978 0.502987 0.091117 0.242471
1 0.749809 0.202727 0.052903 0.109974
1 0.896259 0.191964 0.060287 0.108618
1 0.835886 0.173804 0.051831 0.086455
0 0.585990 0.225777 0.038046 0.055732