2 0.416585 0.333198 0.086785 0.199119
0 0.619682 0.444910 0.076579 0.117700
2 0.964933 0.420314 0.069269 0.246883
0 0.523711 0.343680 0.056725 0.078649
2 0.480218 0.198512 0.049806 0.097738
0 0.871828 0.259422 0.039551 0.043859
0 0.935662 0.294674 0.057749 0.066804
0 0.824689 0.256968 0.054174 0.072708
0 0.988038 0.254800 0.023261 0.048689
4 0.084987 0.560010 0.023440 0.107835
0 0.707651 0.271123 0.043085 0.081185
1 0.573877 0.208082 0.040269 0.074189
0 0.603753 0.255926 0.032417 0.072207
0 0.581033 0.250291 0.022633 0.054932
0 0.667428 0.234585 0.037371 0.053499
0 0.788598 0.239943 0.034295 0.050439
0 0.725773 0.237079 0.047696 0.059540