0 0.144822 0.672617 0.113970 0.181781
0 0.228259 0.660586 0.098645 0.157013
0 0.356560 0.653520 0.079544 0.158345
0 0.627389 0.600205 0.079059 0.162177
0 0.385923 0.383774 0.031420 0.051838
0 0.317878 0.440414 0.044550 0.072876
3 0.817991 0.855986 0.087919 0.133138
0 0.077591 0.580414 0.064266 0.049026
3 0.093052 0.893868 0.083292 0.151646
4 0.987983 0.843619 0.023335 0.092856
0 0.016971 0.502844 0.033238 0.048835
4 0.647921 0.553954 0.019589 0.087173
3 0.881864 0.802549 0.077075 0.077807
3 0.152463 0.469329 0.033423 0.036514
0 0.152545 0.469839 0.033101 0.036212
4 0.083523 0.843503 0.036842 0.073528
4 0.821522 0.823932 0.043107 0.083581