0 0.395422 0.405201 0.066694 0.100638
0 0.752489 0.246382 0.039570 0.052406
0 0.813082 0.305071 0.045467 0.067355
0 0.951245 0.285862 0.055047 0.074226
0 0.766978 0.317776 0.064327 0.091746
0 0.985956 0.314531 0.027436 0.073681
0 0.567770 0.212371 0.036391 0.050460
2 0.481654 0.185665 0.048876 0.100386
0 0.872276 0.270795 0.052420 0.081174
0 0.533770 0.206755 0.038267 0.039941
1 0.482005 0.186108 0.048834 0.100843
0 0.730853 0.225372 0.030829 0.038987
0 0.802537 0.231558 0.041116 0.060288
0 0.669461 0.217790 0.035340 0.051411