0 0.757391 0.885095 0.073663 0.093427
0 0.593020 0.884030 0.082759 0.107919
0 0.851184 0.822399 0.080008 0.091365
0 0.619367 0.738984 0.058903 0.071918
0 0.113850 0.874765 0.079222 0.102628
0 0.598611 0.794844 0.058893 0.087027
0 0.544348 0.691604 0.041550 0.064694
0 0.472058 0.552685 0.040634 0.051919
0 0.251947 0.882473 0.080920 0.115113
0 0.688646 0.814218 0.067985 0.082039
0 0.863864 0.959052 0.098338 0.081896
2 0.736840 0.661999 0.071423 0.132131
0 0.154624 0.956295 0.084813 0.087411
0 0.672302 0.881885 0.064489 0.093060
0 0.749553 0.959862 0.100471 0.080277
0 0.249483 0.769263 0.064191 0.095793
0 0.435677 0.596888 0.043711 0.058334
0 0.063152 0.657567 0.061108 0.052629
0 0.220644 0.756962 0.076590 0.083382
0 0.518722 0.415072 0.020828 0.036600
0 0.120110 0.758802 0.060883 0.066210
0 0.584255 0.495729 0.030651 0.045640
0 0.481514 0.466862 0.040983 0.041387
0 0.961332 0.940196 0.076761 0.108289
0 0.331177 0.710809 0.059696 0.093241
2 0.608451 0.342759 0.044546 0.069221
0 0.400372 0.652694 0.047674 0.063755
0 0.632068 0.632188 0.025136 0.065342
0 0.629488 0.471755 0.027117 0.042267
0 0.889834 0.774411 0.069989 0.114860
0 0.102566 0.951922 0.080096 0.094240
1 0.736702 0.661919 0.071256 0.136985
4 0.954147 0.765204 0.013456 0.044767
0 0.338029 0.601926 0.054628 0.063295
0 0.559707 0.460433 0.026141 0.033561
0 0.039652 0.809235 0.078919 0.115870