0 0.539818 0.380420 0.058281 0.091898
0 0.219167 0.922315 0.137660 0.149076
0 0.952539 0.491857 0.092640 0.127947
0 0.591373 0.589696 0.103072 0.200657
4 0.043982 0.731073 0.040521 0.153054
0 0.776127 0.329537 0.058719 0.075938
0 0.695584 0.256905 0.042488 0.058898
0 0.476001 0.251922 0.038037 0.058062
0 0.905648 0.307443 0.059789 0.078975
0 0.862309 0.274648 0.046387 0.066642
0 0.810810 0.235425 0.033858 0.041792
0 0.977686 0.389852 0.043723 0.120066
0 0.962827 0.359283 0.062626 0.085804
0 0.984462 0.221832 0.029972 0.051838
0 0.838484 0.260336 0.037117 0.056818
2 0.492816 0.172125 0.047240 0.083459
0 0.951616 0.284329 0.041304 0.063595
1 0.581624 0.175995 0.033793 0.070695
3 0.044863 0.781521 0.033434 0.106715
1 0.537458 0.181932 0.037188 0.064462
1 0.491645 0.172742 0.044339 0.081971
1 0.669930 0.211033 0.033609 0.059312