0 0.712891 0.738332 0.124229 0.200157
2 0.384668 0.249184 0.061654 0.134693
0 0.568573 0.516616 0.096014 0.165778
0 0.802713 0.533719 0.095122 0.144901
0 0.162646 0.764868 0.175896 0.166306
0 0.875368 0.685893 0.127715 0.188037
0 0.420980 0.599961 0.101488 0.206888
0 0.116685 0.903591 0.233369 0.187771
0 0.678228 0.431254 0.070527 0.107512
0 0.519095 0.419363 0.068841 0.115977
0 0.643078 0.372112 0.062193 0.093918
2 0.739722 0.199105 0.064026 0.107589
0 0.502301 0.364364 0.057940 0.121402
0 0.531029 0.319803 0.049600 0.069997
0 0.624760 0.317307 0.050571 0.080779
0 0.604098 0.278209 0.044153 0.066153
2 0.804012 0.171122 0.056774 0.078437
2 0.813820 0.171261 0.036120 0.077093
0 0.680336 0.225781 0.039235 0.065651