2 0.814139 0.537792 0.175925 0.341911
0 0.678984 0.635454 0.093436 0.203792
0 0.070284 0.879092 0.140147 0.212028
0 0.251649 0.645017 0.123901 0.137251
0 0.035211 0.736771 0.069937 0.128913
0 0.444189 0.370591 0.086717 0.098980
0 0.495042 0.238637 0.067970 0.080195
2 0.072652 0.544007 0.144029 0.236153
0 0.517593 0.315087 0.072772 0.086646
0 0.716473 0.420699 0.039364 0.096077
0 0.663849 0.264550 0.079933 0.100354
0 0.298434 0.500448 0.086639 0.128741
0 0.329603 0.545506 0.113839 0.129590
0 0.303950 0.333939 0.066331 0.076023
0 0.213515 0.910659 0.198938 0.166625
0 0.343631 0.435344 0.069031 0.090699
2 0.302518 0.143419 0.108074 0.105676
2 0.192922 0.185081 0.120231 0.149663
1 0.183036 0.560156 0.162933 0.256339
0 0.506536 0.394126 0.093734 0.126416
4 0.548721 0.957274 0.024851 0.082670
0 0.758128 0.204368 0.036039 0.058888
0 0.364462 0.289904 0.083996 0.073236
4 0.521559 0.729158 0.019313 0.111054
4 0.871254 0.449915 0.016879 0.082900
2 0.182722 0.560199 0.163080 0.254975
4 0.361329 0.979618 0.023804 0.040764
4 0.382313 0.719354 0.022024 0.102462
0 0.240314 0.379791 0.082191 0.098405
0 0.102917 0.392580 0.099714 0.097195
4 0.384748 0.597048 0.021150 0.099212
0 0.159125 0.433759 0.097063 0.085841
0 0.271966 0.362954 0.069860 0.098180
4 0.862146 0.317422 0.015047 0.060822
4 0.282806 0.870409 0.029107 0.071247