0 0.430221 0.643231 0.109521 0.167126
0 0.584941 0.589872 0.100509 0.156221
0 0.715678 0.760582 0.131053 0.194148
0 0.647780 0.474220 0.080452 0.129583
0 0.771966 0.551633 0.106892 0.150849
1 0.891409 0.189027 0.055387 0.099461
0 0.740654 0.913156 0.186788 0.172495
0 0.416548 0.377171 0.063150 0.091182
0 0.500772 0.466967 0.077359 0.120081
0 0.277028 0.679735 0.112206 0.242871
0 0.700398 0.427309 0.073649 0.104038
0 0.871911 0.674539 0.111095 0.170370
0 0.967391 0.252935 0.046310 0.075232
0 0.514561 0.331572 0.054495 0.079727
0 0.634985 0.330271 0.053931 0.078085
1 0.828954 0.207320 0.029826 0.061333