0 0.698510 0.839041 0.112505 0.189347
0 0.467294 0.657587 0.087470 0.146987
0 0.554914 0.487060 0.074477 0.101350
0 0.669760 0.408234 0.058071 0.081897
0 0.639735 0.559952 0.082218 0.129302
0 0.201560 0.955252 0.141781 0.085969
0 0.793836 0.574280 0.087292 0.138071
0 0.814286 0.632777 0.082793 0.139661
0 0.911098 0.959867 0.176497 0.071303
0 0.901834 0.909616 0.196324 0.154764
1 0.391627 0.905993 0.094237 0.184357
0 0.420263 0.374281 0.053140 0.084494
0 0.781530 0.312768 0.044992 0.063485
3 0.417696 0.742903 0.036401 0.089968
0 0.819958 0.525560 0.116671 0.111300
4 0.422224 0.700869 0.049365 0.138909
4 0.780589 0.848028 0.035160 0.160398
1 0.459722 0.401573 0.042786 0.093896
0 0.581839 0.434614 0.069709 0.115424
1 0.337695 0.678127 0.071299 0.171808
0 0.618129 0.246294 0.032513 0.049683
3 0.651959 0.671390 0.061707 0.088466
0 0.681540 0.359656 0.043733 0.059317
0 0.908509 0.474878 0.091390 0.093366
0 0.650574 0.276049 0.040544 0.056825
0 0.833964 0.363976 0.050107 0.057962
0 0.681234 0.369155 0.047467 0.078648