0 0.800324 0.835646 0.176310 0.271331
0 0.728322 0.468361 0.109045 0.178069
0 0.450633 0.832226 0.164482 0.299200
0 0.693238 0.678004 0.132645 0.219790
0 0.627822 0.876070 0.168452 0.240875
0 0.452032 0.643541 0.130057 0.169381
0 0.874319 0.641986 0.151542 0.230671
0 0.598842 0.361004 0.082362 0.154228
0 0.588644 0.548502 0.136607 0.232647
0 0.762865 0.397887 0.108171 0.147802
4 0.858716 0.485748 0.049668 0.097295
3 0.570512 0.687648 0.042231 0.121425
2 0.449459 0.463376 0.099948 0.200006
4 0.570749 0.621251 0.048526 0.169864
0 0.683152 0.037108 0.040591 0.071218
1 0.953483 0.816528 0.092083 0.355704
4 0.801367 0.267820 0.029009 0.113574
0 0.619803 0.222756 0.064894 0.122948
4 0.637488 0.288175 0.030642 0.115104
1 0.646133 0.165210 0.070914 0.116946
4 0.427997 0.620794 0.030886 0.051431
3 0.802288 0.296737 0.028838 0.082617
4 0.673638 0.640425 0.035534 0.054903
4 0.764843 0.188328 0.022514 0.071298