2 0.324830 0.339713 0.094291 0.202466
0 0.491425 0.768350 0.135894 0.230476
0 0.681927 0.536062 0.100557 0.145516
0 0.736449 0.447568 0.084435 0.116111
0 0.732239 0.801917 0.143328 0.221145
0 0.519138 0.480190 0.081786 0.125935
0 0.824294 0.958699 0.147409 0.077851
0 0.397106 0.620706 0.112380 0.220904
1 0.922568 0.201269 0.067481 0.109539
0 0.778283 0.316777 0.054884 0.072299
0 0.460685 0.915035 0.179469 0.165898
0 0.453220 0.270229 0.042132 0.064882
0 0.523187 0.376152 0.064095 0.111943
0 0.612562 0.299612 0.050146 0.070881
1 0.101068 0.855340 0.195451 0.289319
0 0.952839 0.275762 0.047564 0.087838
0 0.100975 0.854549 0.195850 0.290084
2 0.787056 0.163604 0.039660 0.068629
0 0.503640 0.352804 0.062276 0.096194
0 0.530833 0.268811 0.036876 0.059314
2 0.740282 0.197139 0.061877 0.108247
1 0.952412 0.276200 0.047523 0.086452
0 0.496556 0.280611 0.046886 0.078571