0 0.270121 0.724010 0.110791 0.136286
0 0.293043 0.588439 0.077260 0.094865
0 0.221480 0.679357 0.109077 0.126277
0 0.631342 0.813476 0.105099 0.284088
0 0.751270 0.558756 0.077110 0.106680
0 0.829086 0.658535 0.112320 0.151324
0 0.899856 0.857903 0.165816 0.246719
0 0.475132 0.531690 0.040159 0.070413
0 0.339103 0.521881 0.058131 0.062997
0 0.495521 0.427673 0.019690 0.037416
0 0.578086 0.484138 0.032113 0.059626
0 0.664659 0.520555 0.043510 0.080595
0 0.372425 0.481787 0.043582 0.053565
0 0.768860 0.773036 0.108878 0.200988
0 0.393647 0.451848 0.032146 0.038722
4 0.022050 0.945075 0.041936 0.106880
0 0.603947 0.457490 0.024126 0.043200
0 0.693197 0.490661 0.027613 0.037622
0 0.412150 0.424968 0.031140 0.041297