0 0.637453 0.852511 0.147470 0.293069
0 0.542427 0.453378 0.075430 0.111679
0 0.964169 0.350013 0.069551 0.112447
0 0.464085 0.268514 0.042917 0.070253
0 0.743090 0.290044 0.048257 0.069163
0 0.866213 0.389300 0.069491 0.095686
0 0.684551 0.240751 0.038558 0.057572
0 0.924864 0.326157 0.051000 0.077805
4 0.012331 0.803169 0.024657 0.173051
0 0.872968 0.280363 0.052288 0.071908
0 0.839353 0.255316 0.040401 0.056397
1 0.489170 0.174247 0.048412 0.087075
0 0.992518 0.479158 0.014177 0.080179
3 0.012118 0.857889 0.023288 0.112844