0 0.339928 0.507731 0.081879 0.128432
0 0.968635 0.500809 0.062231 0.152578
0 0.978306 0.315624 0.042397 0.069083
0 0.946283 0.277745 0.046564 0.063783
0 0.915935 0.257692 0.039751 0.060473
2 0.474560 0.197471 0.051466 0.113349
0 0.580688 0.233907 0.034556 0.045426
0 0.696627 0.257859 0.046303 0.076344
0 0.859638 0.262430 0.059237 0.077958
0 0.736401 0.227807 0.036303 0.045904
4 0.025230 0.689611 0.040867 0.126746
0 0.554702 0.221719 0.032915 0.048980
2 0.528000 0.194705 0.038586 0.085987
0 0.777518 0.267471 0.043781 0.063386
2 0.492500 0.166962 0.041026 0.075571
0 0.526623 0.216647 0.035038 0.042333
0 0.822940 0.247813 0.031600 0.051192