0 0.699877 0.443622 0.053455 0.112970
0 0.155345 0.916335 0.174282 0.151044
0 0.594354 0.760657 0.087676 0.190283
2 0.271512 0.536932 0.181967 0.252285
0 0.110194 0.712136 0.122523 0.153687
0 0.095422 0.836093 0.139071 0.168141
0 0.699107 0.234036 0.061878 0.098104
0 0.752754 0.328579 0.048215 0.076149
2 0.232820 0.414488 0.090894 0.157997
0 0.175045 0.525628 0.109572 0.121879
0 0.422471 0.618565 0.080596 0.135806
0 0.651570 0.371032 0.048140 0.113349
0 0.731679 0.601612 0.064234 0.136407
0 0.496569 0.239402 0.071104 0.079025
0 0.684198 0.698200 0.073032 0.144678
2 0.302556 0.143980 0.106497 0.104629
0 0.013671 0.931236 0.027053 0.132766
2 0.378638 0.370324 0.080523 0.123614
0 0.029593 0.581892 0.058608 0.108427
2 0.192202 0.183250 0.120563 0.146564
0 0.310366 0.405306 0.073901 0.089749
4 0.359437 0.975802 0.017096 0.045445
0 0.385000 0.466203 0.061970 0.105949
4 0.412059 0.951691 0.026711 0.092800
0 0.441943 0.735652 0.072154 0.153056
4 0.659855 0.844757 0.022469 0.104455
0 0.211285 0.709169 0.140448 0.175750
0 0.102731 0.393167 0.094786 0.099655
4 0.509857 0.888987 0.024175 0.118857
4 0.882221 0.495058 0.020659 0.083818