2 0.391919 0.359424 0.108075 0.222339
2 0.323438 0.577749 0.167526 0.351342
0 0.803489 0.580536 0.112224 0.158222
2 0.433903 0.259590 0.074209 0.157474
0 0.609719 0.358230 0.069483 0.115137
2 0.870537 0.184028 0.054272 0.100242
0 0.531577 0.297488 0.049045 0.068286
2 0.943195 0.209128 0.072855 0.118912
0 0.659689 0.342874 0.050003 0.086154
1 0.623366 0.676820 0.121960 0.326141
2 0.743844 0.198903 0.057542 0.109290
2 0.818689 0.172586 0.044629 0.080193
1 0.818456 0.172785 0.044968 0.078356
0 0.680422 0.226880 0.038932 0.064096
4 0.352688 0.562433 0.039347 0.072515
0 0.778309 0.196886 0.017164 0.035189
0 0.595726 0.236736 0.037195 0.056788
0 0.507766 0.263450 0.035706 0.057554
0 0.618712 0.282503 0.049214 0.062377