2 0.382789 0.253669 0.063643 0.138336
0 0.129732 0.803689 0.188817 0.198913
0 0.723681 0.801156 0.131743 0.219161
0 0.909447 0.761859 0.140013 0.208959
0 0.823351 0.577216 0.101115 0.155429
0 0.400111 0.628766 0.106317 0.218705
0 0.572016 0.549305 0.104684 0.176211
0 0.687174 0.452176 0.075157 0.116191
0 0.097810 0.941758 0.194549 0.111073
0 0.518906 0.435131 0.072431 0.122190
0 0.647983 0.387683 0.063692 0.101742
2 0.741210 0.198010 0.059750 0.108883
0 0.604911 0.284269 0.045905 0.071079
0 0.495395 0.376281 0.065105 0.124844
0 0.628278 0.327162 0.056371 0.084242
0 0.531298 0.325582 0.049812 0.076988
0 0.429162 0.529385 0.090264 0.180429
1 0.424693 0.527887 0.096735 0.185259
0 0.498461 0.259623 0.038165 0.070332