0 0.455050 0.607402 0.060221 0.116177
0 0.221348 0.674215 0.110089 0.121558
0 0.292278 0.588184 0.078188 0.094916
0 0.673142 0.875790 0.121872 0.245031
0 0.681754 0.526660 0.054013 0.082107
0 0.644440 0.601581 0.056327 0.115635
0 0.751664 0.549136 0.075381 0.098555
0 0.781057 0.663946 0.099911 0.143481
0 0.832080 0.650101 0.103833 0.141674
0 0.335562 0.752716 0.097207 0.162583
0 0.419689 0.506902 0.039259 0.080130
0 0.434108 0.973138 0.086827 0.051643
0 0.578097 0.519805 0.034003 0.083448
0 0.338762 0.521208 0.056229 0.070216
0 0.371240 0.478549 0.041765 0.056709
0 0.191947 0.823717 0.135094 0.179352
0 0.467614 0.452975 0.023894 0.045402
0 0.988356 0.886894 0.022834 0.146276
2 0.606757 0.462700 0.032643 0.099296
1 0.872892 0.829908 0.149727 0.231328
0 0.646521 0.476281 0.031715 0.063114
0 0.871996 0.829085 0.149358 0.229791
0 0.392795 0.449232 0.031923 0.036454
0 0.957765 0.798113 0.083486 0.159335
0 0.498664 0.462232 0.025307 0.059584
1 0.606045 0.462687 0.031446 0.101584