2 0.807074 0.539510 0.172414 0.338008
2 0.511953 0.364157 0.136069 0.228934
0 0.435110 0.609211 0.104330 0.127510
0 0.601236 0.900551 0.124292 0.181165
0 0.335451 0.717337 0.116653 0.184466
0 0.102098 0.703211 0.149261 0.167697
0 0.280655 0.515315 0.091820 0.105160
0 0.311151 0.671499 0.100105 0.152591
0 0.494628 0.530069 0.079915 0.120863
4 0.959777 0.750032 0.020377 0.111918
2 0.666094 0.433583 0.051792 0.178420
4 0.889884 0.393563 0.014262 0.064307
4 0.874498 0.384640 0.015903 0.077060
0 0.667490 0.569423 0.070620 0.155674
0 0.619356 0.659180 0.072983 0.187170
0 0.438781 0.496927 0.076135 0.114069
2 0.302857 0.143803 0.106221 0.104976
4 0.411049 0.834946 0.017244 0.106980
0 0.039152 0.512322 0.077917 0.084627
0 0.100430 0.391214 0.095233 0.100022
0 0.179842 0.851883 0.198051 0.241095