0 0.313696 0.560843 0.090139 0.139745
0 0.924762 0.434291 0.087527 0.135908
0 0.551394 0.230617 0.037389 0.055766
0 0.585466 0.242037 0.037271 0.058287
0 0.767928 0.261145 0.041997 0.060145
0 0.969842 0.306230 0.057185 0.063200
2 0.470814 0.206800 0.055506 0.119110
0 0.732098 0.225351 0.034134 0.042684
0 0.689084 0.248518 0.041253 0.067220
0 0.931540 0.272319 0.043964 0.058226
0 0.855618 0.261448 0.062713 0.078958
0 0.904654 0.253200 0.038334 0.051012
4 0.053006 0.662120 0.034326 0.118472
0 0.820426 0.243320 0.037184 0.055290
0 0.526254 0.212207 0.039840 0.066302