0 0.450449 0.659479 0.115267 0.180136
2 0.431669 0.279818 0.071041 0.160617
0 0.547902 0.569653 0.086193 0.141005
2 0.766098 0.220117 0.063237 0.125407
0 0.595104 0.362229 0.055316 0.114495
0 0.538960 0.340310 0.054715 0.088781
0 0.827984 0.212779 0.038939 0.050692
2 0.085276 0.727804 0.169983 0.377034
0 0.717390 0.574326 0.086221 0.196020
0 0.508756 0.477490 0.080564 0.120824
0 0.676780 0.965385 0.151331 0.068140
2 0.450524 0.230651 0.059771 0.130462
2 0.476842 0.200754 0.047177 0.106919
1 0.904919 0.194964 0.065608 0.106464
2 0.905716 0.193933 0.065674 0.106414
0 0.679966 0.225318 0.039776 0.066153