0 0.945845 0.453033 0.081858 0.114145
0 0.475692 0.492550 0.088598 0.129404
0 0.382436 0.446434 0.062364 0.151299
0 0.534677 0.279318 0.045450 0.083125
0 0.878290 0.285981 0.049822 0.070393
0 0.705916 0.250671 0.040226 0.071067
0 0.832421 0.374847 0.064273 0.093814
4 0.182383 0.526756 0.029100 0.111775
0 0.680543 0.236142 0.026555 0.052002
0 0.824924 0.249947 0.045642 0.055770
0 0.898419 0.239889 0.041017 0.073942
4 0.016348 0.827876 0.032249 0.209363
0 0.975344 0.385075 0.048192 0.098491
0 0.976249 0.305666 0.046732 0.067290
0 0.477297 0.215875 0.030256 0.041677
0 0.787708 0.216939 0.042710 0.050425
1 0.584353 0.176392 0.026963 0.063216
0 0.512453 0.253415 0.028429 0.055520
0 0.663916 0.186278 0.033106 0.039282