0 0.666358 0.868603 0.114537 0.258382
0 0.366657 0.585449 0.062339 0.086624
0 0.828307 0.660675 0.113023 0.148943
0 0.293198 0.588541 0.077764 0.093295
0 0.900539 0.858433 0.168610 0.248445
0 0.431680 0.567185 0.042777 0.082346
0 0.751178 0.557571 0.078414 0.104986
0 0.221076 0.677775 0.110043 0.127001
0 0.693998 0.564713 0.058118 0.104373
0 0.495675 0.415397 0.021116 0.037549
0 0.634607 0.560905 0.045746 0.096797
0 0.371540 0.481159 0.041621 0.048355
0 0.340279 0.520464 0.058922 0.065223
0 0.393449 0.451187 0.031816 0.035287
0 0.958247 0.797642 0.083507 0.151571
0 0.686833 0.480596 0.039893 0.061839
4 0.446220 0.500635 0.013870 0.052946
0 0.989309 0.891031 0.020587 0.142640
4 0.020922 0.943056 0.040733 0.108443
0 0.412984 0.423671 0.030278 0.040909
0 0.560362 0.367657 0.016091 0.025923