2 0.431596 0.274123 0.073052 0.169603
0 0.603311 0.351755 0.060198 0.094560
0 0.533734 0.295527 0.049611 0.071062
0 0.056809 0.875144 0.113089 0.220163
0 0.965533 0.299336 0.061697 0.073403
0 0.892626 0.253097 0.039269 0.051330
0 0.834072 0.245307 0.057920 0.074680
2 0.484179 0.209985 0.052895 0.155491
2 0.484868 0.179130 0.051259 0.092774
0 0.715820 0.274926 0.047638 0.086305
0 0.800716 0.228126 0.034584 0.050142
0 0.743068 0.232121 0.027834 0.047997
0 0.670074 0.218194 0.040097 0.061938
4 0.103434 0.569497 0.025213 0.119284