0 0.483943 0.643858 0.158460 0.291959
0 0.550435 0.854933 0.190841 0.276210
0 0.441733 0.243724 0.158286 0.238901
0 0.075222 0.652755 0.150047 0.259770
0 0.703187 0.940824 0.183966 0.114764
4 0.061784 0.955402 0.056492 0.089196
4 0.667651 0.572146 0.059823 0.267065
4 0.694809 0.699435 0.053056 0.256575
4 0.933503 0.824597 0.066953 0.278441
4 0.616610 0.559485 0.044698 0.232441
4 0.158539 0.901880 0.091396 0.194453
4 0.143272 0.701300 0.083363 0.246917
4 0.327817 0.934251 0.060545 0.130937
4 0.405667 0.932436 0.048566 0.135129
0 0.316356 0.743592 0.166216 0.215500
4 0.732094 0.579154 0.036725 0.257126
4 0.836451 0.532275 0.037289 0.170947
4 0.316665 0.082915 0.041345 0.165830
3 0.394351 0.530309 0.165987 0.262078
0 0.009814 0.950025 0.019387 0.095635
4 0.548023 0.493734 0.045042 0.178814
3 0.957108 0.511375 0.085261 0.131533
4 0.805084 0.665092 0.041230 0.243115
4 0.986565 0.785869 0.026276 0.206739
4 0.386143 0.311241 0.085772 0.178829
4 0.881184 0.442161 0.061641 0.249602
4 0.688323 0.305245 0.046412 0.178924
4 0.959257 0.338208 0.044660 0.124477
4 0.525979 0.321672 0.044525 0.222021