0 0.290579 0.589255 0.080691 0.091895
0 0.827832 0.662683 0.110894 0.149948
0 0.219005 0.678971 0.112018 0.129322
1 0.655532 0.688863 0.074035 0.154336
0 0.748566 0.554609 0.077864 0.092184
0 0.762483 0.664667 0.089757 0.152175
0 0.895223 0.858252 0.161011 0.240830
0 0.443890 0.498099 0.042505 0.072565
0 0.337944 0.524531 0.057529 0.071170
0 0.370233 0.484703 0.044643 0.058459
1 0.452677 0.632386 0.052329 0.106612
0 0.497553 0.460078 0.026388 0.051461
0 0.392080 0.452169 0.031487 0.035459
0 0.988127 0.894962 0.023000 0.153824
0 0.685816 0.485354 0.035088 0.051682
4 0.697697 0.537266 0.014629 0.060564
0 0.452521 0.633057 0.052550 0.106819
0 0.484972 0.400432 0.019038 0.029591
0 0.600359 0.378420 0.020667 0.027725
0 0.957845 0.798049 0.084311 0.144720
1 0.940997 0.678176 0.058377 0.103205