0 0.290001 0.700962 0.091089 0.147685
2 0.712588 0.429279 0.092356 0.238172
0 0.863236 0.941829 0.091393 0.115825
0 0.966391 0.854206 0.067219 0.125270
0 0.891667 0.707374 0.060667 0.119504
0 0.328412 0.907856 0.107566 0.145196
2 0.390833 0.768861 0.089428 0.179800
2 0.682994 0.269357 0.062674 0.147529
4 0.960271 0.919357 0.023513 0.124343
0 0.379359 0.065140 0.033466 0.048975
0 0.427768 0.443434 0.057541 0.089521
0 0.258941 0.972828 0.095446 0.053748
2 0.634700 0.409252 0.063015 0.160183
2 0.567379 0.402589 0.066083 0.112312
0 0.361112 0.021403 0.025349 0.041418
0 0.576649 0.838382 0.078785 0.142450
2 0.591580 0.746169 0.102636 0.216862
0 0.870818 0.563344 0.046846 0.083186
4 0.042302 0.789103 0.026618 0.138095
0 0.884544 0.807560 0.071053 0.120554
0 0.878506 0.864025 0.070733 0.095566
4 0.111313 0.550180 0.021984 0.104385
2 0.435196 0.349869 0.037512 0.094450
0 0.367287 0.412965 0.039761 0.089492
2 0.681312 0.553767 0.079051 0.136415
2 0.150710 0.170321 0.076747 0.083949
4 0.070312 0.600585 0.021838 0.103924
0 0.018881 0.321565 0.037456 0.110247
2 0.669244 0.689489 0.061986 0.155353
0 0.342228 0.500916 0.048514 0.112347
2 0.617894 0.297914 0.036371 0.081684
4 0.005834 0.822782 0.011667 0.102278
1 0.019231 0.320123 0.038139 0.111645
4 0.937764 0.593523 0.016839 0.093027
2 0.604616 0.150318 0.047783 0.106611
2 0.400083 0.139611 0.027338 0.060516
0 0.901401 0.599322 0.054061 0.112538
0 0.031294 0.454144 0.037161 0.081776