0 0.123165 0.654486 0.166821 0.280544
0 0.325580 0.845186 0.188137 0.298401
0 0.124640 0.502174 0.207484 0.268797
0 0.445010 0.246941 0.153424 0.244058
0 0.327194 0.666742 0.160972 0.242028
0 0.069489 0.318604 0.138854 0.221866
0 0.795664 0.472971 0.193824 0.209368
0 0.211657 0.163716 0.154778 0.194227
4 0.147935 0.815316 0.054127 0.289576
4 0.899987 0.823520 0.105752 0.299145
0 0.349540 0.439713 0.164801 0.218254
4 0.525877 0.907385 0.067215 0.185225
0 0.730855 0.899846 0.175546 0.192679
0 0.500272 0.839596 0.186193 0.295843
4 0.803311 0.714593 0.063173 0.276675
4 0.303730 0.121859 0.041852 0.206831
4 0.701465 0.530041 0.048364 0.249781
4 0.353729 0.245479 0.044853 0.175130
4 0.589321 0.456804 0.043483 0.195350
4 0.656824 0.531870 0.042311 0.254908
0 0.223398 0.270331 0.131809 0.158097
4 0.775407 0.618570 0.037462 0.254394
4 0.984148 0.848838 0.031232 0.262128
4 0.091675 0.960466 0.047207 0.079069
4 0.173654 0.328157 0.056862 0.114929
0 0.427235 0.543419 0.141718 0.289898
4 0.047859 0.154312 0.053796 0.115475
4 0.498647 0.315892 0.040814 0.217568
4 0.553578 0.439412 0.041175 0.162443
3 0.953398 0.510964 0.092143 0.140525
3 0.034239 0.863634 0.068478 0.171575