0 0.412315 0.610550 0.058678 0.101981
0 0.380078 0.567621 0.052877 0.085032
0 0.609352 0.697553 0.074821 0.177878
0 0.221246 0.672446 0.111113 0.129653
0 0.336911 0.512934 0.059587 0.069811
0 0.290280 0.577197 0.081255 0.094086
0 0.489919 0.532221 0.032859 0.078792
1 0.853373 0.788207 0.141517 0.208294
0 0.680426 0.514006 0.053604 0.077485
0 0.369978 0.468986 0.042677 0.052995
1 0.709461 0.780589 0.102422 0.227642
0 0.749539 0.531343 0.074561 0.084353
0 0.631375 0.572070 0.054717 0.104310
0 0.428566 0.462914 0.030448 0.055339
0 0.590484 0.475548 0.039201 0.070371
0 0.828201 0.639508 0.108261 0.139018
0 0.986169 0.872033 0.027066 0.150769
4 0.024942 0.940711 0.048633 0.117137
0 0.755625 0.632183 0.083649 0.132267
1 0.458946 0.457301 0.034171 0.082193
0 0.129473 0.931949 0.105321 0.132567
0 0.952806 0.783018 0.093382 0.162759
1 0.953031 0.783162 0.092980 0.165101
1 0.645343 0.464221 0.033993 0.067039
0 0.570717 0.526041 0.034371 0.090450