0 0.092032 0.848242 0.183749 0.296932
0 0.778956 0.464880 0.225310 0.202112
0 0.256144 0.386518 0.141286 0.264057
0 0.061543 0.363001 0.116146 0.204495
0 0.223547 0.906330 0.196028 0.175488
0 0.455687 0.241633 0.142135 0.237443
4 0.818281 0.517903 0.038948 0.223200
4 0.055657 0.542601 0.044644 0.232415
4 0.903958 0.439936 0.054983 0.227488
0 0.312854 0.709436 0.175932 0.318351
3 0.958184 0.495670 0.083004 0.139889
3 0.873065 0.923781 0.243323 0.142576
3 0.512815 0.777168 0.146288 0.269430
4 0.377091 0.259020 0.039875 0.207265
0 0.049595 0.174579 0.099190 0.153101
4 0.453531 0.310655 0.036554 0.203319
4 0.522945 0.385970 0.034006 0.119349
4 0.548260 0.376210 0.038255 0.134737
4 0.186262 0.620653 0.067001 0.209778
4 0.657804 0.587771 0.051777 0.239730
4 0.728732 0.335954 0.060160 0.106750
4 0.576724 0.294102 0.046278 0.206688
4 0.735228 0.586701 0.045091 0.230462
4 0.693970 0.558975 0.040405 0.214247