0 0.583203 0.630730 0.087608 0.205659
0 0.149861 0.605930 0.133868 0.141188
0 0.629298 0.443202 0.055556 0.103246
0 0.240420 0.507561 0.083462 0.097908
0 0.824325 0.418763 0.061259 0.095436
0 0.292223 0.535910 0.105571 0.112529
1 0.836864 0.824549 0.141743 0.344388
0 0.680126 0.574801 0.073034 0.179356
1 0.711329 0.826622 0.119168 0.331704
0 0.892165 0.569307 0.098672 0.165886
4 0.965112 0.941510 0.067481 0.116083
1 0.370311 0.714859 0.137537 0.252731
4 0.792653 0.533053 0.033739 0.055505
0 0.297779 0.447707 0.070015 0.070541
1 0.509891 0.930227 0.113565 0.139264
0 0.732099 0.419542 0.050090 0.083921
1 0.948946 0.773182 0.101587 0.272553
4 0.205321 0.678515 0.026755 0.116383
0 0.799256 0.375509 0.048977 0.075981
0 0.381218 0.381413 0.052997 0.065101
0 0.071679 0.837903 0.142032 0.251016
0 0.431934 0.322604 0.035702 0.054088
4 0.730718 0.486912 0.028588 0.086081
4 0.400229 0.438214 0.016758 0.080395
4 0.086104 0.814574 0.037877 0.154542
1 0.542126 0.364195 0.031143 0.084976
2 0.671728 0.357863 0.045068 0.107303
0 0.341268 0.399642 0.062613 0.050346
0 0.285831 0.699178 0.093671 0.183447
0 0.047283 0.846849 0.094330 0.228484
0 0.044796 0.710550 0.089065 0.082671
0 0.071644 0.775152 0.143289 0.123601
0 0.502080 0.392282 0.050332 0.080859
3 0.730096 0.516401 0.027393 0.085998
0 0.778778 0.249516 0.027074 0.037289
3 0.356002 0.540011 0.028377 0.087282
0 0.683820 0.263590 0.028407 0.047915
1 0.914555 0.432476 0.169937 0.462438
4 0.443756 0.440867 0.016100 0.066035
0 0.024600 0.712797 0.048923 0.077826