0 0.446140 0.824562 0.145952 0.252585
0 0.924997 0.766485 0.149831 0.268544
0 0.768069 0.590221 0.125620 0.202889
0 0.740258 0.828364 0.154229 0.279863
0 0.815314 0.501449 0.126143 0.179863
0 0.816311 0.947153 0.191565 0.102179
2 0.445598 0.586465 0.115091 0.232947
0 0.606412 0.432405 0.089122 0.178408
4 0.596152 0.767381 0.064050 0.193042
4 0.909259 0.711310 0.037764 0.051458
0 0.441101 0.958955 0.154486 0.078675
3 0.597627 0.845349 0.056418 0.178508
3 0.818177 0.342006 0.031025 0.091232
4 0.922953 0.592785 0.056126 0.097201
0 0.681262 0.035259 0.039509 0.067838
3 0.769036 0.397523 0.037657 0.107426
0 0.596643 0.691526 0.160863 0.284907
4 0.564338 0.626069 0.035939 0.056495
2 0.517179 0.527406 0.077781 0.203574
3 0.660073 0.377874 0.033116 0.084540
1 0.445702 0.586657 0.115187 0.234194
4 0.444103 0.573808 0.043487 0.067453
4 0.658369 0.339128 0.037619 0.109689
4 0.768476 0.352039 0.039153 0.071295
4 0.815968 0.300757 0.031851 0.100074
4 0.773886 0.203346 0.026746 0.070646
4 0.768729 0.381760 0.039475 0.124276