0 0.194045 0.808555 0.075808 0.089874
0 0.774952 0.919896 0.071723 0.098544
0 0.664543 0.793920 0.054204 0.076935
0 0.744579 0.961378 0.072635 0.075812
0 0.561575 0.696134 0.038661 0.062292
0 0.896354 0.881631 0.066422 0.075768
0 0.540271 0.648096 0.041352 0.051364
0 0.531540 0.536890 0.042336 0.033057
0 0.051873 0.821735 0.097559 0.088936
0 0.574268 0.607435 0.026956 0.048950
0 0.061434 0.863888 0.078477 0.089364
4 0.665593 0.703831 0.012894 0.048655
0 0.481140 0.529524 0.030727 0.039245
4 0.555420 0.926936 0.013051 0.053963
0 0.264662 0.786488 0.059114 0.065833
0 0.146835 0.780402 0.073584 0.101808
4 0.303590 0.781397 0.011129 0.050721
4 0.653693 0.974304 0.013962 0.048513
0 0.288401 0.895779 0.066908 0.087396
4 0.468353 0.774050 0.010669 0.052933
0 0.331571 0.855130 0.048695 0.087606
4 0.626219 0.974131 0.013115 0.049523
0 0.668287 0.904938 0.047357 0.076186