2 0.307240 0.593379 0.182306 0.391397
0 0.458392 0.526127 0.098820 0.134504
0 0.603477 0.486876 0.080399 0.122842
2 0.823017 0.173769 0.040208 0.081091
0 0.951523 0.922408 0.095907 0.151732
0 0.639776 0.399622 0.065162 0.105850
0 0.518101 0.362954 0.058145 0.127217
2 0.744103 0.197585 0.052884 0.110832
2 0.411250 0.215057 0.051748 0.114968
2 0.863131 0.180354 0.057032 0.095048
4 0.347023 0.606925 0.039387 0.071471
2 0.786970 0.168416 0.043695 0.076461
0 0.431588 0.352530 0.062175 0.119144
2 0.806871 0.171417 0.072845 0.080310
4 0.946954 0.207445 0.018105 0.069733
0 0.541106 0.275824 0.047313 0.086125
0 0.632165 0.358128 0.063896 0.099381