0 0.149721 0.849567 0.235063 0.287166
0 0.217333 0.614710 0.165569 0.279059
4 0.822926 0.873537 0.062130 0.250344
0 0.446875 0.240812 0.148012 0.228007
0 0.363701 0.522952 0.167599 0.287709
0 0.579915 0.640640 0.220956 0.318365
0 0.152405 0.308893 0.116905 0.230291
0 0.055887 0.170292 0.111563 0.117908
1 0.076010 0.415701 0.151886 0.392090
0 0.252051 0.273565 0.129171 0.217772
4 0.175239 0.424498 0.041479 0.176008
1 0.449584 0.780985 0.259922 0.428150
4 0.777972 0.635188 0.036928 0.257036
4 0.829629 0.517451 0.048635 0.211383
4 0.711619 0.611678 0.049957 0.238171
0 0.032663 0.034930 0.064873 0.068963
0 0.172175 0.139262 0.129818 0.154695
4 0.654359 0.430677 0.044972 0.214623
0 0.133239 0.078137 0.152412 0.154051
0 0.352039 0.323543 0.157408 0.184702
4 0.730071 0.552906 0.050757 0.243790
0 0.009849 0.690119 0.019548 0.197091
4 0.757637 0.441327 0.041661 0.247888
3 0.578067 0.354507 0.063251 0.159076
4 0.509083 0.328874 0.047284 0.227130
4 0.355035 0.201325 0.042483 0.118812
0 0.449377 0.780863 0.258193 0.431749
3 0.586043 0.229693 0.111771 0.146118
0 0.009317 0.073901 0.018627 0.093046
3 0.961611 0.465108 0.076233 0.154466
4 0.681968 0.416123 0.039900 0.210816
4 0.964146 0.753743 0.049600 0.224916
3 0.969386 0.482395 0.060801 0.146899