0 0.516658 0.713247 0.122407 0.183248
0 0.951993 0.461008 0.091750 0.139078
0 0.437688 0.322747 0.049897 0.079222
0 0.877977 0.366687 0.070174 0.090735
0 0.793182 0.292567 0.052218 0.072684
0 0.737913 0.247181 0.038439 0.053822
0 0.909329 0.297521 0.056778 0.093266
1 0.488925 0.178032 0.048903 0.094542
0 0.873483 0.280397 0.038250 0.065455
0 0.548384 0.203340 0.030170 0.042523
0 0.674266 0.228957 0.036457 0.046101
0 0.838650 0.254250 0.042138 0.059200
2 0.488677 0.178093 0.049429 0.093570
1 0.771900 0.179081 0.035069 0.108035
0 0.945873 0.277119 0.031448 0.063637
0 0.985440 0.221575 0.028078 0.044908