0 0.235591 0.769130 0.125978 0.158426
0 0.452964 0.665863 0.068749 0.132943
0 0.590583 0.605455 0.057063 0.140181
0 0.738849 0.697982 0.083427 0.154164
0 0.221166 0.676318 0.109058 0.113553
0 0.293982 0.588837 0.081677 0.096618
0 0.750892 0.558451 0.077486 0.107120
0 0.899946 0.857459 0.166728 0.245740
0 0.566597 0.440753 0.023063 0.046623
0 0.338555 0.522787 0.059108 0.067111
0 0.829243 0.659593 0.113405 0.153436
0 0.370449 0.482329 0.041317 0.054387
0 0.714288 0.923421 0.111850 0.151829
0 0.597964 0.436331 0.023475 0.043880
0 0.489985 0.460352 0.024419 0.052160
0 0.485249 0.381787 0.019347 0.035263
0 0.657301 0.510271 0.037537 0.068076
0 0.393238 0.453098 0.031282 0.040227
0 0.464491 0.436282 0.021328 0.036581
0 0.686481 0.485437 0.038517 0.049688
2 0.714311 0.923521 0.111721 0.151341
0 0.334091 0.531609 0.062942 0.064509
4 0.793558 0.670640 0.020364 0.074823