0 0.540713 0.712493 0.056871 0.183022
4 0.968996 0.782654 0.037919 0.099288
0 0.412426 0.537889 0.053414 0.104914
4 0.784879 0.696152 0.020761 0.084732
0 0.297999 0.547630 0.085243 0.110230
1 0.537285 0.459409 0.047248 0.151133
0 0.243857 0.542001 0.070660 0.119301
0 0.441829 0.454791 0.038597 0.070408
0 0.270390 0.453314 0.057950 0.076054
0 0.491399 0.611647 0.045214 0.094390
1 0.585278 0.526650 0.041918 0.105174
1 0.638485 0.564081 0.058090 0.119494
0 0.562075 0.398161 0.037355 0.064177
0 0.214800 0.527999 0.069012 0.106143
1 0.493234 0.563680 0.049839 0.173758
0 0.378296 0.409760 0.035828 0.062748
0 0.302292 0.468830 0.037611 0.062074
0 0.345803 0.477090 0.055598 0.080700
0 0.638527 0.565012 0.057795 0.116496
3 0.364289 0.581642 0.024423 0.077544
4 0.427845 0.347010 0.009432 0.036852
0 0.308728 0.465787 0.051798 0.065054
3 0.315702 0.593833 0.023491 0.072021