0 0.221022 0.673685 0.111167 0.118687
0 0.193107 0.823184 0.138133 0.177278
0 0.324393 0.711692 0.106164 0.165378
0 0.291527 0.587218 0.080624 0.096016
0 0.489514 0.515995 0.032912 0.067435
0 0.432003 0.581168 0.050185 0.090606
0 0.612214 0.653494 0.059602 0.142965
0 0.305718 0.914707 0.125129 0.166747
1 0.855451 0.802240 0.141941 0.218691
0 0.338634 0.521414 0.056634 0.073961
0 0.680462 0.524517 0.053390 0.077860
0 0.413953 0.518767 0.039921 0.073691
0 0.750640 0.548066 0.076208 0.097560
0 0.571140 0.520088 0.034403 0.080271
0 0.615064 0.481693 0.032793 0.064640
0 0.370507 0.478812 0.044053 0.062095
2 0.413016 0.830894 0.165055 0.326526
0 0.955112 0.793886 0.089388 0.155841
1 0.680374 0.626233 0.066408 0.134517
4 0.063192 0.719631 0.027713 0.077107
0 0.680195 0.625526 0.065407 0.134172
4 0.628011 0.560863 0.018552 0.073160
0 0.809228 0.962551 0.126006 0.073593
4 0.145915 0.648018 0.023221 0.079749
0 0.391473 0.448801 0.031260 0.035834
0 0.500565 0.431451 0.020111 0.044306
0 0.784830 0.661886 0.112457 0.141763
1 0.954150 0.796729 0.090712 0.163415