2 0.298222 0.555460 0.172265 0.364786
2 0.405281 0.326338 0.090773 0.198666
0 0.642905 0.518577 0.098906 0.178509
0 0.791023 0.517876 0.088458 0.136962
2 0.739952 0.196492 0.063532 0.110350
2 0.948272 0.212246 0.075028 0.120575
0 0.670931 0.382501 0.067565 0.098413
2 0.884029 0.185852 0.061073 0.100395
0 0.533613 0.355076 0.058956 0.091095
2 0.834033 0.172277 0.039534 0.083868
0 0.615293 0.279108 0.044297 0.065364
2 0.820977 0.170774 0.064036 0.082669
4 0.330415 0.562706 0.035536 0.072221
2 0.105561 0.910372 0.210146 0.163230
2 0.801651 0.170310 0.025585 0.075936
1 0.105739 0.913728 0.210029 0.163391
0 0.680729 0.226673 0.038289 0.064434