0 0.276882 0.719652 0.416034 0.544844
4 0.766819 0.676621 0.117328 0.390467
3 0.765676 0.780170 0.119445 0.373287
4 0.111259 0.703361 0.221296 0.580537
0 0.672860 0.557553 0.106607 0.167587
3 0.564328 0.848771 0.201988 0.287373
4 0.561917 0.657698 0.181914 0.303457
0 0.502061 0.591493 0.084586 0.180922
0 0.812975 0.580532 0.060972 0.177405
0 0.726608 0.535898 0.032365 0.089639
3 0.886605 0.567849 0.037232 0.079298
0 0.559178 0.597271 0.193608 0.201103
4 0.929869 0.525551 0.018191 0.065149
4 0.564860 0.747415 0.190408 0.483460
4 0.475608 0.524428 0.040044 0.099696