0 0.367973 0.679503 0.131156 0.174368
0 0.544714 0.331255 0.056215 0.093611
0 0.970227 0.531491 0.058654 0.117768
0 0.915755 0.365380 0.061474 0.092632
0 0.346854 0.571761 0.077066 0.140912
0 0.477716 0.223512 0.031370 0.045971
0 0.839540 0.256068 0.043511 0.056991
0 0.981956 0.399895 0.035221 0.100285
0 0.742806 0.317392 0.058834 0.072024
4 0.124815 0.575615 0.032686 0.107636
2 0.492940 0.171584 0.040945 0.080841
1 0.536157 0.179010 0.032901 0.065177
0 0.930028 0.333503 0.058387 0.085167
0 0.964103 0.290675 0.043688 0.072296
0 0.923494 0.266819 0.046800 0.054481
0 0.986782 0.230133 0.025933 0.054981
0 0.690806 0.231005 0.034872 0.068113
0 0.521883 0.278470 0.040608 0.064770
0 0.802949 0.236954 0.038197 0.042707
1 0.576705 0.158371 0.044515 0.103767
2 0.820623 0.159601 0.035371 0.051748
0 0.668290 0.228013 0.015717 0.041330