0 0.221819 0.672224 0.110489 0.117957
0 0.193536 0.822116 0.137284 0.177083
0 0.293618 0.587882 0.076949 0.097855
0 0.339589 0.519977 0.057572 0.069017
0 0.682033 0.526634 0.054032 0.081381
0 0.751574 0.555968 0.075022 0.107201
0 0.496646 0.448926 0.021206 0.047616
0 0.371506 0.478003 0.041099 0.051335
0 0.830653 0.657936 0.110220 0.150952
0 0.423982 0.551828 0.040697 0.082683
0 0.476380 0.426975 0.022674 0.041562
1 0.917902 0.899806 0.155565 0.195348
0 0.814054 0.727204 0.110148 0.169109
1 0.814353 0.726851 0.110665 0.170548
0 0.646678 0.477606 0.035039 0.063106
0 0.392979 0.449026 0.032160 0.037502
2 0.584065 0.454760 0.057080 0.131867
4 0.022045 0.940282 0.041136 0.107450
1 0.956791 0.819423 0.085420 0.199368
1 0.583737 0.455106 0.057378 0.131031
3 0.338646 0.620712 0.029328 0.069629
4 0.722958 0.602781 0.021465 0.073890
3 0.600655 0.610416 0.020018 0.080106
1 0.465814 0.385141 0.030194 0.054292