4 0.530107 0.790323 0.170430 0.405357
0 0.645001 0.659383 0.134077 0.185839
1 0.942081 0.611136 0.114747 0.310149
0 0.157311 0.663058 0.258297 0.257253
0 0.856030 0.619760 0.067436 0.124906
4 0.745588 0.667688 0.068220 0.211575
3 0.741773 0.727098 0.060382 0.199717
3 0.304252 0.649618 0.042437 0.119247
3 0.503994 0.840259 0.221258 0.310382
0 0.437843 0.631550 0.042075 0.066116
3 0.796973 0.664218 0.035229 0.096772
0 0.553802 0.624311 0.085780 0.140525
4 0.297639 0.630109 0.031784 0.130145
4 0.803157 0.605807 0.031807 0.089573