2 0.233736 0.553773 0.165894 0.342157
0 0.509034 0.910021 0.161604 0.175519
0 0.505791 0.629596 0.108368 0.234680
0 0.657653 0.455261 0.074740 0.110421
0 0.557950 0.540230 0.102557 0.170188
0 0.398710 0.444956 0.068282 0.140024
0 0.529966 0.380045 0.060972 0.092443
2 0.741899 0.200431 0.060626 0.108507
0 0.684218 0.389282 0.061621 0.090718
0 0.701273 0.249691 0.035190 0.055942
0 0.652877 0.354071 0.058577 0.091121
0 0.607677 0.321974 0.051327 0.083570
2 0.776265 0.165422 0.042582 0.075940
0 0.861303 0.224240 0.037115 0.069985
4 0.262761 0.545479 0.038429 0.066901
2 0.891855 0.190219 0.056002 0.097713
1 0.892076 0.189232 0.055749 0.095655
0 0.532343 0.317038 0.055109 0.076228
0 0.417906 0.402333 0.061695 0.100533
0 0.496282 0.289633 0.040475 0.068930