0 0.172804 0.609819 0.131577 0.140517
0 0.615302 0.658327 0.103062 0.212951
0 0.914406 0.573768 0.109289 0.172885
1 0.305852 0.830912 0.179251 0.323098
0 0.844831 0.421060 0.065432 0.097923
0 0.390788 0.553000 0.088100 0.115259
0 0.700676 0.867035 0.111496 0.259445
0 0.961743 0.772571 0.075921 0.260656
4 0.268724 0.609746 0.024903 0.120329
0 0.260441 0.511031 0.080687 0.096712
0 0.701036 0.474768 0.066843 0.172258
0 0.048458 0.837332 0.096609 0.203458
1 0.782798 0.586157 0.095095 0.264829
0 0.310756 0.537759 0.104788 0.109313
0 0.319713 0.452337 0.073210 0.073215
4 0.604063 0.944848 0.049242 0.107311
0 0.761515 0.945089 0.151485 0.107598
4 0.725959 0.709161 0.034930 0.079937
0 0.819799 0.380154 0.050999 0.079385
3 0.432826 0.685961 0.041246 0.084845
4 0.415467 0.447419 0.017317 0.081049
0 0.104399 0.915232 0.207257 0.169537
0 0.668593 0.368675 0.037213 0.076496
0 0.573993 0.316374 0.039151 0.050532
3 0.912181 0.928375 0.059635 0.143250
0 0.399218 0.388343 0.053218 0.067845
0 0.620655 0.277793 0.030437 0.045006
4 0.911383 0.852606 0.062694 0.138885
0 0.366991 0.437482 0.064852 0.111989
1 0.559283 0.368157 0.048361 0.102742
4 0.431565 0.641166 0.032217 0.084088
0 0.422739 0.355800 0.043026 0.057977
0 0.698550 0.274693 0.043728 0.081018
2 0.752582 0.334297 0.077858 0.145908
0 0.815906 0.315377 0.038735 0.051018
0 0.625318 0.490248 0.043005 0.102210
0 0.030054 0.721696 0.059838 0.091746
4 0.457743 0.386359 0.013540 0.062145
0 0.056459 0.721777 0.112309 0.097517