0 0.801266 0.899948 0.155936 0.198441
2 0.332204 0.329213 0.092688 0.188462
0 0.671650 0.500342 0.090553 0.132172
0 0.496858 0.706630 0.121809 0.207493
0 0.716157 0.717487 0.124663 0.199104
0 0.522613 0.456809 0.078899 0.118269
0 0.463726 0.872892 0.165342 0.252266
0 0.406935 0.583361 0.104393 0.204938
0 0.713002 0.421664 0.074711 0.105325
0 0.801157 0.334520 0.056350 0.074119
0 0.136103 0.840754 0.186917 0.291864
0 0.968020 0.289174 0.047942 0.089841
0 0.609312 0.288786 0.048300 0.080588
2 0.737563 0.200372 0.068907 0.105425
0 0.458413 0.261505 0.041232 0.064545
1 0.926031 0.207541 0.077686 0.110599
0 0.523202 0.369423 0.061955 0.103443
2 0.787392 0.172232 0.037949 0.076672
0 0.681091 0.227461 0.038143 0.064167
1 0.787151 0.171883 0.038499 0.075835
2 0.926974 0.207653 0.072432 0.111005