2 0.722976 0.840316 0.238866 0.308993
0 0.222360 0.672775 0.109720 0.117926
0 0.752229 0.557755 0.076193 0.106315
0 0.293416 0.587351 0.079016 0.095404
0 0.414886 0.655005 0.074007 0.133120
0 0.588562 0.629053 0.050634 0.142638
0 0.824032 0.645412 0.103045 0.125986
0 0.193162 0.822849 0.137939 0.180116
0 0.341191 0.522716 0.058764 0.071939
0 0.845335 0.774689 0.133733 0.198889
0 0.689705 0.542899 0.041171 0.055064
0 0.429299 0.494526 0.030850 0.062065
0 0.680047 0.517892 0.047839 0.060896
0 0.955927 0.818497 0.087107 0.189310
0 0.393420 0.451744 0.032026 0.039097
0 0.646010 0.477568 0.034037 0.065831
0 0.494696 0.390505 0.018504 0.034661
0 0.372354 0.476454 0.042014 0.046381
0 0.952604 0.975765 0.093783 0.046083
0 0.576785 0.395882 0.015182 0.027514
0 0.465152 0.388929 0.016200 0.033521
1 0.921368 0.641099 0.104675 0.174908