2 0.277269 0.468683 0.128138 0.279482
0 0.513562 0.737285 0.128545 0.202107
0 0.934999 0.836700 0.129258 0.223788
0 0.514322 0.533445 0.088487 0.169044
0 0.645253 0.393293 0.062773 0.090519
0 0.282400 0.934134 0.167410 0.129324
0 0.796960 0.944365 0.183740 0.108594
0 0.526505 0.335492 0.053914 0.081201
0 0.430793 0.380728 0.057416 0.127526
0 0.710611 0.264694 0.037601 0.056339
2 0.745098 0.201512 0.053803 0.107181
2 0.778873 0.161935 0.040559 0.066634
1 0.896983 0.191506 0.053365 0.102283
0 0.630094 0.342028 0.057899 0.081115
2 0.897788 0.190696 0.052944 0.100143
1 0.985321 0.221724 0.028438 0.065141
1 0.881820 0.239327 0.036199 0.071118
0 0.881809 0.239381 0.036308 0.072360
0 0.681628 0.226743 0.038637 0.066584
0 0.505201 0.271409 0.041531 0.062160
0 0.985321 0.221354 0.028767 0.065506