2 0.191963 0.564049 0.137375 0.283142
0 0.087115 0.865087 0.173541 0.228067
0 0.565968 0.547839 0.101093 0.139034
0 0.463368 0.433609 0.076399 0.110538
0 0.717381 0.732600 0.133379 0.231391
0 0.574791 0.398964 0.063239 0.099620
2 0.451681 0.239525 0.061596 0.130808
2 0.959377 0.216344 0.078180 0.125735
0 0.668684 0.411788 0.061743 0.139309
0 0.520911 0.344550 0.055669 0.082460
0 0.853376 0.229781 0.039955 0.047285
0 0.723596 0.217430 0.040375 0.056691
2 0.784854 0.241273 0.081783 0.139844
1 0.605162 0.247713 0.043352 0.105576
2 0.471886 0.194653 0.057629 0.105706
0 0.527896 0.272401 0.031412 0.063173
0 0.557563 0.285989 0.040598 0.089791