0 0.221241 0.672678 0.109662 0.116166
0 0.193711 0.822146 0.137306 0.175899
0 0.292285 0.587513 0.078806 0.096633
0 0.449953 0.523692 0.042014 0.072895
0 0.682424 0.523621 0.054081 0.078133
0 0.339436 0.521216 0.056926 0.072642
4 0.628414 0.617725 0.017027 0.079324
1 0.896054 0.875459 0.159539 0.244276
0 0.495314 0.503103 0.031711 0.065706
0 0.480132 0.573769 0.037100 0.086698
0 0.581182 0.553016 0.035440 0.090292
1 0.687773 0.671764 0.084876 0.236341
0 0.830242 0.657107 0.112011 0.154970
0 0.446408 0.446336 0.027871 0.040470
0 0.752159 0.549908 0.074792 0.097789
0 0.370690 0.480761 0.041411 0.056338
1 0.957127 0.837135 0.084503 0.234644
0 0.488416 0.422585 0.023556 0.044343
4 0.313120 0.655365 0.020355 0.047146
0 0.773940 0.665011 0.094398 0.142313
0 0.393205 0.448142 0.031487 0.033845
1 0.774346 0.665941 0.091007 0.144099
1 0.831626 0.657310 0.107111 0.154526
1 0.751315 0.549160 0.074374 0.096860
0 0.646362 0.475867 0.035590 0.067461
1 0.565874 0.400254 0.033190 0.070708