0 0.294577 0.415641 0.081540 0.097937
0 0.699192 0.552629 0.066796 0.115659
0 0.263462 0.513643 0.109765 0.116119
0 0.597957 0.401124 0.055032 0.096867
0 0.681353 0.743223 0.094919 0.193143
0 0.278441 0.745768 0.114494 0.161444
0 0.091930 0.597010 0.140645 0.146711
0 0.673807 0.433416 0.053497 0.101467
0 0.818798 0.576340 0.070039 0.145551
0 0.019495 0.922604 0.038589 0.137553
0 0.341389 0.447321 0.084254 0.105912
0 0.523220 0.317446 0.088744 0.089859
0 0.051653 0.730316 0.102918 0.165879
0 0.708305 0.353181 0.040874 0.067227
0 0.627564 0.345036 0.056854 0.082730
0 0.660688 0.372616 0.049578 0.091205
1 0.798419 0.643352 0.089016 0.140522
2 0.193578 0.180644 0.118087 0.136579
0 0.213083 0.475250 0.091818 0.124123
0 0.798501 0.642753 0.088815 0.140531
2 0.302530 0.145044 0.107114 0.104705
4 0.929774 0.717454 0.018789 0.076688
0 0.103038 0.394249 0.093945 0.098437
0 0.447934 0.297981 0.065811 0.070671
0 0.495743 0.236724 0.066440 0.076860
4 0.878747 0.678285 0.018929 0.086718
0 0.094356 0.480578 0.089675 0.093696