2 0.390072 0.239270 0.060003 0.126325
0 0.688479 0.621212 0.103601 0.165353
0 0.799934 0.553238 0.106558 0.154389
0 0.680872 0.923962 0.152245 0.152077
2 0.150941 0.833670 0.301395 0.315001
0 0.259932 0.709521 0.128383 0.153498
0 0.459205 0.531603 0.081425 0.177451
0 0.563019 0.453271 0.085320 0.147389
0 0.659935 0.387950 0.061900 0.096740
0 0.759358 0.463081 0.081273 0.118464
1 0.425918 0.456973 0.075713 0.163031
0 0.518553 0.390148 0.065161 0.105827
2 0.741564 0.199201 0.060290 0.108250
0 0.633591 0.339654 0.055993 0.085952
1 0.680023 0.223912 0.041137 0.066498
0 0.515473 0.312093 0.058144 0.061439
1 0.809112 0.170865 0.067796 0.080199
0 0.619406 0.293083 0.045285 0.076609
2 0.809087 0.171152 0.068175 0.079773
0 0.487571 0.244718 0.046821 0.066890