0 0.339040 0.711991 0.141406 0.183522
0 0.546274 0.337499 0.056328 0.105758
0 0.342578 0.560072 0.082169 0.148220
0 0.915040 0.358062 0.058773 0.088310
0 0.961007 0.513609 0.076961 0.123062
0 0.834650 0.254805 0.042354 0.052999
0 0.736966 0.314416 0.053966 0.075230
4 0.119221 0.594359 0.036499 0.128160
0 0.978495 0.393900 0.042079 0.097247
0 0.478405 0.221254 0.031647 0.051357
0 0.523002 0.281727 0.042923 0.067823
0 0.801093 0.233131 0.038198 0.050235
2 0.492500 0.173149 0.044486 0.081841
0 0.955504 0.288095 0.042677 0.068756
0 0.986729 0.229831 0.025685 0.060758
0 0.915526 0.263198 0.041124 0.054273
0 0.689270 0.230418 0.034088 0.069820
1 0.492142 0.172773 0.043408 0.081278
0 0.666239 0.228740 0.014099 0.035349
0 0.867586 0.223325 0.036848 0.066852