0 0.541557 0.437604 0.069702 0.107571
0 0.626380 0.791661 0.135802 0.283371
0 0.747398 0.296120 0.048423 0.069178
0 0.878621 0.405151 0.073301 0.100601
0 0.966595 0.356029 0.066221 0.112396
0 0.878366 0.283659 0.053708 0.075520
4 0.016181 0.788699 0.032305 0.166880
0 0.843971 0.256600 0.040774 0.058596
0 0.466028 0.266014 0.041316 0.063804
0 0.686845 0.245498 0.040577 0.050371
0 0.931164 0.331019 0.051105 0.077856
3 0.015346 0.843080 0.030501 0.123787
1 0.491094 0.172570 0.050647 0.086186
0 0.921262 0.261386 0.039256 0.063727
0 0.545709 0.196472 0.027862 0.035122
0 0.817838 0.252140 0.029805 0.050851
1 0.666709 0.206543 0.029680 0.061373