0 0.459992 0.772058 0.071703 0.175918
0 0.331195 0.873611 0.138758 0.250295
0 0.221453 0.672835 0.109637 0.118091
0 0.292112 0.585587 0.080508 0.093302
0 0.474905 0.512564 0.040583 0.082079
0 0.396466 0.583716 0.053174 0.086694
0 0.681299 0.526343 0.051900 0.079666
0 0.187268 0.822911 0.122627 0.176067
1 0.877478 0.842958 0.150213 0.237979
0 0.502032 0.426804 0.019734 0.042551
0 0.752049 0.550118 0.074790 0.098628
0 0.339273 0.519727 0.057432 0.074487
0 0.600513 0.624586 0.045798 0.105853
0 0.704993 0.778764 0.094379 0.202079
0 0.564661 0.443866 0.022506 0.051865
4 0.133581 0.688256 0.023349 0.107434
0 0.832449 0.653826 0.105180 0.148364
0 0.372067 0.478483 0.042325 0.058051
0 0.777017 0.667835 0.092842 0.153572
0 0.988640 0.885090 0.021887 0.151320
2 0.512281 0.368080 0.025031 0.075708
0 0.648639 0.477372 0.025644 0.061233
0 0.241684 0.813470 0.067359 0.128790
0 0.631372 0.413160 0.026659 0.043942
3 0.332028 0.735635 0.036660 0.088201
1 0.956752 0.799055 0.085774 0.160420
0 0.956870 0.796941 0.085949 0.158025
0 0.393818 0.450133 0.032189 0.039220