0 0.350338 0.486004 0.079262 0.121313
2 0.475784 0.194245 0.051184 0.107286
0 0.578803 0.231491 0.032663 0.038639
0 0.954137 0.282236 0.049524 0.064556
0 0.781447 0.272853 0.045786 0.062469
0 0.983662 0.324874 0.032120 0.064206
0 0.922036 0.263882 0.043713 0.059972
0 0.738563 0.229366 0.034856 0.043543
0 0.553975 0.225463 0.027198 0.032062
2 0.529209 0.192506 0.037094 0.086578
0 0.860770 0.253227 0.059677 0.097959
0 0.527641 0.215003 0.035743 0.040086
3 0.016893 0.708705 0.033429 0.174944
1 0.860104 0.252402 0.061632 0.098900
2 0.492344 0.166090 0.041750 0.072973