2 0.813174 0.535214 0.174267 0.338202
0 0.726460 0.722287 0.106759 0.179639
0 0.642469 0.624278 0.058734 0.136141
0 0.309111 0.644449 0.097840 0.160427
0 0.329294 0.769517 0.094441 0.158878
0 0.200702 0.550927 0.106460 0.127719
0 0.065621 0.788988 0.131241 0.194839
0 0.147656 0.672813 0.118816 0.149622
0 0.096221 0.623722 0.116759 0.133915
0 0.531931 0.375945 0.087972 0.129215
0 0.662672 0.383413 0.053189 0.101411
0 0.109393 0.546001 0.126986 0.134977
0 0.676153 0.491381 0.057410 0.132580
0 0.445800 0.294036 0.073478 0.080861
0 0.589051 0.309444 0.067497 0.091752
4 0.632357 0.921401 0.032008 0.066074
0 0.028357 0.718444 0.056201 0.099901
0 0.932710 0.881243 0.049305 0.099802
4 0.578002 0.919755 0.037099 0.110380
4 0.897352 0.427151 0.018252 0.097654
1 0.304481 0.466611 0.101663 0.168166
0 0.563427 0.227543 0.058278 0.069909
0 0.739687 0.246352 0.061710 0.103315
4 0.402002 0.619281 0.020935 0.102632
0 0.390411 0.418104 0.073887 0.084620
4 0.536165 0.942682 0.029751 0.113098
0 0.679879 0.256295 0.044150 0.084509
0 0.676563 0.137175 0.051884 0.058853
4 0.293388 0.877663 0.026433 0.064263