0 0.722948 0.916315 0.129949 0.167370
0 0.572068 0.623367 0.089505 0.136560
0 0.273442 0.764630 0.121149 0.201463
3 0.281413 0.936828 0.048562 0.123162
4 0.283604 0.881813 0.053791 0.160029
0 0.598260 0.528500 0.074516 0.113303
0 0.632864 0.468567 0.065633 0.095596
3 0.490322 0.879750 0.043959 0.139595
0 0.812750 0.628074 0.090990 0.150759
3 0.376685 0.885156 0.048401 0.104285
4 0.397470 0.632871 0.039142 0.124472
3 0.450291 0.698430 0.035932 0.100251
0 0.910385 0.959982 0.177974 0.071224
3 0.396869 0.677166 0.035161 0.089374
0 0.422036 0.306905 0.038500 0.059213
1 0.425254 0.449514 0.049662 0.106849
1 0.143090 0.866996 0.144637 0.251035
0 0.368549 0.486651 0.083482 0.143340
0 0.792675 0.569135 0.084919 0.137125
4 0.489516 0.828200 0.046594 0.135458
0 0.760796 0.719646 0.088301 0.121243
0 0.903161 0.910718 0.193597 0.152897
4 0.703879 0.768613 0.025527 0.131756
4 0.803300 0.673194 0.027780 0.065874
4 0.512912 0.745609 0.044350 0.135184
3 0.352958 0.684836 0.044008 0.111393
2 0.670426 0.199088 0.044160 0.100492
3 0.562751 0.455145 0.022951 0.065614
4 0.377837 0.852363 0.051885 0.142597
4 0.450665 0.654245 0.037893 0.111499
1 0.485802 0.500101 0.070347 0.126696
0 0.859736 0.782185 0.190765 0.158145
4 0.344045 0.611566 0.038552 0.085583
1 0.488296 0.577887 0.063025 0.138250
4 0.562097 0.437327 0.024153 0.090742
0 0.893140 0.810345 0.207675 0.123777
4 0.728785 0.669055 0.028557 0.075479
4 0.802038 0.474392 0.022081 0.056430
1 0.477019 0.273757 0.045437 0.082836
4 0.378327 0.825702 0.049821 0.089863
0 0.134506 0.929882 0.131983 0.135124
0 0.893793 0.839743 0.209859 0.171913
2 0.937922 0.651824 0.122578 0.199405
4 0.200478 0.975690 0.036233 0.046764
1 0.328962 0.250732 0.036387 0.118700