0 0.221745 0.674303 0.111288 0.120013
0 0.265993 0.916795 0.141927 0.162203
0 0.192197 0.825249 0.137054 0.179280
0 0.293095 0.584579 0.079391 0.089785
0 0.649014 0.602613 0.052846 0.110722
0 0.751890 0.557396 0.077013 0.106802
0 0.697254 0.573099 0.052674 0.094974
0 0.339864 0.522190 0.056612 0.070665
0 0.484424 0.495953 0.032361 0.069367
0 0.826084 0.658545 0.118468 0.155268
4 0.698820 0.977100 0.028530 0.045785
0 0.900576 0.857284 0.167134 0.244295
4 0.774005 0.663746 0.017712 0.076970
0 0.393373 0.451217 0.031587 0.037125
0 0.370775 0.481788 0.040892 0.054958
0 0.692610 0.489935 0.030088 0.038737
2 0.568628 0.463731 0.039097 0.098371
3 0.750374 0.826243 0.037697 0.082798
0 0.957931 0.795435 0.084138 0.148840
0 0.646517 0.479681 0.034290 0.068806
0 0.464827 0.447587 0.028935 0.052346
4 0.302723 0.636600 0.017508 0.068327
3 0.747768 0.803804 0.041814 0.114854
0 0.411491 0.422663 0.029883 0.039798
0 0.594342 0.448199 0.017259 0.047679