0 0.270943 0.837540 0.115938 0.287440
0 0.034474 0.930529 0.068134 0.138671
0 0.569879 0.475636 0.079956 0.155858
0 0.537714 0.339287 0.054303 0.082064
0 0.932674 0.329437 0.061509 0.083989
0 0.703667 0.267026 0.044568 0.063873
0 0.882348 0.290710 0.049430 0.072243
4 0.072093 0.685760 0.038735 0.151752
0 0.480897 0.238274 0.035109 0.053115
0 0.813899 0.228610 0.037078 0.059637
3 0.069790 0.727034 0.031624 0.100501
0 0.827106 0.367892 0.066180 0.090085
0 0.989877 0.442029 0.019357 0.125946
0 0.980782 0.387430 0.037188 0.089243
0 0.986004 0.227971 0.027346 0.058526
2 0.492246 0.171878 0.044279 0.082947
0 0.856438 0.275284 0.040788 0.060063
0 0.537170 0.190015 0.032957 0.042665
0 0.980096 0.311315 0.038730 0.054496
1 0.492130 0.171960 0.045295 0.082148