2 0.272146 0.482375 0.131096 0.286198
0 0.512648 0.772534 0.132942 0.214591
0 0.946118 0.889226 0.107119 0.217058
0 0.512898 0.542482 0.091378 0.195993
2 0.745867 0.199887 0.054667 0.106393
0 0.648098 0.403062 0.066544 0.097134
0 0.425488 0.387089 0.059401 0.140723
0 0.526618 0.342060 0.055136 0.083704
0 0.267108 0.964657 0.152725 0.069500
1 0.894045 0.189745 0.052348 0.098492
0 0.708186 0.264480 0.034254 0.047668
0 0.554429 0.287178 0.048828 0.072026
0 0.504324 0.274940 0.042171 0.062928
2 0.778249 0.160449 0.039376 0.064266
0 0.807656 0.976141 0.130021 0.046441
0 0.599353 0.297779 0.041504 0.077140
0 0.519393 0.471735 0.090284 0.140109
0 0.877649 0.235596 0.037354 0.070514
0 0.636227 0.334255 0.058989 0.104273
0 0.680194 0.226304 0.035301 0.063928
1 0.987069 0.215983 0.024863 0.069074
4 0.948840 0.208027 0.016386 0.069328