0 0.189357 0.514169 0.130249 0.121880
0 0.651098 0.441643 0.075801 0.117346
0 0.779537 0.545321 0.096178 0.140685
0 0.500764 0.532054 0.086321 0.142651
0 0.034334 0.877376 0.067965 0.239591
0 0.797101 0.945729 0.156803 0.106745
1 0.889614 0.187611 0.060213 0.096070
0 0.510396 0.426417 0.067395 0.101614
0 0.406564 0.360803 0.062940 0.086719
0 0.633214 0.346735 0.062197 0.107194
0 0.455101 0.275792 0.043796 0.060176
0 0.522445 0.357434 0.057127 0.094557
0 0.586325 0.329614 0.048641 0.080112
0 0.528630 0.281415 0.044779 0.065353
2 0.741966 0.199589 0.063309 0.108126
0 0.908387 0.231714 0.045606 0.068399
1 0.740155 0.201283 0.062478 0.105539