2 0.428302 0.296586 0.076506 0.169871
0 0.450426 0.779816 0.139676 0.213155
2 0.071636 0.774325 0.142798 0.398244
0 0.555719 0.367561 0.063398 0.095948
0 0.545467 0.646577 0.101663 0.162240
0 0.614190 0.398297 0.058647 0.120247
0 0.501678 0.537989 0.093216 0.137287
2 0.761228 0.215926 0.064372 0.120321
0 0.821622 0.211128 0.036733 0.047820
0 0.537492 0.234322 0.037224 0.048454
2 0.980363 0.234314 0.038375 0.135835
4 0.083708 0.391730 0.020023 0.100861
0 0.738588 0.649930 0.098442 0.222209
1 0.891252 0.187651 0.061785 0.100687
2 0.444895 0.239362 0.061373 0.140683
2 0.891197 0.187852 0.062924 0.100789
2 0.474039 0.201676 0.047824 0.098945
0 0.584358 0.247371 0.041121 0.070644
0 0.680243 0.224264 0.039046 0.065856