0 0.221119 0.671557 0.109948 0.117169
0 0.402151 0.686913 0.072263 0.126650
0 0.645082 0.856656 0.112317 0.276246
0 0.290871 0.586622 0.080109 0.095308
0 0.234099 0.879105 0.185193 0.235100
0 0.481350 0.575800 0.043600 0.084193
0 0.194073 0.818877 0.138186 0.179691
0 0.732887 0.819977 0.112335 0.227701
0 0.681456 0.523793 0.051308 0.079838
0 0.388656 0.580510 0.050265 0.088080
1 0.855375 0.799138 0.140332 0.212469
0 0.336994 0.521314 0.060799 0.072878
0 0.595612 0.562426 0.042752 0.091244
0 0.649882 0.557037 0.048949 0.086157
0 0.751731 0.546474 0.075894 0.097575
0 0.794889 0.659347 0.134011 0.140146
0 0.563909 0.483502 0.027185 0.067804
0 0.830870 0.647996 0.105142 0.137709
0 0.497349 0.461818 0.022505 0.050048
4 0.161499 0.621602 0.018939 0.076876
0 0.479956 0.425663 0.020144 0.039434
1 0.955207 0.829944 0.089083 0.251525
0 0.392285 0.449221 0.031912 0.043535
0 0.370679 0.472350 0.039706 0.044931