2 0.333528 0.673912 0.201166 0.402643
0 0.220990 0.674558 0.110376 0.127745
0 0.670064 0.596514 0.059342 0.109112
0 0.453471 0.783789 0.068628 0.167667
1 0.855187 0.794367 0.141760 0.213156
0 0.291141 0.579936 0.077952 0.091735
0 0.166039 0.861342 0.142118 0.192616
0 0.750530 0.539992 0.075422 0.090931
2 0.669453 0.863761 0.126044 0.267634
0 0.583311 0.598221 0.043868 0.106730
0 0.680879 0.519578 0.053036 0.080264
0 0.830218 0.646186 0.106158 0.143468
0 0.766294 0.652462 0.081171 0.137309
1 0.954634 0.792788 0.089844 0.162054
0 0.571718 0.490743 0.029779 0.064716
0 0.987440 0.877846 0.024559 0.154016
0 0.487990 0.522690 0.031840 0.070394
0 0.174046 0.949471 0.065546 0.081449
0 0.482980 0.395583 0.019552 0.035773
0 0.954749 0.790723 0.090236 0.160760
0 0.558780 0.435085 0.020904 0.051791
0 0.612578 0.470705 0.029352 0.057688