2 0.244216 0.540800 0.156880 0.325886
0 0.509836 0.892938 0.156114 0.207177
0 0.403896 0.438740 0.066581 0.132912
0 0.507608 0.611989 0.104168 0.226953
0 0.655327 0.444450 0.073561 0.107858
0 0.551376 0.525181 0.098229 0.159586
0 0.528160 0.373877 0.059213 0.093265
0 0.675636 0.382204 0.063357 0.090072
0 0.648811 0.347224 0.058051 0.086635
4 0.270586 0.530663 0.035936 0.066158
0 0.605661 0.316753 0.045977 0.083353
2 0.743114 0.200654 0.056405 0.107876
2 0.890667 0.189334 0.057832 0.097051
0 0.703521 0.249501 0.037078 0.058103
0 0.536107 0.305736 0.050198 0.079468
2 0.775623 0.160069 0.041267 0.064375
0 0.864950 0.227129 0.033596 0.067940
0 0.497335 0.285114 0.040000 0.064557
0 0.417136 0.390740 0.062981 0.097803
1 0.890544 0.189063 0.058574 0.095232
1 0.864931 0.227176 0.032553 0.069574