0 0.372823 0.933229 0.124782 0.131349
0 0.221172 0.674825 0.109878 0.117778
0 0.292424 0.588410 0.078011 0.097103
0 0.192903 0.822848 0.137638 0.180673
0 0.667208 0.906505 0.110782 0.182902
2 0.504741 0.423682 0.035131 0.090249
0 0.480469 0.575008 0.043477 0.087111
0 0.339235 0.521309 0.056670 0.075184
0 0.602100 0.598893 0.054161 0.124093
0 0.751432 0.550044 0.076226 0.097909
0 0.602216 0.495420 0.031804 0.062341
0 0.680790 0.525754 0.053212 0.081431
0 0.434355 0.555526 0.040552 0.077077
1 0.863123 0.811824 0.146273 0.217717
0 0.435707 0.478402 0.028800 0.055185
1 0.330165 0.725433 0.090819 0.164129
0 0.330341 0.724770 0.089894 0.163572
0 0.370586 0.480867 0.042563 0.061349
0 0.559579 0.440409 0.022851 0.056273
0 0.862764 0.811763 0.146261 0.217028
0 0.988164 0.885160 0.023145 0.151278
0 0.831750 0.646442 0.103078 0.133110
0 0.392689 0.451453 0.031684 0.039485
0 0.775366 0.662954 0.091377 0.142795
0 0.022739 0.964835 0.045188 0.063313
1 0.956759 0.802266 0.084830 0.166271
0 0.956925 0.801872 0.085214 0.163526
0 0.645290 0.473618 0.034142 0.067595