0 0.477081 0.744267 0.122387 0.208726
0 0.220268 0.500877 0.148017 0.125619
0 0.643020 0.642859 0.113355 0.171940
0 0.520932 0.454908 0.074671 0.113234
0 0.385206 0.485725 0.074283 0.115113
0 0.728723 0.761629 0.148163 0.265014
0 0.617361 0.369240 0.060353 0.085940
1 0.892889 0.190358 0.054618 0.097465
0 0.451994 0.299112 0.048957 0.076017
0 0.771373 0.525332 0.091963 0.185086
0 0.521270 0.339562 0.056104 0.087570
2 0.479401 0.190718 0.047294 0.101102
0 0.634661 0.320826 0.052759 0.079601
1 0.737932 0.202695 0.068059 0.105112
0 0.596311 0.243946 0.043433 0.062950
1 0.845276 0.215463 0.039038 0.062613
0 0.801212 0.496184 0.058619 0.122794