2 0.712895 0.429380 0.091767 0.239364
0 0.966275 0.930837 0.066545 0.129320
0 0.891734 0.709023 0.059690 0.117631
2 0.682497 0.273083 0.064753 0.154063
0 0.430407 0.466574 0.061851 0.117754
0 0.863099 0.941394 0.088794 0.116747
0 0.171215 0.309045 0.034545 0.055107
2 0.378550 0.790300 0.091370 0.192151
4 0.137003 0.521869 0.019069 0.100745
4 0.098188 0.564465 0.020341 0.106611
0 0.402387 0.304916 0.036531 0.087562
0 0.884824 0.809162 0.070233 0.123539
0 0.870941 0.562965 0.046555 0.083012
2 0.566735 0.402679 0.066192 0.107412
0 0.878452 0.859134 0.071428 0.087361
0 0.465015 0.302338 0.043902 0.073308
2 0.436577 0.240050 0.032871 0.079722
2 0.018950 0.321222 0.037661 0.110540
0 0.375572 0.957619 0.091904 0.082491
0 0.373747 0.361996 0.040147 0.090723
0 0.321700 0.916701 0.105995 0.139152
4 0.944912 0.577627 0.016771 0.087810
0 0.900805 0.598965 0.055328 0.113232
0 0.576193 0.852731 0.078270 0.139294
0 0.257699 0.973368 0.101194 0.051960
2 0.605313 0.148767 0.052913 0.101512
4 0.927543 0.481972 0.015619 0.070229
2 0.667108 0.700689 0.065697 0.174322
2 0.641741 0.420083 0.052604 0.142198
0 0.344256 0.026206 0.027732 0.040587