0 0.232583 0.789657 0.079436 0.094038
0 0.154134 0.771224 0.063119 0.077197
0 0.765317 0.912544 0.067363 0.096519
0 0.672852 0.776527 0.054621 0.071883
0 0.059685 0.821682 0.080205 0.080121
0 0.638408 0.704287 0.044606 0.064515
0 0.746651 0.965476 0.071877 0.069049
4 0.304676 0.788193 0.011839 0.051704
0 0.005646 0.883629 0.011293 0.048217
0 0.879697 0.819192 0.047519 0.047242
4 0.671861 0.698954 0.010531 0.058246
0 0.935953 0.875024 0.074939 0.080625
0 0.382824 0.926401 0.062648 0.069252
0 0.893196 0.885366 0.079566 0.080112
0 0.538683 0.507298 0.025663 0.035731
0 0.917165 0.784534 0.052439 0.058734
4 0.618450 0.973353 0.013978 0.052882
0 0.443908 0.580832 0.024007 0.041876