0 0.241137 0.493581 0.138988 0.125488
0 0.718083 0.695005 0.134801 0.236724
0 0.483824 0.676538 0.114881 0.186609
0 0.389704 0.459169 0.071264 0.110035
0 0.518676 0.431047 0.071423 0.108102
0 0.641804 0.594819 0.107005 0.160740
0 0.613635 0.354180 0.055521 0.081359
0 0.742631 0.492134 0.086594 0.168305
1 0.891943 0.188562 0.060870 0.098083
0 0.522898 0.323794 0.052964 0.083004
0 0.457896 0.291405 0.047986 0.069087
2 0.481725 0.186902 0.045500 0.099270
1 0.739258 0.200619 0.067591 0.106819
0 0.785254 0.465251 0.050705 0.110402
0 0.628413 0.308435 0.050795 0.074034
0 0.593857 0.237460 0.041410 0.063440
1 0.481934 0.187180 0.045367 0.096915
0 0.782452 0.199022 0.025427 0.043566
1 0.845783 0.214894 0.039852 0.063423
0 0.684427 0.228270 0.044604 0.067694