2 0.221175 0.580509 0.172416 0.351580
0 0.504931 0.656628 0.112887 0.246014
0 0.567947 0.559043 0.105073 0.176072
0 0.391025 0.464471 0.068991 0.137590
0 0.660070 0.470690 0.076479 0.115413
0 0.505718 0.934946 0.171732 0.128302
0 0.531704 0.391715 0.062473 0.098121
0 0.695107 0.402103 0.067153 0.093382
2 0.742939 0.199747 0.060776 0.106895
0 0.607008 0.328518 0.049765 0.089412
1 0.892954 0.190301 0.052438 0.100021
4 0.250731 0.570351 0.037637 0.074675
0 0.659835 0.361969 0.063791 0.089571
0 0.528358 0.326029 0.055740 0.081933
0 0.492058 0.295945 0.041849 0.068807
0 0.416921 0.417639 0.057453 0.098701
0 0.699120 0.249014 0.032854 0.052885
2 0.775336 0.171953 0.042464 0.090415
1 0.857244 0.221172 0.034155 0.072777
0 0.857478 0.221694 0.035253 0.071313