0 0.053033 0.826554 0.089021 0.080307
1 0.067684 0.908231 0.097263 0.109964
0 0.300868 0.768419 0.061876 0.070128
0 0.410595 0.553666 0.028963 0.045173
0 0.641684 0.636114 0.046947 0.050871
0 0.156560 0.779121 0.061960 0.081530
0 0.673071 0.900663 0.047922 0.104728
0 0.746447 0.911852 0.064678 0.079826
0 0.590836 0.501821 0.018421 0.032756
0 0.518359 0.565036 0.038343 0.041168
0 0.918652 0.796513 0.056355 0.070472
4 0.589807 0.956456 0.012407 0.065040
0 0.545451 0.531598 0.027393 0.032139
0 0.938723 0.878101 0.084315 0.082482
0 0.729031 0.602127 0.036990 0.053354
0 0.496650 0.541083 0.027312 0.033462
0 0.465391 0.527711 0.021345 0.026835
0 0.496460 0.473310 0.026080 0.030517
0 0.429779 0.483169 0.020406 0.029572
0 0.448181 0.561925 0.035504 0.045143