0 0.928623 0.853592 0.141868 0.241180
0 0.659571 0.851010 0.143414 0.231347
0 0.710249 0.653647 0.112105 0.180981
0 0.832809 0.609824 0.114641 0.162748
0 0.505320 0.646980 0.109322 0.173411
0 0.349171 0.443843 0.078762 0.110187
0 0.400398 0.925860 0.167934 0.145654
0 0.506243 0.397906 0.066613 0.097585
1 0.891335 0.189238 0.059473 0.097691
0 0.684499 0.398556 0.070562 0.097035
0 0.152635 0.810824 0.158979 0.286755
0 0.621372 0.339945 0.056227 0.083603
0 0.471883 0.298921 0.051785 0.072763
0 0.525350 0.327682 0.054300 0.115599
0 0.943071 0.241095 0.041511 0.072832
1 0.496349 0.174645 0.035236 0.072625
0 0.562361 0.279920 0.045500 0.065142
1 0.737835 0.200641 0.070633 0.106471
4 0.075119 0.450894 0.020477 0.095919