0 0.292404 0.588582 0.078560 0.091674
0 0.220123 0.677846 0.111581 0.129149
0 0.829045 0.663490 0.110422 0.150783
0 0.431960 0.739134 0.069696 0.145503
0 0.493975 0.480026 0.029954 0.058373
0 0.748970 0.554138 0.079093 0.090430
0 0.763226 0.664430 0.089538 0.151944
0 0.433864 0.522997 0.048334 0.078003
0 0.896324 0.857625 0.161872 0.242333
0 0.634122 0.614354 0.058237 0.118171
0 0.338302 0.523432 0.057376 0.071022
0 0.371693 0.484249 0.047402 0.058800
0 0.481848 0.406039 0.020385 0.031800
0 0.392652 0.451696 0.031136 0.035256
4 0.020267 0.942599 0.040534 0.110915
0 0.684997 0.480985 0.037111 0.056428
0 0.958449 0.800850 0.082533 0.153241