2 0.811997 0.537003 0.174047 0.342476
0 0.063040 0.732457 0.125294 0.150508
0 0.494699 0.238335 0.068551 0.080022
0 0.117285 0.564837 0.105340 0.122705
0 0.369712 0.388401 0.067001 0.107601
0 0.662416 0.951676 0.124535 0.095746
0 0.564430 0.237842 0.044200 0.072993
4 0.379383 0.559023 0.023011 0.109305
0 0.691374 0.386488 0.048763 0.099108
0 0.314635 0.470219 0.118458 0.134992
0 0.026169 0.655450 0.052155 0.087027
0 0.360327 0.291279 0.089457 0.071218
0 0.042106 0.515577 0.082759 0.094792
0 0.648468 0.147947 0.055762 0.059666
0 0.262801 0.468868 0.099267 0.115404
4 0.675650 0.772655 0.022337 0.110036
4 0.943257 0.732747 0.022199 0.093542
0 0.626982 0.272144 0.059714 0.090324
0 0.694949 0.700697 0.087154 0.141847
0 0.101462 0.393703 0.093400 0.098287
0 0.086382 0.474955 0.101654 0.081149
4 0.540616 0.973648 0.021751 0.049572
4 0.974735 0.738655 0.019940 0.096151
4 0.382228 0.954418 0.023953 0.088169
4 0.529703 0.842582 0.026324 0.106723
0 0.304851 0.331489 0.071782 0.075500
2 0.301680 0.145599 0.106437 0.102238
0 0.175343 0.348114 0.071558 0.086442
4 0.420480 0.947874 0.020612 0.093043
0 0.031845 0.450739 0.063225 0.075535