0 0.863944 0.941781 0.090707 0.116437
2 0.711437 0.445637 0.099945 0.254760
0 0.891537 0.709596 0.059667 0.112148
0 0.559254 0.914712 0.084938 0.160873
4 0.091805 0.686191 0.030745 0.126322
0 0.883418 0.811286 0.072331 0.127264
1 0.363964 0.805862 0.093798 0.179588
2 0.683813 0.290459 0.068055 0.172597
0 0.870803 0.562275 0.047794 0.080941
0 0.316905 0.928192 0.110715 0.136475
0 0.902310 0.600944 0.058596 0.110335
0 0.879110 0.858339 0.071439 0.088382
0 0.431847 0.116704 0.030763 0.062344
4 0.781055 0.525896 0.019375 0.104167
4 0.143575 0.536199 0.020523 0.101787
4 0.903737 0.515440 0.016196 0.064015
0 0.367070 0.979026 0.083678 0.041947
1 0.572689 0.813424 0.105071 0.242081
4 0.135556 0.765441 0.031777 0.095617
2 0.654453 0.673017 0.082046 0.280965
2 0.505489 0.702928 0.078906 0.163224
0 0.475032 0.881206 0.068376 0.165918
4 0.263810 0.646964 0.029476 0.100853
0 0.547796 0.494174 0.053431 0.095501
0 0.420405 0.926440 0.079881 0.144944
2 0.017703 0.320195 0.035031 0.104579
2 0.627189 0.333134 0.040826 0.089850
2 0.559639 0.411583 0.064151 0.131107
0 0.414754 0.763490 0.066598 0.144306
0 0.887040 0.641916 0.064759 0.101450
0 0.337452 0.171175 0.030076 0.044142
0 0.253422 0.979279 0.089425 0.041284
0 0.017730 0.318404 0.035145 0.100354
2 0.578747 0.349787 0.054252 0.187989
4 0.206630 0.444344 0.018428 0.092041
1 0.605308 0.168976 0.051232 0.101022