2 0.640078 0.648605 0.143682 0.378917
0 0.222293 0.672533 0.110157 0.117304
0 0.752587 0.556296 0.076202 0.107338
0 0.293427 0.587701 0.078765 0.096436
0 0.192356 0.822205 0.140684 0.178189
0 0.680590 0.528221 0.049535 0.079181
0 0.364533 0.669084 0.070560 0.115880
0 0.458360 0.425392 0.020413 0.040463
0 0.932440 0.932966 0.134179 0.129847
0 0.829986 0.656476 0.113212 0.147623
4 0.130101 0.940491 0.025986 0.118451
0 0.340411 0.522673 0.058963 0.071573
0 0.833142 0.756766 0.124986 0.183786
1 0.957309 0.826425 0.084569 0.205421
0 0.394898 0.451562 0.031008 0.038933
0 0.373099 0.480161 0.043284 0.054892
0 0.647440 0.477947 0.032277 0.063722
4 0.023489 0.940618 0.039075 0.108004
0 0.498582 0.409750 0.016767 0.040940
1 0.562573 0.483637 0.025152 0.076769