2 0.916984 0.715090 0.164897 0.531638
0 0.754703 0.679650 0.153703 0.222790
0 0.650886 0.546894 0.114568 0.194911
0 0.443236 0.882487 0.169880 0.229947
0 0.696514 0.366713 0.090317 0.151454
0 0.593997 0.692036 0.127231 0.256151
4 0.807604 0.376448 0.043657 0.078106
0 0.810628 0.509863 0.110142 0.207975
0 0.573585 0.418384 0.114265 0.187531
0 0.719613 0.305040 0.083522 0.127310
0 0.450855 0.641691 0.130945 0.245189
4 0.573266 0.644022 0.032672 0.051685
4 0.754222 0.193734 0.021781 0.121522
3 0.787504 0.256551 0.024898 0.080147
0 0.682733 0.035986 0.038143 0.069529
3 0.540194 0.529280 0.036188 0.111730
0 0.609878 0.182945 0.060851 0.126169
4 0.538816 0.449685 0.035373 0.089760
4 0.615246 0.220272 0.032694 0.088550
1 0.637136 0.129675 0.061929 0.106233
0 0.590146 0.298555 0.072396 0.133901
1 0.646982 0.132382 0.044344 0.104493