0 0.386652 0.657028 0.124522 0.169695
0 0.916786 0.373843 0.061309 0.092146
0 0.842908 0.256299 0.040998 0.061071
0 0.975350 0.544801 0.048364 0.117174
0 0.477750 0.224851 0.030931 0.038881
0 0.542763 0.319733 0.053675 0.101677
2 0.492636 0.170497 0.041728 0.081300
0 0.747549 0.319458 0.060148 0.069403
0 0.353351 0.557015 0.074192 0.168640
4 0.129979 0.571580 0.030878 0.120302
0 0.985147 0.414873 0.028994 0.084027
0 0.937635 0.337292 0.054954 0.088586
0 0.987683 0.231720 0.024069 0.056411
0 0.521856 0.276129 0.039471 0.064991
1 0.537405 0.182118 0.032498 0.057677
0 0.968090 0.297587 0.045556 0.066849
0 0.691606 0.230485 0.033084 0.061780
0 0.803899 0.234674 0.039637 0.051185
0 0.930975 0.269535 0.044884 0.050352
0 0.668522 0.230596 0.015993 0.035820