0 0.199245 0.903862 0.192096 0.189402
0 0.222796 0.660677 0.111719 0.129081
0 0.351165 0.615058 0.064959 0.105047
0 0.293289 0.569514 0.078238 0.089999
0 0.338045 0.504834 0.058367 0.069591
0 0.586508 0.499271 0.031622 0.073642
0 0.475305 0.535019 0.037596 0.084468
0 0.589490 0.629125 0.050238 0.137836
0 0.681453 0.506942 0.053908 0.082751
0 0.662924 0.676880 0.071474 0.154500
0 0.368569 0.764945 0.086452 0.166096
0 0.369366 0.464744 0.041551 0.054997
0 0.750926 0.523766 0.073380 0.084459
0 0.756221 0.617216 0.076441 0.121612
1 0.856415 0.774942 0.134074 0.205038
0 0.425557 0.444650 0.027276 0.056548
1 0.954797 0.771476 0.089326 0.157098
0 0.829317 0.629150 0.107798 0.142205
0 0.787263 0.786062 0.129738 0.217303
0 0.597921 0.430268 0.026856 0.050626
0 0.391762 0.434412 0.030519 0.040068
2 0.470790 0.423609 0.029716 0.092501
0 0.985469 0.857885 0.028586 0.154449
1 0.788138 0.784389 0.126702 0.216859
0 0.761899 0.893315 0.053364 0.121017
4 0.026566 0.939614 0.051794 0.119808