0 0.220446 0.821674 0.077753 0.103185
0 0.155483 0.777015 0.063293 0.078577
0 0.873001 0.940967 0.077833 0.107975
0 0.717970 0.888341 0.061610 0.093992
0 0.190338 0.797839 0.060761 0.077771
0 0.055917 0.827506 0.095867 0.087924
0 0.343866 0.741243 0.056055 0.065800
0 0.747529 0.969193 0.070147 0.061615
0 0.897637 0.892124 0.073001 0.078218
0 0.641004 0.637000 0.047750 0.048204
4 0.567235 0.915876 0.015519 0.073355
0 0.513893 0.567213 0.038806 0.037522
0 0.598126 0.567320 0.039416 0.035629
0 0.397882 0.531361 0.025210 0.040837
0 0.919272 0.793066 0.053594 0.065410
0 0.727496 0.601934 0.035879 0.050667
0 0.673879 0.899537 0.047096 0.100168
2 0.437028 0.378598 0.051764 0.049250
0 0.819294 0.812285 0.057018 0.061132
0 0.488003 0.537579 0.028741 0.035284
0 0.572257 0.530105 0.026900 0.032618
0 0.940105 0.878971 0.077382 0.083604
0 0.065480 0.856742 0.073882 0.078238