0 0.241533 0.891444 0.131427 0.212393
0 0.582170 0.540694 0.096154 0.186116
0 0.539856 0.365340 0.057977 0.088618
0 0.980918 0.404864 0.037473 0.122833
0 0.792794 0.342596 0.062326 0.077322
4 0.056567 0.714842 0.040677 0.158018
0 0.914698 0.315354 0.059665 0.081687
0 0.869623 0.281236 0.047277 0.065197
0 0.698040 0.258403 0.044219 0.061028
0 0.970642 0.369858 0.058717 0.091355
0 0.972818 0.530000 0.053400 0.118816
0 0.478931 0.250166 0.036894 0.051590
0 0.983574 0.224944 0.031812 0.053796
0 0.811726 0.231082 0.037281 0.053430
3 0.056370 0.761913 0.031955 0.108185
0 0.961841 0.292370 0.046609 0.064239
0 0.844210 0.264164 0.039556 0.059990
2 0.493553 0.171526 0.046217 0.082775
1 0.536567 0.180157 0.035841 0.065804
1 0.581074 0.178997 0.033661 0.062176