2 0.834674 0.570257 0.194201 0.363172
0 0.385048 0.412841 0.085224 0.093430
0 0.718363 0.422455 0.053040 0.095465
0 0.131629 0.691851 0.127715 0.137773
0 0.031322 0.794881 0.062643 0.139271
0 0.665475 0.629122 0.085576 0.137434
0 0.095716 0.551826 0.115556 0.133525
0 0.495715 0.238067 0.070292 0.079889
0 0.721713 0.734054 0.103110 0.162313
0 0.262501 0.472618 0.105079 0.108012
0 0.606791 0.700273 0.072857 0.149082
0 0.040881 0.680347 0.081444 0.129237
0 0.204391 0.908382 0.171909 0.158423
4 0.393033 0.936712 0.023430 0.119664
0 0.102529 0.394141 0.095961 0.096407
1 0.307827 0.547817 0.188629 0.228993
0 0.662752 0.250475 0.053154 0.087433
4 0.360347 0.681909 0.019181 0.098811
0 0.753868 0.327447 0.049005 0.077431
2 0.302388 0.142741 0.106695 0.101768
0 0.036095 0.513579 0.072189 0.087725
0 0.429286 0.361636 0.079788 0.092109
4 0.519981 0.905896 0.023266 0.116608
0 0.305196 0.330755 0.067324 0.072560
4 0.355679 0.977297 0.022012 0.044212
0 0.231447 0.381268 0.100776 0.097650
0 0.012970 0.926665 0.025794 0.137441
0 0.155944 0.431588 0.102138 0.082713
0 0.137921 0.454469 0.073823 0.090585
0 0.647517 0.408212 0.051877 0.160723
0 0.363568 0.292125 0.096981 0.071484
0 0.032433 0.448388 0.064610 0.069027
2 0.192810 0.182553 0.120436 0.142310