0 0.502538 0.388159 0.065711 0.097044
0 0.920896 0.451824 0.085997 0.113112
0 0.920847 0.324734 0.056143 0.082939
0 0.403143 0.384047 0.053253 0.124679
0 0.529030 0.252861 0.042163 0.069423
0 0.696515 0.254869 0.034500 0.044331
0 0.496772 0.235377 0.037616 0.057160
0 0.862554 0.279305 0.053164 0.066351
4 0.212849 0.485616 0.030216 0.100068
4 0.006740 0.694928 0.013470 0.163928
4 0.071693 0.725724 0.048223 0.173920
0 0.794335 0.228650 0.036867 0.050949
0 0.730793 0.271884 0.045309 0.084519
3 0.211884 0.516768 0.027126 0.080778
0 0.927439 0.262319 0.054675 0.087706
0 0.482157 0.203000 0.042055 0.052522
2 0.858182 0.170729 0.050266 0.074111
1 0.857774 0.175592 0.050261 0.086046
4 0.054348 0.716255 0.031035 0.171175
0 0.667435 0.193488 0.028099 0.030727
4 0.006964 0.654017 0.013924 0.080430