2 0.326812 0.526059 0.167417 0.339965
0 0.898767 0.778987 0.132336 0.211889
0 0.577036 0.438562 0.072614 0.107271
0 0.486870 0.487971 0.090082 0.127181
2 0.832269 0.171591 0.036662 0.085662
0 0.632473 0.375597 0.059299 0.095151
2 0.744831 0.198241 0.051234 0.109773
2 0.795231 0.170105 0.036854 0.076245
4 0.368718 0.531768 0.033058 0.057054
0 0.522697 0.343221 0.049111 0.107093
2 0.874822 0.184133 0.061530 0.098723
2 0.408903 0.210198 0.060767 0.110402
1 0.408872 0.210301 0.061342 0.110436
0 0.497576 0.295456 0.048997 0.079098
1 0.874292 0.184270 0.060071 0.096079
0 0.496882 0.174906 0.019778 0.026188
0 0.538712 0.262470 0.045058 0.079041
1 0.429220 0.332341 0.056877 0.116934
0 0.680965 0.226501 0.038514 0.063208