0 0.285919 0.834457 0.154520 0.289539
0 0.085858 0.881182 0.171245 0.229154
0 0.048908 0.762222 0.096714 0.202406
0 0.861644 0.873620 0.223777 0.244312
0 0.250413 0.527852 0.065535 0.112538
0 0.125157 0.467783 0.077032 0.065018
0 0.417779 0.885402 0.101881 0.226111
0 0.299495 0.539611 0.061325 0.106915
0 0.386843 0.384169 0.030840 0.050629
0 0.408057 0.513119 0.047921 0.100064
0 0.595908 0.503156 0.052326 0.107694
0 0.078374 0.578292 0.061351 0.048387
4 0.988381 0.838538 0.022407 0.092049
0 0.347322 0.399191 0.035575 0.057416
3 0.262984 0.645700 0.035887 0.082612
4 0.022370 0.624367 0.030520 0.090876
4 0.530983 0.331157 0.007396 0.030808
0 0.882289 0.785462 0.079482 0.100396
4 0.262893 0.629804 0.035324 0.073495
0 0.680506 0.649380 0.053279 0.076351