0 0.221677 0.675656 0.111611 0.121903
0 0.191758 0.826245 0.138080 0.181090
0 0.751845 0.558055 0.076176 0.106568
0 0.339965 0.522884 0.057500 0.070157
0 0.293599 0.585251 0.078363 0.088934
0 0.700149 0.582943 0.054802 0.098504
0 0.826224 0.658331 0.117030 0.153715
0 0.486761 0.471301 0.027694 0.057666
0 0.665184 0.647658 0.063148 0.126511
4 0.772834 0.664471 0.017561 0.072738
0 0.338629 0.777674 0.094381 0.162934
0 0.393537 0.451831 0.031452 0.037008
1 0.898810 0.857583 0.161458 0.244485
0 0.554008 0.402661 0.020415 0.045478
0 0.371275 0.481058 0.040909 0.052864
1 0.338594 0.777706 0.094223 0.162928
0 0.646499 0.481283 0.033739 0.065895
2 0.575221 0.489957 0.045887 0.112673
3 0.801672 0.931204 0.062274 0.133174
0 0.693451 0.489544 0.027510 0.041841
1 0.469014 0.433022 0.026065 0.046569
0 0.468908 0.432441 0.025746 0.046281
0 0.411216 0.423043 0.030023 0.040408
4 0.128805 0.619405 0.016134 0.063543
0 0.898425 0.856428 0.160445 0.245701