2 0.311350 0.368061 0.099093 0.217744
0 0.483007 0.882340 0.160391 0.233521
0 0.762320 0.920720 0.169739 0.157053
0 0.378394 0.700278 0.124333 0.254556
0 0.784316 0.513541 0.090374 0.130137
0 0.699312 0.618417 0.113398 0.169932
0 0.514471 0.531084 0.090806 0.145479
0 0.520474 0.414814 0.069219 0.122141
0 0.072463 0.867777 0.143771 0.262628
0 0.931168 0.266076 0.043659 0.080656
0 0.618380 0.320638 0.056614 0.073744
0 0.528371 0.283635 0.043896 0.065214
0 0.747595 0.298253 0.048746 0.069551
1 0.911009 0.198987 0.063324 0.104817
1 0.071658 0.868338 0.142433 0.262038
0 0.498837 0.379486 0.066640 0.104691
0 0.610167 0.287428 0.052149 0.075285
2 0.737406 0.198914 0.070156 0.105430
0 0.445351 0.289620 0.038223 0.067697
0 0.680715 0.226775 0.037927 0.064285
1 0.782871 0.165258 0.032621 0.068468
1 0.736842 0.198978 0.070043 0.107628