2 0.323118 0.559786 0.158838 0.371065
0 0.932277 0.867481 0.134299 0.238475
0 0.590444 0.458734 0.076233 0.116236
2 0.825122 0.172754 0.036939 0.082190
2 0.867312 0.182785 0.056538 0.095000
2 0.742876 0.197580 0.053979 0.110795
0 0.471664 0.506231 0.090835 0.130216
0 0.518964 0.350377 0.056492 0.119655
0 0.635918 0.388669 0.062121 0.098599
2 0.789379 0.167972 0.041466 0.072370
2 0.410316 0.212392 0.054666 0.114027
4 0.361554 0.572015 0.034704 0.066418
0 0.504031 0.301368 0.052422 0.084908
0 0.495514 0.174107 0.019781 0.028697
0 0.429853 0.343038 0.060538 0.117611
4 0.947718 0.206667 0.017883 0.074070
0 0.539978 0.269572 0.045849 0.080983
4 0.361442 0.580793 0.039630 0.078341
0 0.628325 0.347757 0.063398 0.085248