0 0.417452 0.616007 0.112312 0.158711
0 0.920021 0.387907 0.065085 0.098713
0 0.361161 0.521918 0.071308 0.172584
0 0.950931 0.347753 0.050511 0.091458
0 0.977665 0.304364 0.044016 0.070006
0 0.849944 0.261291 0.043328 0.063147
4 0.141477 0.567101 0.031918 0.120788
0 0.477302 0.219971 0.030774 0.042646
0 0.540206 0.309591 0.050946 0.094030
0 0.806971 0.239110 0.041043 0.050698
0 0.762793 0.326271 0.061493 0.066412
2 0.491934 0.169127 0.041286 0.079479
0 0.523081 0.266189 0.043627 0.063593
0 0.939619 0.279124 0.051411 0.066312
0 0.877587 0.227898 0.042320 0.069629
1 0.537403 0.182782 0.032258 0.055105
0 0.990707 0.233670 0.017947 0.052398
0 0.448688 0.201442 0.033964 0.039041
1 0.582785 0.174091 0.030570 0.069045
0 0.694225 0.236731 0.035676 0.068453
1 0.693940 0.236116 0.035264 0.069128