0 0.930821 0.439398 0.089585 0.136440
0 0.317036 0.555162 0.089323 0.140470
0 0.769427 0.261892 0.042007 0.057477
2 0.471635 0.207533 0.055551 0.119583
0 0.856101 0.261608 0.062557 0.081692
0 0.970588 0.306708 0.054901 0.063658
0 0.552256 0.230179 0.037029 0.052634
0 0.584773 0.243373 0.037134 0.053738
0 0.690312 0.250814 0.041499 0.068224
0 0.732271 0.221944 0.035333 0.050349
0 0.934044 0.271903 0.047318 0.053289
0 0.906221 0.255594 0.039664 0.047229
0 0.819770 0.243727 0.036386 0.056158
4 0.052276 0.664973 0.033790 0.113443
0 0.525395 0.210279 0.039319 0.069707
0 0.795660 0.226850 0.032458 0.045352
2 0.492174 0.166743 0.038791 0.067509