2 0.387435 0.424934 0.118333 0.254446
0 0.854551 0.645002 0.114788 0.180671
2 0.421682 0.297693 0.083378 0.188224
0 0.768383 0.763119 0.120235 0.265928
0 0.689028 0.415998 0.080341 0.104370
0 0.596726 0.302244 0.057225 0.093375
1 0.973654 0.231650 0.051486 0.127456
2 0.909022 0.197801 0.065450 0.109955
1 0.842384 0.174748 0.052837 0.089508
2 0.751337 0.203787 0.054931 0.111992
0 0.792179 0.198397 0.027467 0.040728
0 0.533269 0.267725 0.043762 0.061002
0 0.632625 0.292247 0.038474 0.070173
2 0.453777 0.236096 0.061306 0.131650
0 0.604449 0.458271 0.082055 0.227044
1 0.604937 0.458523 0.082708 0.225806
0 0.681176 0.225301 0.038222 0.065156