0 0.214653 0.816394 0.180951 0.214479
0 0.316595 0.655615 0.095252 0.215324
0 0.916286 0.449583 0.080838 0.109834
0 0.967999 0.365850 0.062862 0.095689
0 0.912014 0.330050 0.054623 0.078854
0 0.552178 0.372133 0.061342 0.119507
0 0.479984 0.226656 0.032815 0.048544
0 0.528250 0.296811 0.045676 0.068957
0 0.720618 0.294078 0.049109 0.070334
0 0.823339 0.239487 0.038826 0.061413
4 0.101211 0.619278 0.034723 0.131088
2 0.492930 0.170165 0.043196 0.080331
1 0.583243 0.174196 0.029716 0.070670
0 0.896890 0.302415 0.058911 0.075844
0 0.929654 0.269007 0.039691 0.060836
0 0.793042 0.231703 0.030178 0.040086
0 0.986720 0.225103 0.025791 0.065113
3 0.100707 0.658858 0.026442 0.092489
0 0.985627 0.299707 0.028007 0.046610
1 0.537235 0.182989 0.031236 0.055442