2 0.447346 0.243084 0.069267 0.148718
0 0.146637 0.779526 0.156347 0.201982
0 0.599609 0.297353 0.051168 0.084445
0 0.914633 0.263835 0.044453 0.053841
0 0.538805 0.270673 0.044774 0.063405
4 0.102362 0.584430 0.027559 0.117491
0 0.745824 0.233134 0.038423 0.057237
0 0.730871 0.299650 0.057305 0.092741
0 0.984458 0.320159 0.030009 0.072979
2 0.505386 0.224130 0.045590 0.103645
2 0.488685 0.161046 0.044881 0.060488
0 0.843656 0.247328 0.057963 0.081356
0 0.805936 0.231576 0.035040 0.052456
0 0.719042 0.210261 0.033126 0.045554
2 0.618816 0.157921 0.041612 0.080834
0 0.675743 0.224859 0.039529 0.056614