0 0.939275 0.886336 0.120769 0.221477
0 0.669097 0.883073 0.147655 0.226275
0 0.716633 0.677925 0.114709 0.186862
0 0.853059 0.638820 0.120081 0.169211
0 0.339295 0.453425 0.080478 0.110554
0 0.507368 0.674676 0.113323 0.180114
0 0.506901 0.405527 0.066582 0.100606
0 0.691876 0.409620 0.071154 0.099041
1 0.890885 0.188191 0.059718 0.096822
0 0.623493 0.345234 0.057639 0.087756
0 0.397672 0.951466 0.142241 0.094534
4 0.071987 0.448700 0.020488 0.106061
0 0.137925 0.822009 0.166415 0.291775
0 0.466350 0.302517 0.056613 0.072452
1 0.937819 0.238478 0.043905 0.073169
1 0.137326 0.821989 0.166482 0.291759
1 0.744404 0.201347 0.052300 0.105284
1 0.823752 0.206067 0.032584 0.060854
0 0.563793 0.281345 0.046793 0.069972
0 0.613439 0.291063 0.054628 0.082840
1 0.496754 0.173123 0.033742 0.074622
0 0.528199 0.247062 0.036973 0.050443
2 0.757406 0.168701 0.054057 0.091215