0 0.744420 0.955161 0.074935 0.089083
0 0.064336 0.802389 0.065920 0.071455
0 0.023588 0.857908 0.046481 0.079731
0 0.179639 0.769228 0.063774 0.083059
0 0.263575 0.741175 0.054704 0.067349
0 0.103399 0.874999 0.096272 0.097648
0 0.146828 0.759378 0.055246 0.072784
0 0.616521 0.749277 0.050862 0.063873
4 0.665835 0.689838 0.009611 0.048651
0 0.811272 0.787925 0.059700 0.061136
4 0.681977 0.733522 0.011276 0.064198
0 0.555578 0.663590 0.038735 0.057704
4 0.668271 0.820332 0.014483 0.061184
0 0.311315 0.709001 0.041536 0.052960
0 0.565054 0.518351 0.028752 0.031620
4 0.667618 0.805477 0.016349 0.084295
0 0.258824 0.976703 0.064235 0.046480
0 0.280982 0.933597 0.059266 0.060923
0 0.910906 0.766954 0.054340 0.059083
0 0.800206 0.733930 0.051820 0.049759
0 0.543693 0.618645 0.032664 0.038603
4 0.615118 0.691905 0.017891 0.044137
0 0.731781 0.724790 0.043727 0.066433
4 0.644358 0.952210 0.015343 0.064052