2 0.181536 0.578194 0.141728 0.292253
0 0.570039 0.569331 0.104584 0.146361
0 0.070486 0.881798 0.139829 0.223480
0 0.461266 0.444986 0.079654 0.111350
0 0.571475 0.407991 0.065445 0.105496
2 0.450827 0.241356 0.063053 0.133123
2 0.953564 0.214625 0.075817 0.124986
0 0.730323 0.774379 0.139324 0.245396
0 0.519691 0.352616 0.057288 0.085309
0 0.851838 0.228190 0.041396 0.047590
0 0.670897 0.420757 0.065280 0.143664
0 0.723522 0.217845 0.041362 0.055944
1 0.607155 0.249609 0.042757 0.107381
1 0.782800 0.239728 0.079897 0.139712
2 0.469865 0.195571 0.060384 0.106629
0 0.559909 0.290913 0.039587 0.086995
2 0.783590 0.241401 0.079353 0.137146