2 0.806957 0.537186 0.173611 0.342548
0 0.130148 0.787013 0.133934 0.170662
0 0.715451 0.653251 0.090862 0.172630
0 0.579170 0.715051 0.094284 0.186482
0 0.294536 0.527858 0.079202 0.113433
0 0.029035 0.833165 0.057602 0.134346
0 0.360505 0.576782 0.101878 0.108351
0 0.368287 0.694666 0.119708 0.161713
2 0.638935 0.663243 0.122377 0.250119
0 0.048080 0.566574 0.095647 0.109492
1 0.055717 0.712835 0.111057 0.196347
2 0.639090 0.415655 0.079844 0.174010
0 0.100618 0.391859 0.095636 0.100744
0 0.079251 0.482896 0.115015 0.100369
0 0.517158 0.749085 0.071454 0.153683
2 0.303839 0.148395 0.106458 0.108931
0 0.153524 0.454058 0.109074 0.130157
0 0.303357 0.332664 0.065226 0.074331
0 0.499314 0.844905 0.118860 0.152000
0 0.032774 0.449820 0.065329 0.070858
4 0.261033 0.885540 0.027314 0.056059
0 0.662694 0.540721 0.052697 0.085077
0 0.176306 0.349185 0.071003 0.086105
4 0.965051 0.757921 0.020258 0.105355
0 0.384693 0.473999 0.085938 0.116888
4 0.111589 0.899511 0.039441 0.103814
2 0.962338 0.338002 0.074706 0.478529