0 0.114697 0.768282 0.228238 0.448346
3 0.637664 0.782111 0.101979 0.302869
0 0.823491 0.623744 0.150083 0.225783
0 0.695395 0.606891 0.093761 0.169465
0 0.521443 0.607851 0.118569 0.180857
4 0.639268 0.677672 0.099768 0.275481
4 0.398115 0.719215 0.179963 0.380623
0 0.405717 0.689829 0.296793 0.304503
3 0.373340 0.865835 0.233705 0.262547
0 0.232885 0.608522 0.107729 0.134273
3 0.948794 0.644918 0.036922 0.121710
0 0.608591 0.587662 0.086566 0.111413
4 0.947201 0.593324 0.041847 0.122210
0 0.481613 0.686547 0.149705 0.299358
0 0.750976 0.594179 0.043298 0.109514
1 0.379400 0.476451 0.195523 0.268040
1 0.346744 0.507603 0.134763 0.195247
1 0.980777 0.607759 0.037534 0.506372
4 0.946966 0.569738 0.038982 0.074846