2 0.436282 0.271570 0.071928 0.161782
0 0.072893 0.858369 0.145418 0.216143
0 0.972702 0.308596 0.054597 0.073546
0 0.604707 0.343092 0.056202 0.088688
0 0.537242 0.293055 0.047905 0.070948
0 0.720041 0.285203 0.047253 0.085579
0 0.899839 0.263957 0.041901 0.047077
0 0.838659 0.251743 0.056255 0.078951
2 0.487575 0.170863 0.050549 0.064832
2 0.491256 0.246605 0.046588 0.110238
4 0.108878 0.576962 0.025450 0.107028
0 0.801979 0.236579 0.033801 0.050452
0 0.747608 0.235794 0.028178 0.054186
0 0.674129 0.221450 0.040579 0.067684
2 0.616618 0.164310 0.035325 0.067810