2 0.308406 0.603640 0.175856 0.398787
2 0.411224 0.217076 0.052171 0.111904
0 0.606234 0.492374 0.080435 0.123994
0 0.455481 0.529111 0.098516 0.135859
0 0.516340 0.366219 0.055392 0.125697
2 0.742288 0.197556 0.059677 0.108568
0 0.639800 0.402683 0.066778 0.109259
0 0.956297 0.934261 0.086531 0.129689
2 0.821869 0.172333 0.039933 0.079600
4 0.345250 0.616446 0.040095 0.072623
2 0.862357 0.180993 0.055896 0.094803
2 0.786796 0.168187 0.044353 0.075240
0 0.607481 0.269584 0.045590 0.069987
0 0.680138 0.225718 0.040606 0.064328
0 0.623925 0.295128 0.047956 0.071430
2 0.432643 0.351991 0.062288 0.127172