2 0.872677 0.514570 0.227285 0.471603
0 0.687978 0.451051 0.113588 0.169972
0 0.687669 0.811315 0.155844 0.271066
0 0.661164 0.244741 0.073757 0.120004
0 0.435849 0.872267 0.163876 0.244679
0 0.548381 0.456613 0.089973 0.184866
0 0.744418 0.351353 0.081437 0.153972
4 0.370322 0.932165 0.085087 0.132873
0 0.596782 0.362152 0.088939 0.146054
4 0.654361 0.942973 0.075798 0.112682
0 0.621995 0.193824 0.062127 0.100408
4 0.659093 0.752858 0.038335 0.059944
4 0.935069 0.522058 0.031559 0.057424
4 0.829380 0.517851 0.039701 0.072461
1 0.460637 0.672291 0.135764 0.329231
4 0.733421 0.160887 0.023446 0.110688
1 0.899487 0.924887 0.160710 0.147005
4 0.434268 0.673226 0.030978 0.060122
0 0.683148 0.035457 0.036517 0.067180
4 0.733013 0.139381 0.021859 0.067438
0 0.896879 0.924541 0.168129 0.146232
1 0.445093 0.430438 0.103296 0.189246