2 0.145708 0.803623 0.290639 0.371275
2 0.368436 0.420603 0.118850 0.263880
0 0.791222 0.542483 0.093664 0.143924
2 0.804136 0.170850 0.041871 0.079893
2 0.848390 0.177060 0.048214 0.089873
0 0.520599 0.426219 0.072558 0.101220
0 0.620901 0.329173 0.051937 0.081012
0 0.963180 0.922583 0.072545 0.150365
0 0.674437 0.834301 0.156941 0.288867
2 0.396241 0.204376 0.065225 0.103487
2 0.739127 0.198662 0.063382 0.109927
0 0.611455 0.297454 0.057831 0.075597
2 0.899440 0.190711 0.064934 0.105856
0 0.536985 0.372135 0.057338 0.086210
0 0.480209 0.274383 0.039751 0.074357
1 0.435493 0.299906 0.049871 0.114109
0 0.498458 0.168298 0.020864 0.026486
0 0.681762 0.226181 0.037402 0.063515
0 0.534731 0.232907 0.038697 0.050806