2 0.245260 0.745224 0.235820 0.459972
2 0.359473 0.423499 0.126803 0.271608
0 0.913268 0.803226 0.152286 0.223889
0 0.622710 0.409142 0.080357 0.138668
0 0.709221 0.398487 0.068880 0.097627
2 0.425477 0.282713 0.081338 0.173511
2 0.974359 0.231731 0.050354 0.129360
2 0.915705 0.197871 0.068778 0.109200
2 0.852022 0.178463 0.052496 0.097986
0 0.531422 0.319937 0.053957 0.077106
2 0.738255 0.197569 0.069831 0.107212
4 0.281208 0.753851 0.046478 0.081470
0 0.629617 0.320709 0.051675 0.081132
2 0.808375 0.171512 0.037769 0.074493
0 0.608833 0.255411 0.040151 0.058869
1 0.621490 0.872296 0.167813 0.253907
0 0.680810 0.225518 0.038603 0.063998
0 0.544017 0.248506 0.042813 0.080508
0 0.524961 0.279962 0.049888 0.066795