0 0.441816 0.576604 0.103864 0.149197
0 0.924793 0.406444 0.069096 0.101628
0 0.538141 0.298800 0.048691 0.090912
0 0.858513 0.268985 0.045404 0.067203
0 0.368266 0.496835 0.070166 0.163459
4 0.151440 0.554188 0.032115 0.119002
0 0.960366 0.359965 0.058457 0.095717
0 0.811018 0.241740 0.042412 0.054515
0 0.477012 0.213637 0.031287 0.052354
0 0.696648 0.241486 0.036385 0.068351
0 0.519674 0.262078 0.036820 0.060434
0 0.780445 0.339139 0.062892 0.071329
3 0.151544 0.585756 0.028221 0.086837
1 0.582773 0.172188 0.030508 0.074574
2 0.492775 0.164509 0.042736 0.068273
0 0.949949 0.285609 0.051006 0.070396
2 0.824570 0.163488 0.042603 0.060921
0 0.673504 0.231668 0.019808 0.045426
0 0.883184 0.232889 0.042249 0.072259
1 0.537252 0.184204 0.032599 0.054052