2 0.713128 0.429950 0.093024 0.240143
0 0.969559 0.951493 0.059405 0.096071
0 0.891768 0.708954 0.059535 0.115273
2 0.682312 0.272952 0.067346 0.152734
0 0.865565 0.941886 0.094521 0.115175
0 0.170649 0.308052 0.033418 0.054090
4 0.179776 0.791224 0.034788 0.094013
0 0.455804 0.405108 0.054621 0.104898
0 0.384891 0.324699 0.039665 0.086520
4 0.061720 0.849822 0.038037 0.099904
2 0.373602 0.796007 0.091343 0.179951
0 0.258334 0.972794 0.099813 0.052789
0 0.367580 0.965372 0.093148 0.068955
0 0.878658 0.860711 0.071473 0.090989
4 0.145339 0.513924 0.020217 0.100801
0 0.883950 0.811026 0.072211 0.126725
0 0.321869 0.919202 0.105260 0.141179
0 0.019205 0.322530 0.038344 0.106159
0 0.870729 0.563547 0.046711 0.083946
0 0.466230 0.267014 0.041086 0.070821
2 0.566309 0.400828 0.067711 0.111531
4 0.945388 0.571306 0.016626 0.089941
0 0.575140 0.852473 0.077966 0.144770
0 0.900730 0.599095 0.057389 0.113467
0 0.077446 0.262613 0.037372 0.057085
0 0.411176 0.273471 0.033472 0.077516
2 0.627086 0.242062 0.044854 0.086519
2 0.640358 0.422355 0.055016 0.140699
0 0.012068 0.537049 0.023713 0.128460
4 0.110673 0.548185 0.020174 0.096437
2 0.408451 0.078064 0.023533 0.056061
0 0.426515 0.734849 0.068691 0.142844
4 0.215396 0.439843 0.017640 0.083470
2 0.571852 0.334879 0.069139 0.176128
2 0.435690 0.207495 0.031345 0.068764
0 0.450562 0.865758 0.074063 0.142491
4 0.926447 0.563291 0.017765 0.069136
2 0.454832 0.652866 0.080436 0.174530
3 0.179259 0.837107 0.031351 0.067638
2 0.678468 0.562919 0.081591 0.146375