2 0.388255 0.395410 0.110111 0.249161
2 0.934647 0.342941 0.128304 0.214264
0 0.669556 0.600064 0.105545 0.169325
0 0.495940 0.379299 0.066708 0.095205
0 0.551222 0.302686 0.053477 0.084367
2 0.476043 0.190617 0.051432 0.105770
0 0.694601 0.243472 0.042153 0.070555
0 0.728305 0.222792 0.036217 0.049232
0 0.817746 0.234170 0.052775 0.073914
0 0.614168 0.263724 0.036505 0.079520
0 0.784826 0.215606 0.033186 0.057329
0 0.986547 0.222072 0.025919 0.046130
0 0.588879 0.255282 0.024445 0.052250
0 0.530183 0.268432 0.044164 0.090471
4 0.065176 0.522590 0.023098 0.091774
0 0.667680 0.215363 0.031269 0.063270
1 0.580437 0.199454 0.036660 0.078494