0 0.456880 0.867094 0.186178 0.262870
0 0.295642 0.827273 0.188268 0.317048
0 0.635982 0.767083 0.196085 0.303140
0 0.085576 0.699130 0.167798 0.270048
0 0.441697 0.228897 0.161114 0.211277
4 0.975252 0.690509 0.049032 0.264784
4 0.201737 0.563597 0.065963 0.220116
4 0.652981 0.530209 0.050878 0.224468
4 0.709676 0.642465 0.047499 0.209077
0 0.416600 0.918910 0.153460 0.162180
0 0.655086 0.929658 0.176005 0.136405
4 0.088506 0.807063 0.085041 0.268154
0 0.098395 0.193336 0.170963 0.229506
4 0.831234 0.532055 0.041664 0.167504
0 0.078522 0.472301 0.156834 0.224228
4 0.800243 0.659534 0.037312 0.254768
4 0.022934 0.217740 0.045657 0.133404
4 0.632315 0.367286 0.048433 0.212164
4 0.863564 0.517108 0.045830 0.192536
4 0.763844 0.682965 0.047724 0.239960
0 0.489517 0.624363 0.169763 0.256983
4 0.751118 0.469385 0.034361 0.107519
3 0.397344 0.508175 0.103601 0.179655
0 0.755812 0.471576 0.175590 0.209009
4 0.511743 0.349803 0.049491 0.229839
4 0.300873 0.208687 0.038783 0.135921
3 0.097358 0.888402 0.061607 0.119222
4 0.319919 0.176759 0.038907 0.210668
4 0.226687 0.172435 0.041365 0.110063
4 0.781606 0.307726 0.030941 0.130444
4 0.603811 0.535739 0.050155 0.176946
0 0.009710 0.948385 0.019420 0.095444
3 0.205946 0.628085 0.041488 0.106271