2 0.807215 0.540032 0.174505 0.339946
0 0.201278 0.603247 0.108641 0.132015
0 0.572265 0.682826 0.087091 0.176415
0 0.526778 0.802937 0.086287 0.183875
0 0.284645 0.462671 0.085420 0.107760
0 0.421014 0.410294 0.082267 0.094407
0 0.382382 0.709496 0.103550 0.169098
0 0.295627 0.528024 0.096357 0.133232
0 0.075866 0.710343 0.151414 0.153355
4 0.309633 0.643256 0.020845 0.102241
0 0.143019 0.552491 0.131604 0.120370
0 0.100478 0.392388 0.095778 0.098560
4 0.404363 0.910437 0.024552 0.128754
2 0.683785 0.447094 0.046932 0.175293
0 0.124225 0.541573 0.094967 0.107611
0 0.305863 0.333302 0.064112 0.073430
0 0.346821 0.458025 0.073095 0.094661
0 0.934356 0.892880 0.130376 0.206621
2 0.764875 0.819432 0.272033 0.351801
0 0.050562 0.647029 0.100772 0.157649
0 0.154262 0.444065 0.104611 0.108749
0 0.233483 0.381781 0.105860 0.099153
0 0.113852 0.288744 0.096444 0.089327
0 0.039080 0.513619 0.077798 0.089160
0 0.176937 0.348585 0.070759 0.085295
0 0.675683 0.853079 0.112054 0.174351
0 0.346444 0.395101 0.072970 0.086474
4 0.576159 0.952856 0.040552 0.092564
0 0.677200 0.735605 0.096825 0.167071