2 0.337760 0.467584 0.140942 0.296479
2 0.175963 0.800567 0.285837 0.386953
0 0.631643 0.447220 0.083695 0.150981
2 0.417943 0.299082 0.080179 0.179247
2 0.743395 0.197317 0.053835 0.110069
2 0.965721 0.216007 0.067467 0.137126
0 0.741506 0.439197 0.077783 0.106302
2 0.806289 0.170745 0.033092 0.073651
4 0.212777 0.924462 0.061557 0.104806
0 0.640312 0.342275 0.058428 0.086946
0 0.532756 0.330993 0.054935 0.088521
2 0.843748 0.174222 0.045224 0.089817
2 0.901960 0.191497 0.064242 0.105675
0 0.613132 0.262094 0.042889 0.064055
4 0.362636 0.470076 0.026552 0.062577
0 0.959494 0.937725 0.079731 0.122701
0 0.541165 0.256255 0.047200 0.080092
4 0.323274 0.473253 0.025399 0.061901
0 0.680607 0.225640 0.039663 0.065477