2 0.188521 0.821369 0.333758 0.355105
2 0.280886 0.448585 0.114344 0.221064
0 0.545744 0.399192 0.066943 0.096360
0 0.307751 0.642373 0.107119 0.154163
2 0.821281 0.263042 0.092833 0.161437
0 0.638875 0.478245 0.086828 0.149422
0 0.487182 0.342362 0.061261 0.088643
2 0.460205 0.219756 0.052919 0.112454
0 0.648798 0.338847 0.048700 0.112932
0 0.603730 0.323874 0.050826 0.076172
0 0.526816 0.289768 0.048037 0.066584
0 0.723059 0.216309 0.038919 0.053932
0 0.880782 0.240740 0.029747 0.045030
0 0.680459 0.222957 0.041113 0.066745
4 0.069181 0.445229 0.022652 0.114432
2 0.474131 0.189893 0.053024 0.106680
1 0.984960 0.237619 0.029464 0.136267
4 0.947345 0.207198 0.016838 0.065652
2 0.466591 0.207978 0.066730 0.131913
1 0.598352 0.223642 0.041088 0.090881