4 0.092794 0.780650 0.185412 0.428312
0 0.218702 0.646567 0.109489 0.149097
0 0.603959 0.680422 0.153543 0.206266
0 0.510784 0.640237 0.093086 0.161811
0 0.857156 0.627302 0.085141 0.141220
1 0.948959 0.621241 0.100931 0.347834
4 0.714691 0.671552 0.081733 0.238735
3 0.426388 0.724430 0.077534 0.189231
3 0.781062 0.677197 0.042268 0.106183
3 0.711874 0.766658 0.073202 0.239630
0 0.071392 0.673033 0.142373 0.281610
3 0.106944 0.898375 0.212803 0.199403
0 0.294036 0.622627 0.048588 0.070625
4 0.424492 0.667751 0.074250 0.206223
4 0.431246 0.663697 0.052886 0.181024
3 0.165617 0.693192 0.046641 0.110510
4 0.160991 0.613633 0.040835 0.090833
0 0.677177 0.603787 0.048077 0.064795