0 0.326732 0.905235 0.131581 0.182974
0 0.220823 0.671946 0.110511 0.118350
0 0.459660 0.734694 0.067382 0.153641
0 0.192723 0.823241 0.138063 0.176360
0 0.665245 0.635446 0.064679 0.129139
1 0.857830 0.797853 0.147558 0.210720
0 0.595804 0.617224 0.057337 0.132056
0 0.335956 0.708979 0.080656 0.133028
0 0.291131 0.585301 0.080857 0.091240
0 0.446104 0.527324 0.038916 0.081400
0 0.680742 0.524046 0.052343 0.079934
0 0.491439 0.513983 0.029172 0.064175
0 0.751170 0.546561 0.076705 0.096191
0 0.337970 0.520059 0.057490 0.074307
0 0.830425 0.648872 0.104379 0.139654
0 0.370408 0.474617 0.042843 0.053245
0 0.785707 0.660591 0.114604 0.143610
0 0.987556 0.880140 0.024300 0.153304
0 0.583995 0.496506 0.033540 0.077139
2 0.685463 0.923876 0.114491 0.150046