0 0.622462 0.903990 0.057684 0.073195
0 0.473339 0.717309 0.043170 0.052538
0 0.053321 0.833678 0.061491 0.057965
0 0.662280 0.726839 0.031501 0.060808
0 0.209184 0.927628 0.086799 0.108205
0 0.602116 0.961671 0.063214 0.076657
0 0.440025 0.763916 0.043717 0.059477
0 0.566115 0.652917 0.032017 0.047514
0 0.509793 0.727158 0.036180 0.055392
0 0.755419 0.859579 0.054756 0.078426
0 0.645240 0.601329 0.031629 0.043537
0 0.108237 0.932453 0.060792 0.068319
0 0.693276 0.969812 0.080105 0.060375
0 0.292540 0.961932 0.077618 0.076136
0 0.178709 0.831244 0.059355 0.058425
0 0.854166 0.969341 0.058728 0.059680
2 0.604962 0.494833 0.043346 0.068841
0 0.349063 0.849965 0.061314 0.103445
0 0.268313 0.945095 0.062612 0.093137
0 0.048936 0.913947 0.052438 0.047497
4 0.759763 0.950149 0.013002 0.056943
1 0.899186 0.918290 0.070897 0.098091
0 0.484107 0.557308 0.019498 0.036644
0 0.598232 0.654127 0.031784 0.047622
0 0.682066 0.629821 0.023979 0.043654
0 0.688111 0.568942 0.020564 0.039167
0 0.420993 0.810308 0.033671 0.068208