2 0.340768 0.316090 0.086750 0.180222
0 0.777740 0.826800 0.140429 0.217076
0 0.708317 0.653465 0.117339 0.176371
0 0.501633 0.657602 0.112999 0.195908
0 0.664574 0.468749 0.084263 0.123303
0 0.466613 0.839635 0.147391 0.304835
0 0.417991 0.548867 0.100962 0.194147
0 0.525376 0.433467 0.074667 0.115128
0 0.691295 0.394392 0.071297 0.099660
0 0.165636 0.822933 0.179196 0.290730
0 0.826262 0.345695 0.058666 0.076920
0 0.978400 0.295251 0.042200 0.092892
2 0.937744 0.209797 0.068161 0.117105
0 0.465160 0.251848 0.043377 0.063675
2 0.787970 0.167414 0.042461 0.070670
0 0.604462 0.280870 0.051822 0.069643
2 0.741093 0.199073 0.063084 0.108417
0 0.523573 0.342680 0.062446 0.075954