2 0.403801 0.336454 0.098148 0.204849
2 0.348161 0.518574 0.153615 0.314516
0 0.764091 0.513812 0.099149 0.140539
0 0.605071 0.337088 0.065925 0.104395
0 0.969878 0.924394 0.059119 0.147142
0 0.531765 0.285236 0.047156 0.067026
2 0.881033 0.185403 0.063033 0.102680
2 0.437203 0.247116 0.074144 0.146260
2 0.825456 0.171959 0.049405 0.083690
2 0.745417 0.199143 0.056997 0.109265
2 0.955957 0.214161 0.074492 0.126496
0 0.502380 0.253424 0.037734 0.060701
1 0.956072 0.215174 0.075162 0.125848
0 0.646036 0.324151 0.041639 0.077041
0 0.679819 0.225598 0.039578 0.065914
0 0.637207 0.322901 0.060264 0.077053
0 0.781850 0.195050 0.020828 0.037318
0 0.591907 0.228996 0.036836 0.058721
1 0.621203 0.586610 0.105179 0.282984