0 0.506819 0.827484 0.137410 0.213597
0 0.909036 0.414669 0.081589 0.122922
0 0.429673 0.337980 0.053717 0.085485
0 0.856566 0.347460 0.063181 0.083520
0 0.781870 0.280103 0.049121 0.069394
2 0.487449 0.179904 0.046070 0.094283
0 0.738378 0.237098 0.035862 0.055406
0 0.983448 0.323294 0.032433 0.076401
0 0.673853 0.224587 0.035793 0.048103
0 0.550604 0.206591 0.027603 0.042808
0 0.898599 0.288671 0.053531 0.090460
0 0.927941 0.265640 0.035784 0.066952
0 0.864841 0.276771 0.036394 0.062034
0 0.835244 0.249064 0.041522 0.063543
0 0.993695 0.222683 0.011857 0.033511