0 0.146779 0.515248 0.173441 0.125316
0 0.635463 0.824209 0.141260 0.227825
0 0.346799 0.576343 0.096097 0.131038
0 0.543240 0.528240 0.095343 0.135028
0 0.629706 0.418708 0.067516 0.101461
1 0.891365 0.189904 0.057566 0.098044
0 0.517590 0.377031 0.060456 0.095352
0 0.441465 0.932424 0.185982 0.133222
0 0.661207 0.357781 0.061013 0.090294
0 0.785916 0.922382 0.189002 0.153262
0 0.857011 0.660426 0.105934 0.214355
0 0.438001 0.327403 0.053022 0.080365
0 0.604183 0.258381 0.043388 0.066474
2 0.738500 0.199432 0.070533 0.106303
0 0.682340 0.227699 0.046081 0.067634
0 0.832731 0.591083 0.104147 0.159476
2 0.474159 0.194639 0.047466 0.103739
1 0.474164 0.195105 0.047533 0.103789