0 0.054301 0.814677 0.060515 0.057712
0 0.622161 0.885690 0.057281 0.072060
0 0.601025 0.948223 0.063016 0.084768
0 0.345984 0.807489 0.069609 0.083866
0 0.690104 0.959917 0.079635 0.078898
0 0.108719 0.914250 0.060670 0.067780
0 0.621175 0.588743 0.028449 0.040945
0 0.681668 0.548604 0.025508 0.042389
0 0.294270 0.952914 0.080269 0.094172
2 0.605569 0.475069 0.044097 0.078358
0 0.179534 0.811841 0.060367 0.054456
0 0.471737 0.752828 0.045291 0.062821
0 0.658528 0.661212 0.032615 0.049406
0 0.823879 0.905671 0.069114 0.089262
1 0.896984 0.898859 0.069283 0.099021
0 0.205909 0.910123 0.061609 0.092683
0 0.680306 0.755482 0.036756 0.063454
0 0.249741 0.935668 0.063997 0.093862
0 0.049921 0.896621 0.054595 0.047923
0 0.501773 0.703921 0.038746 0.054662
0 0.335906 0.868174 0.058331 0.077643
0 0.811240 0.828495 0.056161 0.081615