0 0.470948 0.504523 0.090836 0.130146
0 0.942046 0.444889 0.079758 0.117059
0 0.380790 0.453515 0.064312 0.151990
0 0.535279 0.280753 0.045851 0.086037
0 0.875488 0.281975 0.049197 0.074548
0 0.821636 0.249085 0.043650 0.057427
0 0.976353 0.380253 0.046712 0.095127
0 0.824086 0.368735 0.066263 0.090671
4 0.015871 0.830763 0.031526 0.232324
0 0.677787 0.239028 0.022152 0.040803
0 0.704225 0.248681 0.039473 0.074467
0 0.974345 0.303337 0.050663 0.069455
4 0.176935 0.528543 0.029275 0.112090
0 0.476858 0.215121 0.028636 0.039671
1 0.898043 0.239049 0.037966 0.075490
3 0.176531 0.564184 0.027763 0.082799
0 0.787119 0.219524 0.038678 0.045709