0 0.218772 0.350025 0.136693 0.249135
4 0.757477 0.774431 0.063103 0.264683
0 0.504963 0.766836 0.152108 0.282047
4 0.832685 0.741475 0.051785 0.276058
4 0.905231 0.801576 0.050173 0.284801
4 0.311502 0.144758 0.050984 0.211623
0 0.010191 0.868250 0.020161 0.210594
4 0.447165 0.309257 0.056822 0.145255
0 0.066862 0.735018 0.133631 0.306158
0 0.788401 0.467322 0.208768 0.204397
4 0.370695 0.301365 0.050667 0.207632
3 0.953232 0.506188 0.092694 0.154908
0 0.347917 0.567826 0.114005 0.114224
4 0.941306 0.815635 0.036704 0.229267
4 0.662917 0.585580 0.040962 0.233684
1 0.445898 0.239945 0.156433 0.229324
0 0.444792 0.239997 0.156038 0.230238
0 0.328949 0.520274 0.140961 0.136346
4 0.488122 0.304576 0.043137 0.193401
0 0.262050 0.717495 0.154263 0.290251
4 0.353451 0.125214 0.042237 0.191520
4 0.800023 0.659658 0.035665 0.258291
0 0.105059 0.581891 0.132377 0.275213
4 0.823437 0.500043 0.029394 0.206891
4 0.742430 0.633678 0.065167 0.183441
0 0.346924 0.785391 0.321384 0.407708
4 0.745644 0.508233 0.041749 0.119647
4 0.562820 0.297696 0.053433 0.206825
4 0.798330 0.493238 0.044182 0.168106
2 0.074211 0.271094 0.147143 0.398752
4 0.686368 0.537467 0.040108 0.237508