0 0.488503 0.450160 0.077801 0.118859
0 0.962319 0.489511 0.074661 0.122852
0 0.390215 0.422279 0.057356 0.140388
0 0.892924 0.299310 0.051386 0.070881
0 0.533896 0.269931 0.043171 0.078392
0 0.864286 0.400230 0.073910 0.101993
0 0.713044 0.255358 0.041997 0.078975
4 0.019709 0.782545 0.039419 0.194329
0 0.683937 0.242736 0.025005 0.046627
0 0.836883 0.265212 0.046122 0.051677
0 0.908593 0.247315 0.045010 0.082249
4 0.197899 0.514547 0.027518 0.119523
0 0.475523 0.215423 0.033022 0.040576
0 0.510453 0.246412 0.028427 0.050797
0 0.790335 0.218086 0.042501 0.057134
0 0.985733 0.321330 0.027458 0.072460
0 0.983881 0.395883 0.032008 0.080818