2 0.713203 0.428991 0.091360 0.239170
0 0.323167 0.647976 0.084598 0.136630
0 0.964811 0.864374 0.070148 0.126744
0 0.863047 0.941843 0.091462 0.116066
0 0.891486 0.707928 0.060682 0.116150
2 0.390483 0.771203 0.088738 0.179967
0 0.372589 0.057363 0.031496 0.048917
4 0.114753 0.546561 0.021374 0.101875
0 0.328312 0.908052 0.109816 0.142933
2 0.681106 0.275221 0.065620 0.161948
2 0.635448 0.414084 0.064808 0.156103
4 0.077546 0.590250 0.018574 0.093773
2 0.567247 0.403653 0.065927 0.110968
0 0.870869 0.562855 0.046809 0.083031
4 0.954767 0.929278 0.024077 0.130515
2 0.436677 0.335742 0.037601 0.105000
2 0.154368 0.171192 0.071360 0.085593
0 0.884789 0.807991 0.069263 0.121201
0 0.257555 0.973005 0.096299 0.053818
0 0.374780 0.395255 0.040774 0.095174
0 0.434581 0.419022 0.055593 0.083114
2 0.681403 0.554678 0.079178 0.136810
0 0.576748 0.842720 0.078624 0.139371
0 0.878080 0.865851 0.070775 0.099979
4 0.024809 0.810084 0.032218 0.141535
1 0.589465 0.748424 0.104689 0.222639
0 0.036982 0.779649 0.061690 0.161488
2 0.668737 0.692274 0.062628 0.152664
2 0.590350 0.748610 0.103721 0.217539
0 0.352885 0.018506 0.023669 0.034380
2 0.395869 0.127886 0.026134 0.056838
0 0.901666 0.600132 0.054005 0.112887
1 0.019025 0.320627 0.037950 0.111145
2 0.437777 0.153503 0.027425 0.067123