2 0.373985 0.454925 0.132033 0.269005
0 0.914182 0.745645 0.128256 0.202970
0 0.837243 0.867943 0.147384 0.260966
0 0.716125 0.449321 0.084787 0.117047
2 0.415395 0.309343 0.091288 0.186131
2 0.968469 0.218949 0.061922 0.130283
2 0.896441 0.191296 0.063289 0.110428
2 0.834758 0.171813 0.049496 0.087267
0 0.599622 0.314213 0.060348 0.101354
0 0.532925 0.276950 0.043986 0.058210
0 0.787499 0.196431 0.026423 0.044139
2 0.446894 0.239155 0.064079 0.135933
1 0.610276 0.503155 0.089270 0.241711
2 0.749991 0.201767 0.053424 0.108399
0 0.637321 0.302649 0.038391 0.073807
0 0.589130 0.226811 0.034530 0.049917
0 0.680688 0.225499 0.039582 0.065767
0 0.610411 0.503887 0.089911 0.241325
1 0.749812 0.202670 0.052514 0.109744