2 0.162148 0.604667 0.150565 0.297644
0 0.579957 0.617309 0.110865 0.159819
0 0.032279 0.910456 0.063953 0.169942
0 0.458396 0.469665 0.082571 0.121443
2 0.446967 0.244888 0.065788 0.133761
2 0.945361 0.209250 0.074219 0.119730
0 0.565943 0.429880 0.066961 0.106371
0 0.760750 0.865070 0.158929 0.265907
0 0.846470 0.222907 0.041450 0.049267
0 0.676432 0.440777 0.067937 0.148337
0 0.517411 0.366247 0.057941 0.090505
2 0.779229 0.233997 0.078769 0.139325
1 0.609628 0.253255 0.044643 0.114605
0 0.723817 0.216144 0.037877 0.052132
0 0.564232 0.297607 0.042399 0.091981
0 0.529300 0.291162 0.035613 0.058976
2 0.470146 0.198179 0.060462 0.113769