0 0.820806 0.956720 0.077298 0.084996
0 0.744219 0.961670 0.074699 0.074649
0 0.688525 0.823359 0.056628 0.089583
0 0.233266 0.812736 0.063578 0.075648
0 0.566342 0.666698 0.037487 0.055926
0 0.157023 0.765838 0.053428 0.073734
0 0.146302 0.841590 0.088795 0.095248
0 0.053964 0.817964 0.084994 0.077486
0 0.660161 0.897573 0.066200 0.099090
0 0.585098 0.624712 0.029849 0.046465
0 0.540538 0.532736 0.034342 0.034520
0 0.893032 0.882974 0.074953 0.078644
0 0.017804 0.872798 0.035048 0.072995
4 0.667837 0.703987 0.011083 0.043620
0 0.110609 0.830905 0.071920 0.070520
0 0.380812 0.921236 0.061427 0.080358