2 0.409407 0.361787 0.097611 0.221074
2 0.950339 0.381897 0.098190 0.238289
0 0.644383 0.510543 0.086661 0.137571
0 0.513806 0.360659 0.061467 0.090329
2 0.482212 0.199835 0.053221 0.102112
0 0.825160 0.252410 0.053139 0.071823
0 0.986326 0.244063 0.026722 0.053140
0 0.703215 0.261859 0.043369 0.074225
0 0.535806 0.295624 0.051214 0.079454
4 0.080994 0.542529 0.026704 0.105240
0 0.867319 0.253301 0.036749 0.042479
0 0.789143 0.232703 0.036304 0.053048
1 0.580315 0.209508 0.039584 0.077608
0 0.729043 0.236239 0.041282 0.053259
0 0.610078 0.263234 0.035495 0.074001
0 0.434651 0.282781 0.061376 0.108347