2 0.718494 0.811527 0.246834 0.366603
0 0.222212 0.673199 0.109796 0.118107
0 0.752405 0.558147 0.076205 0.105866
0 0.293486 0.587211 0.078897 0.094992
0 0.583292 0.598337 0.045507 0.126895
0 0.844204 0.765575 0.136435 0.191548
0 0.192993 0.820905 0.144057 0.183199
0 0.954366 0.818150 0.090537 0.189287
0 0.829122 0.650582 0.110227 0.134363
0 0.399453 0.708900 0.086062 0.167817
0 0.341125 0.522570 0.058121 0.071609
0 0.423974 0.505244 0.034240 0.072894
0 0.645952 0.477399 0.033775 0.065727
0 0.681763 0.515949 0.050644 0.056864
0 0.690089 0.545582 0.040648 0.050802
0 0.494626 0.392722 0.019083 0.035169
0 0.393416 0.451280 0.031847 0.037407
0 0.372373 0.475347 0.041470 0.041848
0 0.948288 0.971072 0.102636 0.057678
0 0.681707 0.526615 0.053083 0.074954
1 0.192009 0.821699 0.140579 0.181469
4 0.634565 0.574246 0.018041 0.073620