0 0.161231 0.521118 0.141448 0.124831
0 0.815626 0.613042 0.106593 0.160492
0 0.661384 0.486147 0.093077 0.131706
0 0.391387 0.384428 0.067751 0.092907
0 0.495753 0.597347 0.101319 0.153339
0 0.641851 0.369961 0.065811 0.110046
0 0.503716 0.461582 0.070956 0.112360
1 0.891403 0.200391 0.059466 0.120418
0 0.522313 0.374202 0.056846 0.096547
0 0.442835 0.291047 0.045781 0.064168
0 0.528028 0.292808 0.044687 0.063519
0 0.593777 0.351012 0.048702 0.081165
1 0.825242 0.207235 0.030135 0.061147
2 0.740034 0.199324 0.065154 0.107239
0 0.007364 0.906528 0.014728 0.182845
2 0.753620 0.152541 0.053954 0.062938
0 0.684250 0.232197 0.043027 0.058318
1 0.738372 0.201300 0.064081 0.105416
1 0.493511 0.175020 0.038837 0.080801