0 0.221400 0.664514 0.111254 0.128613
0 0.618124 0.707491 0.064790 0.168821
0 0.381584 0.599873 0.074573 0.113003
0 0.291058 0.573317 0.080418 0.090912
0 0.623968 0.516332 0.042549 0.080986
0 0.749435 0.528842 0.077498 0.085789
0 0.876755 0.899587 0.175506 0.197242
0 0.681157 0.510358 0.055909 0.082461
0 0.458350 0.667131 0.056671 0.140304
0 0.444312 0.512647 0.036602 0.072652
0 0.842316 0.748369 0.120644 0.142837
0 0.828806 0.632999 0.107557 0.137528
0 0.759226 0.628414 0.083099 0.129445
0 0.338260 0.507781 0.057154 0.069335
0 0.415722 0.474260 0.034717 0.060407
0 0.571651 0.478135 0.032684 0.070180
1 0.328973 0.849968 0.138169 0.217470
1 0.458335 0.666867 0.057019 0.139780
0 0.363954 0.711459 0.072600 0.081891
0 0.985166 0.863571 0.029149 0.149198
0 0.371609 0.466562 0.045074 0.055279
0 0.954415 0.776006 0.091072 0.155717
0 0.179650 0.986205 0.081537 0.027590
4 0.714526 0.892187 0.031483 0.081873
0 0.482597 0.449077 0.027370 0.057449
0 0.441077 0.406983 0.021721 0.036739
0 0.557107 0.419278 0.026598 0.050849
3 0.715284 0.955858 0.041014 0.087790