0 0.908330 0.409218 0.072764 0.132044
0 0.975003 0.353058 0.049311 0.088534
4 0.084580 0.433285 0.024074 0.113677
0 0.801848 0.316439 0.061707 0.085147
0 0.449269 0.279220 0.037770 0.083505
4 0.228948 0.534390 0.035046 0.135718
0 0.688308 0.227627 0.035157 0.045738
4 0.162024 0.542434 0.031520 0.130217
2 0.461860 0.174364 0.095580 0.083796
4 0.084115 0.536626 0.028349 0.137287
0 0.985397 0.225603 0.028367 0.051595
0 0.496804 0.253473 0.040487 0.056050
4 0.255625 0.405097 0.025280 0.098664
0 0.721968 0.209916 0.032823 0.050430
1 0.857530 0.255516 0.042269 0.087725
0 0.949155 0.286841 0.048382 0.069354
0 0.887274 0.242659 0.028128 0.046426
0 0.971844 0.304594 0.051480 0.067811
0 0.525588 0.198378 0.056517 0.042081
2 0.738048 0.139119 0.033056 0.048061