2 0.442979 0.695124 0.188514 0.402695
0 0.700700 0.840622 0.108662 0.187917
0 0.566822 0.600535 0.069972 0.133965
0 0.334920 0.638713 0.077320 0.161227
4 0.643505 0.848101 0.034460 0.189259
0 0.392141 0.457246 0.067868 0.098266
0 0.793631 0.571148 0.085622 0.139178
0 0.898830 0.912099 0.201967 0.148425
3 0.680483 0.638020 0.036613 0.086050
0 0.781364 0.313959 0.044997 0.063375
0 0.910340 0.959640 0.177986 0.070980
4 0.723194 0.541067 0.027905 0.087160
4 0.681442 0.594926 0.033000 0.102349
1 0.429707 0.379848 0.054630 0.135620
0 0.756161 0.722381 0.094163 0.139155
0 0.862249 0.787783 0.194940 0.172639
0 0.810283 0.624740 0.087435 0.139017
0 0.897596 0.887612 0.204807 0.125124
3 0.718994 0.406445 0.022698 0.062133
4 0.515899 0.973720 0.041622 0.052559
4 0.874459 0.641055 0.025485 0.127145
0 0.885642 0.461617 0.123141 0.085205
0 0.882172 0.810321 0.208592 0.124576
0 0.105980 0.584734 0.081554 0.096732
1 0.788354 0.431203 0.063072 0.135395
3 0.723559 0.579239 0.028012 0.061670
1 0.508711 0.379488 0.082935 0.191783
0 0.368184 0.537962 0.067027 0.067470
4 0.456992 0.458115 0.026678 0.082690
0 0.890404 0.835700 0.217078 0.161529
0 0.858370 0.426854 0.086648 0.088033
0 0.389011 0.352182 0.034559 0.062912