2 0.805864 0.542720 0.175574 0.343974
0 0.586700 0.592318 0.059840 0.163722
0 0.555955 0.707381 0.084335 0.154234
0 0.640887 0.728807 0.083967 0.159362
0 0.210392 0.652874 0.127076 0.170022
2 0.494404 0.250097 0.096116 0.127825
0 0.632134 0.921690 0.133602 0.155973
0 0.065089 0.725878 0.130177 0.152383
0 0.342368 0.478326 0.096683 0.114777
0 0.260419 0.684246 0.118919 0.139640
0 0.059289 0.905930 0.118240 0.171099
0 0.370272 0.377280 0.064943 0.098127
0 0.248602 0.488715 0.088313 0.107160
0 0.390613 0.723674 0.082060 0.152939
0 0.274434 0.527605 0.099207 0.110318
4 0.879094 0.456618 0.019048 0.077207
2 0.546049 0.321579 0.084510 0.160087
0 0.408714 0.404814 0.071305 0.101308
0 0.675354 0.549081 0.048330 0.124974
0 0.115605 0.780765 0.135456 0.145049
0 0.162785 0.631553 0.098742 0.154841
0 0.484332 0.779069 0.086772 0.135608
0 0.048601 0.639377 0.096794 0.158963
0 0.670446 0.463777 0.052120 0.122575
0 0.192441 0.473257 0.077626 0.106370
0 0.310542 0.424272 0.067885 0.092608
0 0.611895 0.439756 0.068740 0.169104
4 0.589229 0.830221 0.025753 0.062530
0 0.017451 0.814729 0.034652 0.112633