0 0.576540 0.618498 0.108161 0.157439
0 0.274854 0.664585 0.120946 0.165627
0 0.513614 0.417202 0.064926 0.106312
0 0.696125 0.402606 0.070145 0.104641
0 0.641892 0.477010 0.075482 0.115888
0 0.427838 0.355610 0.058122 0.088149
0 0.087719 0.523024 0.092897 0.113932
0 0.876838 0.716727 0.110749 0.194668
1 0.890701 0.189536 0.057850 0.096066
0 0.619778 0.967251 0.149205 0.064445
0 0.941506 0.826629 0.116328 0.300170
4 0.084772 0.399706 0.020372 0.092136
1 0.468298 0.200969 0.049460 0.109643
0 0.606410 0.269940 0.044315 0.077256
1 0.941484 0.826243 0.115920 0.300240
1 0.833155 0.210503 0.045803 0.065656
1 0.518539 0.275236 0.051732 0.097342
0 0.685774 0.230942 0.042207 0.063717
1 0.741757 0.198933 0.060689 0.112128