0 0.224927 0.691970 0.122710 0.176141
2 0.456935 0.226414 0.061183 0.134540
0 0.545052 0.252809 0.042113 0.059913
0 0.597258 0.272599 0.045098 0.068073
0 0.933928 0.278582 0.048465 0.055673
0 0.752812 0.241720 0.039204 0.055863
4 0.085545 0.608011 0.030594 0.107684
0 0.782207 0.332069 0.067947 0.092482
0 0.985633 0.228421 0.028065 0.043263
0 0.855430 0.255279 0.049122 0.077656
2 0.489874 0.189390 0.043409 0.113535
0 0.904134 0.253506 0.039301 0.046653
2 0.515213 0.213914 0.041463 0.096281
0 0.809512 0.236425 0.037608 0.055346
0 0.681156 0.232619 0.038041 0.055473
0 0.722077 0.215931 0.037551 0.045433