0 0.425313 0.853907 0.092448 0.228255
0 0.597228 0.664259 0.054989 0.141402
0 0.221043 0.669923 0.110872 0.116109
0 0.194235 0.816123 0.139457 0.179701
0 0.291543 0.581584 0.078908 0.091282
0 0.474574 0.629649 0.049076 0.106422
0 0.687128 0.705399 0.075632 0.171605
0 0.337587 0.517267 0.058517 0.075005
0 0.682165 0.523001 0.053956 0.083102
0 0.880550 0.910899 0.178620 0.177973
0 0.233890 0.895328 0.162926 0.204124
0 0.576023 0.493321 0.036020 0.079917
0 0.750668 0.543829 0.075055 0.097490
0 0.830348 0.646130 0.106348 0.140306
0 0.487516 0.472321 0.026824 0.056451
0 0.690711 0.980891 0.093780 0.035381
2 0.452422 0.401600 0.046065 0.094823
4 0.325901 0.659831 0.025211 0.074220
0 0.846997 0.763494 0.125295 0.146936
4 0.418890 0.532286 0.017479 0.064250
0 0.987523 0.876917 0.024007 0.152334
0 0.954352 0.789368 0.091201 0.155377
0 0.371441 0.473804 0.046755 0.051910
0 0.778426 0.658738 0.099676 0.139767
0 0.560817 0.437170 0.028660 0.054374
0 0.597155 0.443817 0.023378 0.048870
1 0.644008 0.470263 0.032032 0.064892