0 0.467014 0.748010 0.110325 0.174903
0 0.722663 0.916471 0.130028 0.167058
0 0.397950 0.379538 0.045084 0.076033
0 0.638282 0.455260 0.061794 0.097047
0 0.904997 0.919780 0.189814 0.136762
1 0.439043 0.534112 0.055990 0.129174
3 0.331084 0.931765 0.049257 0.134847
0 0.812208 0.631187 0.090406 0.142639
0 0.793174 0.570164 0.084417 0.137983
0 0.337655 0.675982 0.075859 0.167299
1 0.441285 0.394509 0.056074 0.112640
1 0.531109 0.393180 0.051095 0.125489
3 0.374998 0.548478 0.028480 0.074808
0 0.911091 0.959743 0.176508 0.070223
0 0.756550 0.720819 0.090626 0.108011
4 0.331144 0.879070 0.052081 0.160388
2 0.414184 0.291029 0.039493 0.095657
1 0.414105 0.288280 0.039587 0.093562
4 0.705208 0.768699 0.022378 0.130632
3 0.478643 0.446104 0.023192 0.061015
0 0.880390 0.787443 0.226128 0.153916
4 0.873366 0.644833 0.028375 0.132061
4 0.375300 0.503809 0.028867 0.067181
4 0.485461 0.611307 0.036912 0.105138
0 0.781358 0.310995 0.044955 0.065435
0 0.835046 0.366531 0.049887 0.058801
4 0.706082 0.567456 0.035151 0.101506
3 0.704835 0.599520 0.032294 0.063336
4 0.512678 0.561261 0.030115 0.103343
4 0.374601 0.515601 0.031617 0.091403
2 0.939661 0.653134 0.119631 0.203891
4 0.724426 0.775191 0.031251 0.117030
1 0.838475 0.473592 0.058777 0.155190
4 0.744862 0.788384 0.027527 0.096202
3 0.512797 0.585652 0.027105 0.084602
3 0.485281 0.634612 0.036728 0.062304
4 0.804698 0.672407 0.025055 0.064895