0 0.623001 0.895218 0.058605 0.072758
0 0.053594 0.825017 0.059863 0.056780
0 0.297007 0.863575 0.080054 0.103006
0 0.633930 0.754367 0.031872 0.063539
0 0.601602 0.956482 0.062528 0.082805
0 0.724116 0.867094 0.053804 0.074924
0 0.112395 0.922526 0.067073 0.068359
0 0.182143 0.824235 0.062840 0.060639
0 0.653633 0.686514 0.025455 0.055439
0 0.670162 0.569990 0.028056 0.045191
2 0.604968 0.487153 0.042633 0.070296
0 0.225111 0.958850 0.070018 0.082299
0 0.293266 0.958146 0.079061 0.083708
0 0.141049 0.961609 0.070677 0.076328
0 0.701160 0.956590 0.095146 0.084966
0 0.633295 0.608090 0.029044 0.041677
0 0.543304 0.681208 0.034394 0.057836
0 0.050506 0.904943 0.055077 0.048225
0 0.898194 0.909198 0.070805 0.095471
4 0.626967 0.833836 0.010913 0.050195
0 0.476226 0.731773 0.040478 0.057517
0 0.938625 0.971018 0.069235 0.057289
0 0.537040 0.680093 0.046387 0.060525
0 0.444560 0.779351 0.047712 0.064513
4 0.759083 0.940997 0.014654 0.059475
0 0.523196 0.670946 0.034922 0.047225
0 0.414073 0.764463 0.051774 0.056304
0 0.386866 0.824379 0.047618 0.065807