2 0.805838 0.540043 0.174605 0.337954
0 0.065113 0.727576 0.130027 0.151728
0 0.167056 0.628828 0.105607 0.138071
0 0.672644 0.678333 0.084468 0.158210
0 0.926140 0.955848 0.143630 0.086833
0 0.123939 0.545305 0.094731 0.116255
0 0.352796 0.467219 0.083775 0.113112
0 0.769818 0.796008 0.118171 0.181295
0 0.560620 0.664884 0.086378 0.165963
0 0.451576 0.366610 0.070852 0.102596
0 0.270452 0.548175 0.095786 0.138585
0 0.391742 0.363335 0.071698 0.096173
0 0.631762 0.919819 0.132470 0.157505
0 0.049563 0.637394 0.098779 0.150800
0 0.276452 0.462637 0.086133 0.097290
0 0.870662 0.779204 0.135488 0.162600
4 0.403383 0.908358 0.023297 0.125692
0 0.704608 0.614546 0.072465 0.159860
0 0.553155 0.515434 0.056497 0.151298
0 0.154136 0.441131 0.105562 0.100511
4 0.258967 0.885380 0.026523 0.060481
4 0.872798 0.424149 0.018285 0.078464
4 0.231301 0.612248 0.021685 0.096332
2 0.718845 0.355087 0.064523 0.143584
0 0.630405 0.566432 0.057503 0.122947
0 0.658722 0.448424 0.060250 0.102999
0 0.101240 0.394644 0.095129 0.095181
0 0.302793 0.334399 0.067723 0.075432
4 0.574416 0.945560 0.034891 0.107224
0 0.619971 0.392435 0.051938 0.113577
1 0.267632 0.950987 0.092851 0.094994
0 0.334125 0.403975 0.067445 0.084534
0 0.607359 0.326137 0.058724 0.095263
0 0.039664 0.512155 0.078916 0.085533