2 0.721358 0.743830 0.287379 0.494105
0 0.225946 0.637124 0.108744 0.123877
0 0.413286 0.911112 0.136860 0.174705
0 0.294311 0.547559 0.079801 0.089668
0 0.469167 0.685057 0.056959 0.139010
0 0.683297 0.485364 0.053464 0.081842
0 0.437134 0.514483 0.044811 0.086667
0 0.308592 0.867559 0.164195 0.259826
0 0.829589 0.604822 0.106250 0.133105
0 0.759277 0.601846 0.081483 0.128842
0 0.753866 0.503772 0.074048 0.086561
0 0.570730 0.465242 0.035394 0.071431
0 0.852340 0.755085 0.137114 0.201505
0 0.273845 0.781223 0.113056 0.180354
0 0.485059 0.497835 0.031162 0.070287
0 0.620582 0.465750 0.036428 0.069046
0 0.384866 0.522848 0.051297 0.081279
0 0.167303 0.935775 0.160408 0.125322
0 0.339171 0.482055 0.058975 0.071486
0 0.468152 0.428212 0.028952 0.054752
0 0.984266 0.835109 0.030444 0.149699
1 0.852196 0.756557 0.138725 0.204825
2 0.502535 0.403346 0.029120 0.085944
0 0.580741 0.373850 0.017872 0.040481
0 0.428882 0.424967 0.036252 0.061062
2 0.554533 0.362965 0.022054 0.053150
0 0.166002 0.956766 0.158333 0.084429