2 0.713105 0.429993 0.092869 0.240077
2 0.681567 0.273570 0.066800 0.150726
0 0.891670 0.707847 0.060413 0.115690
0 0.863736 0.941051 0.091291 0.116801
0 0.469378 0.347517 0.047555 0.087877
4 0.151461 0.505186 0.019744 0.100638
0 0.170799 0.309491 0.034528 0.056566
4 0.212865 0.447636 0.016584 0.090695
0 0.575745 0.862722 0.077226 0.142745
0 0.365875 0.964568 0.095774 0.070864
0 0.871106 0.562630 0.047062 0.082578
0 0.878782 0.861585 0.071345 0.092985
0 0.423602 0.738482 0.069685 0.134784
0 0.883982 0.811513 0.072396 0.128019
0 0.459674 0.230187 0.036351 0.063118
0 0.321083 0.921283 0.103027 0.139657
0 0.902057 0.600991 0.057496 0.112118
0 0.415871 0.244351 0.030795 0.074897
0 0.018971 0.321579 0.037702 0.108817
0 0.257697 0.972452 0.100463 0.052816
2 0.565626 0.402773 0.065838 0.103629
4 0.159709 0.733533 0.034562 0.081403
4 0.284097 0.636127 0.027246 0.071127
4 0.118256 0.537966 0.019916 0.103923
2 0.605297 0.152014 0.049087 0.104071
2 0.584775 0.766336 0.100175 0.213428
4 0.045414 0.919253 0.048361 0.131839
0 0.445787 0.873009 0.082674 0.146396
1 0.368420 0.806323 0.094424 0.190078
0 0.396638 0.288735 0.037761 0.077812
3 0.283099 0.686270 0.024389 0.061262
2 0.663996 0.715377 0.069417 0.159531
2 0.641464 0.423935 0.053139 0.143226
2 0.570905 0.328663 0.067839 0.154681
4 0.943934 0.564479 0.019187 0.085665
0 0.062099 0.257048 0.024756 0.053726
4 0.043690 0.354717 0.013688 0.057980