2 0.281949 0.455690 0.121471 0.271885
0 0.513030 0.712281 0.124259 0.194637
0 0.924164 0.795623 0.136483 0.212868
0 0.786004 0.922167 0.179335 0.155300
0 0.284911 0.915396 0.180937 0.165549
0 0.515575 0.519024 0.085176 0.171990
0 0.643502 0.384883 0.061141 0.091087
0 0.527058 0.329810 0.052029 0.077703
0 0.435435 0.376265 0.055595 0.116480
0 0.712559 0.265080 0.037720 0.059465
2 0.744400 0.199836 0.055124 0.108870
2 0.779318 0.161559 0.041260 0.066522
2 0.898441 0.188292 0.051561 0.098198
0 0.885750 0.241169 0.034946 0.075106
0 0.626532 0.337327 0.056254 0.077234
1 0.984670 0.219139 0.029782 0.068092
0 0.563358 0.277767 0.044787 0.066162
0 0.681615 0.226089 0.038527 0.065929
0 0.506931 0.454449 0.079340 0.134673
1 0.897251 0.188589 0.052739 0.098310
0 0.506156 0.268930 0.041348 0.061562