0 0.622091 0.907263 0.059263 0.072913
0 0.444704 0.744627 0.049215 0.057330
0 0.806177 0.908647 0.062193 0.086050
0 0.563778 0.683336 0.036427 0.049555
0 0.109307 0.937710 0.064755 0.069281
0 0.678554 0.762490 0.041204 0.072430
0 0.600919 0.963699 0.063228 0.072601
0 0.146619 0.962274 0.090455 0.075451
0 0.484017 0.752724 0.039722 0.060612
0 0.747072 0.909506 0.058344 0.087536
0 0.898521 0.923111 0.070436 0.094913
0 0.301134 0.866746 0.073277 0.085153
0 0.674430 0.586993 0.023759 0.037729
0 0.642136 0.704289 0.024259 0.061548
0 0.692217 0.969020 0.083016 0.061959
0 0.051881 0.833670 0.060923 0.053130
0 0.536675 0.680540 0.033426 0.047987
0 0.291478 0.964095 0.075431 0.071811
0 0.314894 0.882861 0.060348 0.093501
0 0.623941 0.622497 0.032796 0.049355
0 0.240578 0.960391 0.066778 0.079218
0 0.179253 0.836630 0.060286 0.059256
0 0.811512 0.848066 0.056322 0.081438
0 0.046622 0.916767 0.053980 0.047036
4 0.603435 0.812154 0.009152 0.050203
0 0.637949 0.658613 0.026302 0.044510