2 0.306987 0.625431 0.183939 0.405262
2 0.861704 0.290612 0.104295 0.174299
0 0.603243 0.384131 0.069295 0.114107
0 0.538881 0.339516 0.056388 0.081981
0 0.414792 0.507447 0.049566 0.122169
0 0.508879 0.298966 0.049368 0.072929
0 0.801592 0.221990 0.048626 0.072568
2 0.470265 0.199522 0.061496 0.124039
0 0.632991 0.304444 0.042414 0.090196
2 0.341412 0.360610 0.092738 0.139554
1 0.595442 0.211030 0.036222 0.086680
0 0.682715 0.230011 0.039507 0.064198
0 0.598703 0.292244 0.035917 0.070363
0 0.724528 0.220298 0.037168 0.051289
1 0.341401 0.360989 0.092967 0.140924
4 0.341569 0.620446 0.045011 0.082974
0 0.767982 0.209227 0.031325 0.049932