2 0.320086 0.347136 0.092683 0.209034
0 0.516643 0.495213 0.084939 0.130541
0 0.739025 0.851208 0.147387 0.236564
0 0.488687 0.805916 0.143822 0.243711
0 0.092197 0.858485 0.184395 0.281037
0 0.686025 0.559403 0.101812 0.153446
0 0.391427 0.643305 0.116019 0.230176
0 0.455786 0.941779 0.144883 0.115290
0 0.751583 0.466372 0.083871 0.122994
0 0.945745 0.272513 0.045501 0.085463
2 0.917920 0.201430 0.069667 0.107576
0 0.614737 0.307624 0.051682 0.067684
0 0.521070 0.392108 0.066043 0.116740
0 0.450962 0.274524 0.041895 0.063972
0 0.767174 0.309217 0.052144 0.073221
0 0.528236 0.272577 0.042262 0.064335
0 0.498410 0.360630 0.055640 0.100885
2 0.737648 0.197245 0.069325 0.104870
1 0.737345 0.198306 0.068263 0.105327
0 0.680840 0.224604 0.038168 0.065460