2 0.866853 0.493529 0.222856 0.447606
0 0.685590 0.434235 0.111022 0.163088
0 0.682136 0.784317 0.147286 0.258576
0 0.436786 0.857978 0.159508 0.269528
0 0.547565 0.444868 0.087134 0.184688
0 0.656382 0.234474 0.071691 0.115942
0 0.595648 0.353801 0.083628 0.142806
0 0.739724 0.339334 0.084614 0.152850
4 0.374708 0.913431 0.080440 0.168058
4 0.822509 0.953749 0.062953 0.089860
4 0.653640 0.725817 0.034252 0.058686
0 0.461684 0.687180 0.121122 0.220454
4 0.648739 0.922533 0.077054 0.152289
0 0.892685 0.908341 0.137994 0.172643
3 0.649160 0.962425 0.079488 0.074361
0 0.615202 0.187303 0.066485 0.101647
2 0.782056 0.698721 0.097895 0.241605
0 0.471442 0.577944 0.111547 0.176332
4 0.731311 0.159274 0.022775 0.109711
3 0.379546 0.965582 0.068499 0.068837
4 0.731300 0.137133 0.021203 0.065686
4 0.821537 0.501287 0.034749 0.070899
0 0.682530 0.035020 0.036610 0.067726