2 0.339699 0.317576 0.087517 0.182395
0 0.781473 0.840413 0.142089 0.219889
0 0.709167 0.662570 0.117362 0.181591
0 0.500784 0.666625 0.113733 0.196902
0 0.525223 0.437610 0.074901 0.112727
0 0.416651 0.553376 0.102560 0.196889
0 0.666439 0.472299 0.084462 0.123996
0 0.976766 0.292855 0.045467 0.093721
0 0.468123 0.845728 0.148547 0.306822
0 0.695349 0.397293 0.073093 0.102192
0 0.821199 0.342657 0.058358 0.077354
0 0.161143 0.826055 0.179581 0.290255
1 0.161035 0.827168 0.179730 0.288800
1 0.936345 0.207063 0.070685 0.115871
2 0.737771 0.198236 0.069605 0.105158
0 0.607674 0.284236 0.046313 0.065036
0 0.463016 0.254292 0.040445 0.060732
2 0.788493 0.168668 0.041116 0.073899
0 0.680741 0.225083 0.037607 0.064861
0 0.521946 0.350845 0.062465 0.120339