0 0.123845 0.880506 0.211017 0.225517
0 0.299214 0.715241 0.103056 0.244947
0 0.556546 0.400813 0.067904 0.132501
0 0.531523 0.308872 0.050182 0.073983
0 0.885410 0.416821 0.072773 0.103234
0 0.713413 0.281941 0.048993 0.071628
0 0.818477 0.234456 0.038050 0.058718
0 0.903732 0.317137 0.053950 0.073089
4 0.090226 0.642337 0.034320 0.131208
0 0.959667 0.353025 0.068562 0.094089
0 0.480836 0.229232 0.033983 0.050765
2 0.493871 0.170679 0.044379 0.081191
3 0.089666 0.684507 0.027404 0.098451
0 0.881686 0.292347 0.054158 0.072492
0 0.680652 0.216161 0.032232 0.064824
1 0.536792 0.184088 0.030476 0.052599
0 0.912683 0.259424 0.041892 0.058666