0 0.286646 0.607027 0.099681 0.156437
0 0.869959 0.388570 0.082393 0.123250
2 0.466269 0.216125 0.054890 0.125166
0 0.591439 0.254886 0.039709 0.059593
0 0.761388 0.253479 0.041311 0.058476
0 0.955992 0.293392 0.052137 0.069764
0 0.551785 0.240590 0.042065 0.054430
0 0.859946 0.260631 0.051918 0.077940
0 0.686670 0.244576 0.040755 0.060748
4 0.066949 0.646309 0.038538 0.120163
0 0.921055 0.265010 0.041523 0.054008
2 0.490423 0.167211 0.040409 0.066742
0 0.729305 0.219443 0.033930 0.048628
3 0.064958 0.688998 0.025677 0.084610
0 0.987185 0.240581 0.024911 0.046841
0 0.817636 0.241608 0.039047 0.057742
0 0.897405 0.252150 0.031391 0.046406
0 0.792044 0.225557 0.029067 0.049857
1 0.523858 0.206059 0.041746 0.086069