0 0.722812 0.916556 0.130176 0.166888
0 0.421187 0.920607 0.155493 0.151120
0 0.519441 0.642972 0.082111 0.142706
0 0.382495 0.632850 0.080670 0.139612
0 0.693769 0.378868 0.049732 0.080811
3 0.273074 0.941351 0.046644 0.115441
0 0.335634 0.691779 0.076160 0.163820
0 0.791537 0.569813 0.083180 0.133092
4 0.632497 0.790183 0.034674 0.164428
3 0.337653 0.865070 0.045405 0.124484
0 0.910427 0.959948 0.177881 0.070506
0 0.128779 0.953761 0.150816 0.091105
4 0.337124 0.812863 0.048598 0.137359
0 0.703748 0.315106 0.036647 0.060856
1 0.533360 0.509330 0.069549 0.176582
0 0.904275 0.921631 0.189713 0.142822
4 0.782288 0.813770 0.034830 0.177416
3 0.685280 0.449861 0.032935 0.057133
0 0.812037 0.633868 0.090784 0.141352
0 0.609499 0.494121 0.072729 0.112220
3 0.608465 0.561323 0.026136 0.070291
2 0.938393 0.652941 0.122124 0.202847
4 0.275703 0.871698 0.047247 0.109943
1 0.454803 0.689832 0.071233 0.169553
2 0.519584 0.366072 0.038459 0.083095
0 0.455083 0.689403 0.070797 0.170008
4 0.726935 0.775433 0.036634 0.119259
0 0.781202 0.311813 0.044112 0.063466
0 0.387537 0.507740 0.075523 0.122181
4 0.580804 0.838461 0.041265 0.146045
0 0.638981 0.273126 0.031465 0.056803
4 0.274904 0.892865 0.049603 0.150335
4 0.573453 0.939729 0.055666 0.119319
0 0.894054 0.799063 0.207791 0.101509
2 0.502033 0.295808 0.047852 0.074808
1 0.389091 0.487997 0.078187 0.163888
1 0.519330 0.365720 0.038507 0.081797
4 0.749413 0.763586 0.029862 0.143348
2 0.533368 0.508622 0.069724 0.176649