0 0.725653 0.888143 0.159474 0.221908
0 0.461791 0.786567 0.129865 0.206655
0 0.689840 0.536840 0.101524 0.179123
0 0.506903 0.528627 0.084521 0.145481
0 0.399218 0.390947 0.060622 0.091230
0 0.518222 0.373898 0.060865 0.092685
0 0.300656 0.471219 0.104838 0.118309
0 0.629791 0.482245 0.076789 0.132162
1 0.892336 0.189234 0.055179 0.099448
0 0.085726 0.530177 0.089269 0.115301
0 0.604340 0.313186 0.047813 0.070143
0 0.668339 0.394685 0.067620 0.113577
0 0.526658 0.291497 0.044681 0.070903
0 0.710911 0.389198 0.048867 0.092810
2 0.739332 0.199722 0.066358 0.104625
0 0.477775 0.264549 0.045024 0.064976
0 0.852666 0.217877 0.040608 0.070022
1 0.852476 0.215800 0.039540 0.066941
0 0.614844 0.278353 0.046279 0.067403
0 0.823799 0.206265 0.029059 0.057071