2 0.211170 0.536797 0.129459 0.265753
0 0.135843 0.819220 0.189547 0.218922
0 0.696537 0.660883 0.125197 0.204450
0 0.558089 0.506961 0.090728 0.128768
0 0.468130 0.409815 0.072662 0.106714
2 0.455039 0.236156 0.061421 0.127576
0 0.522920 0.330830 0.054057 0.078970
0 0.580550 0.381585 0.061431 0.093984
2 0.792631 0.244852 0.083165 0.142332
0 0.663928 0.393389 0.055633 0.133151
2 0.964142 0.217930 0.070393 0.128125
0 0.857480 0.232493 0.041028 0.045379
2 0.473428 0.190165 0.057623 0.101813
0 0.725236 0.216648 0.036572 0.053924
1 0.603374 0.241915 0.042220 0.101773
0 0.554763 0.275093 0.038117 0.079281