0 0.074704 0.851253 0.148662 0.212673
2 0.435053 0.270123 0.071876 0.158820
0 0.602976 0.338506 0.057637 0.087986
0 0.972407 0.307909 0.054989 0.074787
0 0.535026 0.292280 0.048121 0.067674
2 0.486723 0.169346 0.048297 0.063597
0 0.898673 0.259268 0.041751 0.052991
2 0.490691 0.245813 0.046872 0.104806
4 0.105918 0.580709 0.025517 0.114458
0 0.718640 0.284020 0.047256 0.084159
0 0.837652 0.250823 0.054836 0.075373
0 0.673194 0.225853 0.036924 0.056123
0 0.745023 0.236803 0.031740 0.050942
0 0.801143 0.234092 0.034980 0.052596