0 0.053487 0.883407 0.106387 0.222974
2 0.366228 0.280543 0.074929 0.161730
0 0.515275 0.523583 0.090117 0.154371
0 0.736255 0.585135 0.096948 0.151229
0 0.580815 0.776088 0.149003 0.263134
0 0.939669 0.854183 0.119828 0.244272
0 0.939095 0.407351 0.072657 0.094421
0 0.675687 0.482403 0.086058 0.127107
0 0.529598 0.371612 0.064461 0.098789
0 0.645219 0.385880 0.065914 0.095953
0 0.454775 0.448093 0.079302 0.151602
1 0.279577 0.750044 0.149095 0.261517
0 0.632219 0.329909 0.060242 0.082295
1 0.424912 0.647957 0.119601 0.231609
0 0.279624 0.749981 0.148191 0.262416
2 0.969128 0.225599 0.060600 0.127530
0 0.598533 0.257157 0.045695 0.059153
0 0.492939 0.228372 0.038958 0.056929
2 0.739570 0.199980 0.067241 0.106465
1 0.969268 0.226196 0.060293 0.126678
2 0.784682 0.170427 0.058775 0.079836
0 0.425152 0.647630 0.120012 0.232279
1 0.738058 0.201654 0.067471 0.105367