2 0.812389 0.535396 0.174667 0.339614
0 0.225284 0.621655 0.116759 0.145356
0 0.371482 0.801051 0.115111 0.168297
0 0.801610 0.744288 0.147927 0.213725
0 0.199720 0.554312 0.104456 0.130982
0 0.677938 0.245214 0.059690 0.086611
0 0.446080 0.294286 0.074247 0.081045
0 0.323304 0.690110 0.074428 0.181252
0 0.085182 0.565127 0.136797 0.144300
0 0.665384 0.141786 0.055883 0.057387
0 0.430257 0.471049 0.089181 0.110069
0 0.387680 0.426653 0.075298 0.099022
0 0.495746 0.236838 0.063037 0.076432
0 0.838481 0.940836 0.158416 0.118328
2 0.303899 0.464781 0.102679 0.163993
0 0.356371 0.554600 0.116228 0.151716
0 0.100986 0.392873 0.095094 0.100912
4 0.540694 0.975080 0.021540 0.046707
0 0.573170 0.242947 0.066575 0.103172
4 0.293977 0.875550 0.028812 0.067809
0 0.195833 0.497361 0.092893 0.105962
0 0.652866 0.524360 0.059821 0.125363
4 0.768409 0.335557 0.018256 0.069009
0 0.089320 0.610895 0.128409 0.102151