0 0.619327 0.807411 0.059501 0.072288
0 0.057330 0.733897 0.059305 0.056128
0 0.114196 0.830901 0.062045 0.069453
0 0.688747 0.880876 0.068200 0.090864
0 0.719327 0.814721 0.060309 0.080376
0 0.593198 0.949259 0.086432 0.099869
0 0.823422 0.859791 0.076545 0.103235
0 0.759034 0.951609 0.074453 0.092988
0 0.598386 0.866862 0.059868 0.082893
0 0.199004 0.845797 0.064233 0.085092
0 0.185797 0.733459 0.062875 0.057613
0 0.387563 0.741812 0.056941 0.071273
1 0.258375 0.817411 0.079222 0.134317
0 0.623996 0.625609 0.024011 0.059462
0 0.670865 0.951523 0.072328 0.091530
0 0.543207 0.759905 0.042266 0.064623
0 0.444371 0.692411 0.044996 0.068044
0 0.892065 0.827029 0.069760 0.092809
0 0.096892 0.971377 0.065901 0.057247
0 0.488081 0.526409 0.036904 0.042252
0 0.125939 0.926670 0.075254 0.080585
0 0.645066 0.584307 0.024423 0.048241
0 0.685233 0.505504 0.024383 0.038514
0 0.964370 0.975238 0.063947 0.049525
1 0.892132 0.826148 0.070126 0.094277
0 0.343161 0.663475 0.055334 0.056037
0 0.314440 0.770816 0.049841 0.065283
0 0.296391 0.877037 0.075656 0.098459