0 0.062242 0.876541 0.123514 0.223779
2 0.369558 0.274876 0.071878 0.155535
0 0.583795 0.722238 0.138653 0.240467
0 0.516150 0.504543 0.085170 0.146592
0 0.727996 0.556544 0.095497 0.145140
0 0.924019 0.789000 0.139379 0.223827
0 0.961164 0.421321 0.073726 0.098192
0 0.670486 0.462595 0.082040 0.121456
0 0.306222 0.732110 0.139903 0.254730
0 0.641975 0.375369 0.065386 0.094709
0 0.461818 0.434767 0.074968 0.146129
1 0.419879 0.623091 0.113037 0.221459
1 0.972614 0.231773 0.054120 0.125801
0 0.530152 0.361387 0.062028 0.090474
0 0.623791 0.321575 0.054970 0.077539
2 0.737789 0.198990 0.069553 0.105338
0 0.598194 0.255057 0.041592 0.056885
0 0.780393 0.988904 0.117771 0.021064