0 0.386693 0.657102 0.124670 0.170499
0 0.843393 0.255794 0.042275 0.061579
0 0.916682 0.373708 0.062437 0.094286
0 0.542744 0.321206 0.054387 0.100797
0 0.974802 0.544068 0.049451 0.118847
0 0.477604 0.220707 0.031602 0.048878
0 0.353945 0.550867 0.076793 0.181568
0 0.750185 0.318010 0.056610 0.068469
4 0.129417 0.579519 0.031635 0.123616
0 0.984968 0.414639 0.029409 0.082945
0 0.937965 0.338190 0.054193 0.089234
0 0.987554 0.230941 0.024314 0.056017
1 0.575856 0.159105 0.045612 0.100416
0 0.969187 0.296472 0.044049 0.068074
2 0.492843 0.170732 0.041294 0.080744
1 0.536451 0.181014 0.032018 0.058468
0 0.522309 0.273816 0.042667 0.071663
0 0.929630 0.270762 0.048140 0.055134
0 0.804409 0.238785 0.040446 0.044396
0 0.691680 0.230058 0.033584 0.066290
0 0.871409 0.225327 0.041856 0.068556