0 0.320057 0.549251 0.087656 0.137718
0 0.939441 0.446562 0.091533 0.137347
0 0.552113 0.228786 0.036271 0.055464
0 0.769046 0.263362 0.043541 0.059395
0 0.583690 0.239841 0.035430 0.055103
0 0.972265 0.305690 0.054541 0.067255
0 0.732377 0.226448 0.033721 0.042959
0 0.690765 0.249435 0.042449 0.068318
2 0.472674 0.205200 0.056281 0.116383
0 0.856062 0.261669 0.062972 0.078925
0 0.934703 0.273739 0.046251 0.057621
0 0.907969 0.256383 0.038280 0.052407
0 0.821680 0.243545 0.038126 0.056485
0 0.525375 0.214991 0.038871 0.062424