2 0.731288 0.820192 0.262129 0.350930
0 0.226034 0.642851 0.109311 0.127357
0 0.421409 0.900715 0.123919 0.190785
0 0.294894 0.551425 0.079056 0.092424
0 0.475149 0.639834 0.051176 0.119158
0 0.581716 0.525411 0.043733 0.090838
0 0.758403 0.607457 0.081104 0.132086
0 0.170419 0.936943 0.159901 0.117279
0 0.684111 0.490472 0.052620 0.081211
0 0.364671 0.741883 0.111814 0.210917
0 0.635662 0.514080 0.046249 0.091339
0 0.446981 0.486659 0.036215 0.077590
0 0.830196 0.608026 0.105430 0.128312
1 0.853986 0.758743 0.138352 0.203518
0 0.282844 0.763526 0.106651 0.174502
0 0.753265 0.507783 0.075672 0.085736
0 0.490350 0.464150 0.027700 0.068100
0 0.340250 0.486682 0.057388 0.069142
0 0.571354 0.441375 0.025867 0.057331
0 0.609614 0.419299 0.025837 0.058284
0 0.434443 0.417944 0.034829 0.051561
0 0.401949 0.495749 0.042833 0.074649
2 0.502901 0.394672 0.026102 0.080556
1 0.283132 0.763668 0.106563 0.176027
0 0.984880 0.840684 0.029752 0.149063
0 0.826866 0.874645 0.050507 0.108049
0 0.040670 0.932707 0.043885 0.093655