0 0.769088 0.299793 0.056894 0.071308
0 0.938222 0.321555 0.065350 0.079528
0 0.861736 0.372341 0.067282 0.116859
4 0.089509 0.557706 0.030299 0.146664
4 0.215603 0.566825 0.035809 0.147802
4 0.077457 0.441137 0.024103 0.114704
0 0.442540 0.292000 0.039519 0.089369
4 0.143906 0.567752 0.032026 0.133336
2 0.493422 0.170152 0.044909 0.081772
0 0.681931 0.219791 0.032510 0.044535
0 0.873153 0.234934 0.032878 0.043765
0 0.495198 0.266420 0.043718 0.062555
0 0.791393 0.264013 0.042999 0.063724
0 0.469241 0.196101 0.043257 0.042459
0 0.387565 0.220959 0.058581 0.061818
1 0.840742 0.245695 0.040832 0.077626
0 0.715714 0.210569 0.031510 0.032776
4 0.253941 0.418658 0.025191 0.102130
0 0.841164 0.242686 0.040142 0.080117
2 0.535785 0.177020 0.033953 0.067430
1 0.536257 0.176548 0.033564 0.067502
1 0.808468 0.173787 0.031977 0.046057
2 0.736218 0.137009 0.030069 0.047937