0 0.685422 0.593856 0.070654 0.174733
0 0.848382 0.749176 0.104269 0.157165
0 0.456868 0.348324 0.070079 0.085250
0 0.155378 0.917796 0.173253 0.156818
0 0.901850 0.918688 0.192761 0.162623
1 0.324590 0.606814 0.114211 0.204814
0 0.358990 0.478004 0.096356 0.089730
0 0.601919 0.527149 0.054878 0.163333
2 0.231358 0.422923 0.091820 0.176309
0 0.095207 0.835868 0.139935 0.167115
0 0.752171 0.327982 0.046658 0.076353
0 0.420667 0.623428 0.078400 0.135068
0 0.527694 0.726234 0.061537 0.153090
4 0.883216 0.496069 0.018267 0.081422
0 0.442807 0.736318 0.071930 0.156777
0 0.676403 0.206474 0.057802 0.068601
0 0.013729 0.930934 0.027137 0.133015
0 0.589915 0.284475 0.045409 0.096123
0 0.109557 0.713286 0.120929 0.155103
0 0.029666 0.580699 0.058717 0.111684
4 0.919335 0.692807 0.021572 0.105518
2 0.192014 0.184075 0.121821 0.149926
0 0.495916 0.238703 0.069504 0.076666
0 0.225671 0.604472 0.086123 0.157925
2 0.378817 0.373388 0.080174 0.131870
0 0.510647 0.383080 0.080384 0.103184
0 0.154896 0.601704 0.081297 0.113115
1 0.379735 0.373538 0.078987 0.130981
0 0.161341 0.530813 0.118681 0.108926
4 0.602178 0.943076 0.029525 0.109886