0 0.475313 0.641321 0.054829 0.089060
0 0.587100 0.648057 0.083891 0.133120
0 0.376333 0.647592 0.101335 0.111978
0 0.527271 0.639865 0.075904 0.118024
0 0.169058 0.653033 0.074421 0.057381
3 0.970779 0.694508 0.037224 0.093009
1 0.906740 0.621892 0.074826 0.193800
3 0.633311 0.685163 0.042109 0.087215
3 0.810820 0.686480 0.034316 0.107198
3 0.752775 0.680809 0.041874 0.104052
3 0.695923 0.686122 0.036627 0.083100
4 0.972492 0.657287 0.039692 0.125787
4 0.811736 0.657855 0.036540 0.144107
4 0.668091 0.645581 0.032696 0.114598
4 0.634817 0.651118 0.039175 0.127178
0 0.788104 0.647669 0.039838 0.112855
3 0.921062 0.682064 0.041898 0.103970
0 0.729635 0.641580 0.038624 0.089009
0 0.741760 0.640747 0.065417 0.094376
4 0.701214 0.653292 0.029726 0.131803
4 0.923301 0.656976 0.036421 0.139895
3 0.871572 0.687968 0.035790 0.072294