2 0.279281 0.652259 0.217938 0.442528
0 0.621281 0.533182 0.083346 0.131939
0 0.435770 0.555309 0.099143 0.142495
2 0.808509 0.172080 0.055760 0.079644
2 0.408841 0.218720 0.053209 0.118502
0 0.511326 0.388966 0.055595 0.123631
4 0.327879 0.669071 0.042261 0.073881
2 0.743315 0.198504 0.054382 0.109100
0 0.645738 0.427513 0.071990 0.113966
2 0.856303 0.177654 0.050867 0.090042
0 0.631789 0.303711 0.058049 0.070410
0 0.519733 0.358130 0.065351 0.098179
2 0.775347 0.164527 0.031635 0.071646
0 0.490045 0.177379 0.022103 0.029967
0 0.609020 0.280416 0.043969 0.067099
1 0.436534 0.364379 0.066266 0.132044
0 0.540470 0.284669 0.045713 0.094130
0 0.510715 0.309179 0.056688 0.057933
1 0.681711 0.224763 0.039892 0.065818