0 0.813602 0.562097 0.098102 0.145850
2 0.305769 0.385545 0.101770 0.229332
0 0.513404 0.568640 0.096684 0.151998
0 0.713152 0.682031 0.121922 0.184940
0 0.049088 0.876562 0.096952 0.237149
0 0.477265 0.923114 0.175651 0.144653
0 0.625152 0.331715 0.054207 0.080592
0 0.519796 0.428622 0.073027 0.147512
0 0.734633 0.288721 0.044304 0.064283
0 0.363280 0.758484 0.134935 0.273396
2 0.782885 0.162723 0.032736 0.067371
0 0.918103 0.257430 0.041616 0.079479
0 0.528904 0.289856 0.045551 0.064850
0 0.494500 0.393950 0.058605 0.112208
1 0.903848 0.193644 0.064787 0.104929
2 0.903888 0.193396 0.062679 0.108361
0 0.610837 0.301851 0.051561 0.059782
0 0.989361 0.237593 0.020626 0.065247
0 0.467502 0.320045 0.046156 0.106127
0 0.439892 0.299015 0.036707 0.073048
1 0.740136 0.198950 0.062303 0.109645
0 0.585927 0.252430 0.051064 0.060590