0 0.653360 0.904834 0.166001 0.188409
2 0.091738 0.700373 0.182187 0.367172
0 0.451297 0.611392 0.107245 0.165869
2 0.434543 0.274622 0.070470 0.155986
2 0.769030 0.224194 0.063665 0.126127
0 0.551302 0.535124 0.083349 0.135917
0 0.586835 0.346642 0.051541 0.108739
0 0.707681 0.540183 0.080560 0.187335
0 0.832092 0.216451 0.040211 0.049965
0 0.536722 0.329924 0.051438 0.082212
0 0.512769 0.449224 0.075960 0.114846
2 0.477142 0.201861 0.045051 0.108438
2 0.452866 0.230166 0.059800 0.127566
1 0.913331 0.199431 0.069751 0.106638
2 0.913210 0.199891 0.070039 0.106877
0 0.681393 0.226686 0.038267 0.065362
0 0.535719 0.227441 0.037406 0.054018