0 0.273864 0.631391 0.103752 0.156902
0 0.758928 0.253921 0.041179 0.056642
2 0.464411 0.221538 0.056061 0.127595
0 0.549749 0.246647 0.040452 0.056560
0 0.593017 0.260954 0.040037 0.060927
0 0.849992 0.380774 0.077165 0.116258
0 0.685632 0.242068 0.040533 0.067072
0 0.857522 0.262224 0.055066 0.079440
0 0.950106 0.294806 0.052219 0.060570
0 0.917017 0.265173 0.041348 0.054308
4 0.072943 0.642899 0.034057 0.126451
0 0.986602 0.237153 0.025740 0.050459
0 0.726457 0.220905 0.035317 0.048098
0 0.816704 0.245229 0.039769 0.054794
0 0.790822 0.226733 0.028711 0.047696
0 0.894454 0.249382 0.031491 0.046636