1 0.853014 0.785976 0.139773 0.207452
0 0.589706 0.570690 0.049522 0.115514
0 0.290331 0.575582 0.081471 0.092289
0 0.221025 0.669023 0.110837 0.122320
0 0.337997 0.511461 0.056835 0.071569
0 0.673301 0.681243 0.075907 0.159020
0 0.328596 0.677714 0.078244 0.127144
0 0.749529 0.529258 0.075516 0.083598
0 0.681510 0.512499 0.053633 0.076837
0 0.430726 0.491311 0.040844 0.070783
4 0.140963 0.628953 0.021438 0.083155
0 0.757151 0.629285 0.083716 0.129362
0 0.828585 0.634470 0.106636 0.136561
0 0.603647 0.482250 0.034981 0.065277
0 0.563737 0.479784 0.032200 0.067596
1 0.955274 0.777323 0.088435 0.159011
3 0.317429 0.817233 0.036925 0.100496
0 0.371456 0.468755 0.043156 0.055108
1 0.673748 0.680864 0.077596 0.159530
0 0.985355 0.867577 0.028774 0.154403
1 0.411328 0.591854 0.067837 0.132815
0 0.460859 0.453114 0.024726 0.051694
4 0.318529 0.789306 0.034587 0.093344
4 0.025465 0.941145 0.048357 0.114629
0 0.410976 0.591706 0.067391 0.130258
1 0.985577 0.866504 0.028065 0.155982