2 0.345008 0.500302 0.142469 0.327859
2 0.834055 0.173454 0.041662 0.087132
0 0.628172 0.361211 0.058216 0.092015
0 0.866605 0.699855 0.122573 0.192860
0 0.496807 0.469406 0.087452 0.122791
0 0.565422 0.419244 0.066516 0.102762
2 0.795084 0.170575 0.042690 0.076791
2 0.743082 0.198156 0.055452 0.109882
0 0.521486 0.328891 0.053627 0.106533
2 0.882280 0.187525 0.066343 0.096714
0 0.538546 0.258239 0.043756 0.077566
4 0.376886 0.505045 0.030466 0.058768
2 0.406264 0.210299 0.066585 0.106967
0 0.615803 0.326762 0.058425 0.083143
0 0.497110 0.173442 0.020493 0.028665
4 0.946722 0.207114 0.017181 0.067577
0 0.493157 0.292403 0.046030 0.079334
0 0.681317 0.226203 0.038038 0.065857
0 0.073983 0.941856 0.147003 0.112830