0 0.567675 0.757510 0.225488 0.281194
0 0.246925 0.384563 0.156058 0.245979
0 0.446462 0.246858 0.166101 0.246282
2 0.063517 0.266063 0.125844 0.345791
0 0.202634 0.827090 0.191819 0.330504
0 0.750034 0.479637 0.200162 0.237743
0 0.213038 0.678812 0.200445 0.278832
0 0.057399 0.933132 0.114197 0.127407
0 0.349592 0.632414 0.124649 0.245830
1 0.021665 0.306287 0.042866 0.327642
4 0.823211 0.689769 0.042299 0.243448
0 0.059966 0.062055 0.119093 0.123342
4 0.475205 0.535434 0.048958 0.226180
0 0.007168 0.794515 0.014336 0.148050
4 0.845214 0.517045 0.041804 0.208905
4 0.924701 0.732765 0.043260 0.267622
0 0.057759 0.593178 0.115190 0.299104
0 0.483547 0.927818 0.298802 0.131537
4 0.237798 0.110822 0.033200 0.186873
4 0.787839 0.706365 0.053552 0.253119
4 0.724423 0.682045 0.057720 0.243324
4 0.583787 0.444991 0.049705 0.232239
2 0.021810 0.300505 0.043229 0.327706
4 0.418946 0.739756 0.058621 0.214429