2 0.806172 0.540682 0.174063 0.340000
2 0.512958 0.373023 0.136066 0.224060
0 0.591058 0.894362 0.106554 0.161622
0 0.204456 0.621212 0.111537 0.145379
0 0.605765 0.725808 0.096863 0.179050
0 0.333895 0.711428 0.117347 0.185045
0 0.698481 0.668143 0.121246 0.238246
0 0.211583 0.852494 0.152542 0.187482
0 0.059420 0.906836 0.118534 0.165758
0 0.314646 0.668673 0.091765 0.155299
0 0.048468 0.605964 0.096688 0.138764
0 0.522189 0.508948 0.097406 0.118318
2 0.645887 0.400753 0.043554 0.111247
0 0.266726 0.629814 0.114291 0.151525
0 0.100921 0.391401 0.094307 0.098971
2 0.303657 0.147550 0.106722 0.106763
0 0.435768 0.361462 0.074637 0.093040
0 0.060129 0.810122 0.120118 0.148067
2 0.689896 0.321333 0.044530 0.136161