0 0.923093 0.825468 0.153007 0.233155
0 0.653660 0.827334 0.139889 0.224872
0 0.404028 0.912128 0.164756 0.174463
0 0.504871 0.632654 0.108806 0.170377
0 0.820686 0.592834 0.111772 0.157655
0 0.706653 0.637784 0.108115 0.178092
0 0.507109 0.394291 0.064669 0.097793
0 0.680605 0.393312 0.068582 0.095678
1 0.890832 0.189441 0.056437 0.097996
0 0.160089 0.804108 0.157021 0.282419
0 0.354630 0.438088 0.077750 0.105433
2 0.737889 0.199500 0.068613 0.104731
0 0.620457 0.334087 0.055642 0.084587
0 0.475518 0.296214 0.049692 0.070255
0 0.943725 0.241792 0.040543 0.072674
0 0.775361 0.988533 0.118961 0.021783
0 0.560947 0.278576 0.044838 0.067692
0 0.524538 0.325081 0.055526 0.114335
1 0.823343 0.205670 0.040158 0.063015
0 0.611368 0.283257 0.050134 0.080255