0 0.340087 0.507269 0.082299 0.128998
0 0.967978 0.501436 0.063518 0.153034
0 0.777178 0.270118 0.044497 0.058782
0 0.978446 0.315477 0.042186 0.069687
0 0.580751 0.236138 0.035347 0.042001
0 0.696587 0.258048 0.046524 0.077792
0 0.946235 0.278898 0.047193 0.062680
4 0.025698 0.684279 0.040038 0.120620
0 0.917145 0.258810 0.042622 0.059166
0 0.735809 0.227557 0.037738 0.047146
0 0.526273 0.216456 0.034690 0.043072
0 0.860817 0.257831 0.056866 0.087658
2 0.475722 0.198242 0.053879 0.112237
0 0.554120 0.226857 0.030517 0.040966
0 0.823360 0.245826 0.033847 0.057349
3 0.016005 0.737137 0.030668 0.094773
2 0.493146 0.167743 0.040825 0.075832