2 0.713154 0.429552 0.092382 0.239024
0 0.967030 0.937011 0.064770 0.122227
0 0.891664 0.709587 0.059860 0.116788
0 0.863019 0.941522 0.089713 0.115991
0 0.434516 0.443839 0.057554 0.101937
2 0.377850 0.791367 0.090193 0.187309
2 0.682691 0.274357 0.065355 0.157473
0 0.170851 0.309235 0.033852 0.055008
4 0.139804 0.520358 0.022404 0.103274
4 0.061802 0.928861 0.039967 0.105626
0 0.321441 0.916787 0.104881 0.136086
0 0.884944 0.810029 0.070177 0.124868
4 0.100151 0.559230 0.021981 0.103172
0 0.257675 0.973183 0.101195 0.052324
0 0.878409 0.858660 0.071149 0.086532
0 0.870949 0.563393 0.046329 0.083172
0 0.369297 0.960968 0.102970 0.077760
4 0.945091 0.576611 0.016383 0.087847
2 0.566871 0.400914 0.067043 0.112944
2 0.666662 0.700872 0.066381 0.162560
0 0.900724 0.598776 0.055745 0.114539
0 0.574784 0.849740 0.079424 0.147166
0 0.465465 0.292869 0.044260 0.073380
2 0.604837 0.148697 0.051123 0.099820
0 0.375665 0.354415 0.039480 0.090143
2 0.642911 0.420587 0.050160 0.139889
4 0.929305 0.575827 0.016955 0.089023
0 0.404634 0.297714 0.034787 0.081536
0 0.428703 0.726035 0.070457 0.136486
2 0.435921 0.231741 0.030985 0.075000
0 0.453595 0.861840 0.070784 0.136880
2 0.576899 0.322593 0.055432 0.154177
4 0.927769 0.483729 0.015168 0.067597
4 0.286565 0.282191 0.015623 0.076259