0 0.646263 0.511095 0.092036 0.153386
0 0.163438 0.859127 0.326701 0.265332
0 0.280130 0.682760 0.125247 0.163042
2 0.815140 0.259315 0.090557 0.156890
0 0.546863 0.420319 0.070982 0.101378
0 0.482444 0.357578 0.062537 0.090140
0 0.650823 0.350107 0.050966 0.116231
2 0.458696 0.225956 0.055991 0.113453
0 0.525777 0.299492 0.048528 0.069931
1 0.981020 0.236941 0.037359 0.132418
2 0.266317 0.466310 0.116939 0.230896
0 0.598889 0.335930 0.053014 0.084383
0 0.874282 0.239455 0.035130 0.046831
0 0.721788 0.218460 0.041519 0.055851
2 0.474923 0.190161 0.051983 0.102244
4 0.069205 0.444085 0.023176 0.116814
1 0.598902 0.229162 0.039679 0.091309
0 0.545514 0.257661 0.039943 0.070217
0 0.681055 0.225783 0.038497 0.068141