0 0.315697 0.754055 0.108770 0.164430
0 0.698637 0.838948 0.112972 0.187697
0 0.153397 0.927510 0.159515 0.140133
0 0.468238 0.603159 0.088383 0.146898
0 0.414484 0.480175 0.064627 0.121002
0 0.792308 0.576837 0.086056 0.145203
0 0.364139 0.926771 0.162718 0.144784
0 0.658724 0.322225 0.038807 0.062806
0 0.384406 0.435336 0.061369 0.105498
1 0.546169 0.653466 0.068707 0.165295
0 0.410816 0.309362 0.041379 0.060514
3 0.420380 0.738062 0.038923 0.103683
0 0.909840 0.959820 0.179002 0.070617
0 0.899410 0.910310 0.200994 0.152391
3 0.688236 0.642598 0.032045 0.096033
1 0.488989 0.285532 0.056657 0.143235
0 0.897407 0.885711 0.205185 0.125932
0 0.750475 0.679163 0.110848 0.135567
0 0.699403 0.282917 0.037761 0.059390
3 0.698133 0.390265 0.021244 0.049736
4 0.419395 0.697912 0.042081 0.128906
0 0.869594 0.790300 0.202295 0.166686
0 0.583775 0.190356 0.034594 0.039367
0 0.782833 0.313698 0.045937 0.065030
0 0.836003 0.368116 0.052353 0.060954
0 0.885962 0.810452 0.204107 0.121880
0 0.635947 0.274016 0.034408 0.049347
4 0.850443 0.674519 0.022908 0.065558
3 0.697527 0.369774 0.021966 0.090047
4 0.688515 0.608669 0.035876 0.092887
0 0.890444 0.837118 0.217017 0.160991
4 0.836616 0.684330 0.028428 0.046209
0 0.758607 0.738949 0.085524 0.137227