0 0.898723 0.400445 0.074188 0.129970
0 0.970214 0.346744 0.058585 0.086011
0 0.794805 0.316754 0.062330 0.076229
4 0.084687 0.431932 0.024403 0.112579
0 0.686626 0.226735 0.035992 0.043664
4 0.087919 0.540958 0.028533 0.138791
0 0.495653 0.257457 0.041333 0.055041
4 0.227005 0.542461 0.037264 0.137556
0 0.721526 0.211017 0.031927 0.044769
0 0.985429 0.223564 0.028287 0.051494
4 0.158026 0.542252 0.031390 0.119235
2 0.440809 0.176693 0.053270 0.078091
0 0.447971 0.281700 0.037742 0.085186
4 0.256274 0.406158 0.027338 0.099119
0 0.367029 0.229246 0.018278 0.035757
0 0.884461 0.241328 0.031639 0.045407
2 0.738100 0.137949 0.033100 0.050487
0 0.957718 0.282438 0.076127 0.072188
0 0.854147 0.258951 0.041427 0.078066