1 0.214738 0.860959 0.082569 0.139107
0 0.619373 0.816632 0.057817 0.072551
0 0.689556 0.894572 0.067871 0.083323
0 0.056932 0.743207 0.060122 0.056146
0 0.355619 0.775305 0.055457 0.078521
0 0.593530 0.955922 0.083055 0.088157
0 0.151856 0.889859 0.072062 0.095225
0 0.598495 0.877199 0.060382 0.083166
0 0.771896 0.865530 0.069761 0.089908
0 0.759742 0.955287 0.074617 0.089426
0 0.116367 0.839451 0.065986 0.067460
0 0.628267 0.653463 0.028097 0.060205
0 0.891522 0.833645 0.069433 0.090596
0 0.909332 0.928895 0.088004 0.112559
0 0.542972 0.767839 0.042289 0.062963
0 0.458413 0.645504 0.037876 0.054130
0 0.272712 0.800608 0.059713 0.083104
0 0.182730 0.741896 0.058457 0.058695
0 0.071165 0.968077 0.083618 0.063846
0 0.488966 0.532996 0.035465 0.036309
0 0.638580 0.608668 0.024250 0.056288
0 0.290907 0.876756 0.065858 0.086567
0 0.543667 0.617782 0.035992 0.053933
2 0.605472 0.416404 0.044884 0.066690
0 0.673815 0.957166 0.068061 0.085668
0 0.296407 0.899275 0.077318 0.128662
0 0.246275 0.955358 0.078343 0.089283
0 0.668227 0.580505 0.029589 0.039903
0 0.423048 0.700513 0.047263 0.092763