0 0.240791 0.864194 0.146842 0.234044
0 0.605152 0.655308 0.064687 0.150535
0 0.221375 0.668184 0.111723 0.123160
0 0.295738 0.943374 0.129392 0.112733
0 0.292140 0.575778 0.078441 0.092146
0 0.427186 0.902314 0.096990 0.188026
1 0.852448 0.787263 0.141130 0.207690
0 0.571669 0.517409 0.039212 0.078523
0 0.373917 0.576329 0.054452 0.099812
0 0.336858 0.511230 0.060801 0.070097
0 0.757919 0.630368 0.080349 0.131906
0 0.748757 0.531842 0.075050 0.086314
4 0.154253 0.612711 0.020962 0.075861
0 0.681286 0.515360 0.053810 0.080736
0 0.736752 0.860234 0.129173 0.266625
0 0.829205 0.638526 0.106695 0.139233
0 0.429491 0.541919 0.050997 0.086037
0 0.370971 0.468553 0.044152 0.055227
0 0.439819 0.467232 0.033543 0.046967
0 0.985408 0.865857 0.028642 0.151527
1 0.955954 0.775811 0.087545 0.163768
0 0.617093 0.521132 0.041185 0.088409
0 0.555393 0.440817 0.021283 0.050127
4 0.025642 0.940384 0.048361 0.119229