0 0.816949 0.764031 0.152273 0.247339
0 0.607270 0.852827 0.198078 0.285560
0 0.619461 0.552782 0.104216 0.205946
0 0.892325 0.664867 0.153478 0.204644
0 0.820935 0.957475 0.163972 0.080662
4 0.426561 0.760070 0.055060 0.070174
3 0.797982 0.528462 0.042762 0.138941
0 0.969498 0.891380 0.060346 0.208385
3 0.842149 0.407621 0.033267 0.099566
4 0.621394 0.956080 0.059024 0.084260
4 0.797452 0.488900 0.047423 0.139340
3 0.685067 0.483278 0.036178 0.102893
0 0.655983 0.343265 0.081910 0.163761
4 0.975831 0.781926 0.047422 0.177138
0 0.583109 0.248941 0.066514 0.111396
1 0.426461 0.785995 0.136432 0.377082
1 0.482873 0.450962 0.103348 0.191092
0 0.681971 0.034402 0.037545 0.067272
4 0.684458 0.438415 0.039561 0.140208
4 0.841804 0.354217 0.035417 0.100614
3 0.740957 0.333536 0.026632 0.072857
1 0.649978 0.129679 0.059110 0.146152
4 0.594481 0.401910 0.041645 0.108232
3 0.764612 0.338629 0.024434 0.085799
0 0.527850 0.684842 0.092075 0.247228
4 0.594790 0.388118 0.038893 0.080954
4 0.571420 0.813105 0.043568 0.063732