0 0.757548 0.295495 0.053883 0.071157
0 0.923043 0.310893 0.060820 0.079136
0 0.439900 0.299536 0.040771 0.090115
0 0.843547 0.357813 0.067597 0.113478
0 0.496036 0.273967 0.045376 0.067583
4 0.204205 0.581357 0.040521 0.149707
4 0.082168 0.574542 0.030889 0.156422
4 0.074788 0.441226 0.022169 0.115195
0 0.404436 0.222805 0.056359 0.061740
4 0.137321 0.573959 0.031848 0.130876
1 0.491348 0.169745 0.041853 0.081975
0 0.678935 0.216570 0.033003 0.046639
0 0.785912 0.258381 0.042317 0.064630
4 0.252326 0.428016 0.024778 0.102953
0 0.711290 0.204562 0.031985 0.045104
0 0.437689 0.198018 0.046555 0.044416
0 0.867592 0.231910 0.033548 0.044765
0 0.938044 0.280859 0.048855 0.068005
1 0.834342 0.239401 0.039436 0.078445
1 0.806918 0.174758 0.033409 0.045862
0 0.834342 0.237425 0.040131 0.079913
0 0.990565 0.216365 0.017819 0.043062