2 0.204418 0.783814 0.272042 0.431060
2 0.346220 0.450432 0.134424 0.291431
0 0.626902 0.430904 0.080261 0.146252
0 0.937979 0.891185 0.123075 0.215773
0 0.727146 0.419556 0.073004 0.106250
2 0.969569 0.229153 0.059762 0.130525
2 0.420352 0.295391 0.080060 0.171521
2 0.908444 0.196497 0.065244 0.109239
2 0.738510 0.198620 0.067861 0.106024
4 0.246910 0.836554 0.052590 0.091800
0 0.611407 0.259797 0.040494 0.060944
0 0.634411 0.335091 0.056518 0.084774
2 0.848549 0.178483 0.051034 0.096653
0 0.531995 0.325506 0.054562 0.088423
2 0.807104 0.172187 0.036727 0.073920
0 0.681276 0.226903 0.038293 0.063708
0 0.543521 0.254229 0.041465 0.078987
1 0.847868 0.178605 0.048539 0.094962
4 0.371144 0.446588 0.032595 0.061226