0 0.651424 0.843735 0.145281 0.285041
0 0.482919 0.702262 0.149807 0.263179
0 0.711288 0.533253 0.105471 0.222224
3 0.748517 0.765150 0.054722 0.159497
3 0.857764 0.822999 0.065950 0.189673
3 0.927798 0.594295 0.047030 0.137025
3 0.478052 0.914459 0.066165 0.144968
0 0.480024 0.516526 0.117516 0.165242
0 0.555288 0.420561 0.088142 0.187171
4 0.476930 0.860891 0.068219 0.206137
0 0.602462 0.347634 0.071446 0.121395
4 0.642534 0.654864 0.059090 0.098765
4 0.747032 0.711936 0.057392 0.185673
4 0.928184 0.550677 0.046326 0.165288
0 0.682993 0.034264 0.038157 0.066120
4 0.818539 0.270096 0.027707 0.079563
3 0.823865 0.434336 0.034217 0.096998
0 0.660046 0.394050 0.075141 0.162482
0 0.592206 0.261268 0.076348 0.110998
4 0.857895 0.771386 0.065165 0.198798
4 0.628367 0.781137 0.044242 0.070951
3 0.754905 0.339897 0.029561 0.088300
1 0.677043 0.205996 0.066381 0.168765
0 0.523731 0.976625 0.129020 0.046360
4 0.745413 0.664920 0.052160 0.093294
0 0.654917 0.109836 0.062191 0.089788