2 0.203946 0.854542 0.296597 0.277662
0 0.220416 0.672974 0.110934 0.126974
0 0.290787 0.579545 0.078058 0.091012
0 0.638557 0.632851 0.061103 0.130173
0 0.761776 0.884078 0.153274 0.227099
4 0.023355 0.942204 0.046502 0.114296
0 0.337178 0.516254 0.058514 0.071005
0 0.749607 0.536987 0.074361 0.087438
0 0.581938 0.552710 0.043726 0.090748
0 0.470443 0.660349 0.048206 0.117902
0 0.680861 0.518715 0.053178 0.079747
0 0.762563 0.639252 0.083366 0.132598
1 0.854046 0.792083 0.141368 0.212454
0 0.627054 0.499403 0.034632 0.077982
0 0.829074 0.642810 0.107472 0.140139
0 0.425057 0.894015 0.093823 0.204300
0 0.369386 0.470858 0.040387 0.052376
0 0.471735 0.491737 0.030276 0.062059
0 0.605613 0.448034 0.023786 0.043122
0 0.853582 0.790854 0.141721 0.212138
0 0.986705 0.873248 0.025987 0.152931
0 0.470104 0.435518 0.025321 0.042990
1 0.953468 0.783302 0.091765 0.151143
2 0.424917 0.895349 0.093226 0.205125
0 0.394307 0.449832 0.036557 0.050572
1 0.593041 0.405741 0.058738 0.083340
1 0.923728 0.659751 0.094516 0.107932