2 0.462627 0.221399 0.059967 0.131528
0 0.547339 0.245993 0.039986 0.057336
0 0.755496 0.246147 0.040524 0.058366
0 0.257480 0.647767 0.109555 0.163386
0 0.944071 0.281653 0.049889 0.066308
0 0.594561 0.262657 0.041519 0.061846
0 0.821419 0.361194 0.076095 0.108602
0 0.683722 0.234330 0.038648 0.063578
0 0.725102 0.216096 0.033278 0.043780
4 0.075673 0.621723 0.029764 0.116017
0 0.912157 0.256394 0.038081 0.056192
0 0.857640 0.257108 0.048689 0.079127
2 0.488536 0.172165 0.041915 0.079733
0 0.985232 0.231005 0.028468 0.044724
0 0.812441 0.238423 0.035522 0.055839
2 0.519535 0.208552 0.038050 0.090471
0 0.787293 0.225762 0.027344 0.043881