2 0.256130 0.756723 0.235487 0.475124
0 0.621919 0.430436 0.078300 0.126956
0 0.543521 0.368093 0.062567 0.086795
2 0.838591 0.275255 0.100364 0.164221
2 0.310175 0.416164 0.104315 0.202165
0 0.497776 0.321849 0.055543 0.077515
0 0.353894 0.573980 0.083560 0.144238
0 0.724026 0.217731 0.038020 0.052139
2 0.465080 0.209091 0.057794 0.122143
0 0.528177 0.276829 0.044365 0.063152
0 0.641572 0.320528 0.044783 0.105755
0 0.766185 0.204237 0.031499 0.048375
0 0.603003 0.306444 0.044574 0.078566
0 0.796391 0.215746 0.048707 0.071585
0 0.681842 0.225798 0.039620 0.066908
1 0.595186 0.216775 0.042377 0.088348
4 0.946594 0.209919 0.017183 0.063431