2 0.121796 0.742879 0.238027 0.461649
0 0.347540 0.552132 0.085566 0.191144
0 0.640541 0.705365 0.134358 0.233295
0 0.551546 0.464806 0.075289 0.116184
0 0.417020 0.497790 0.077314 0.128556
0 0.701715 0.430994 0.075218 0.109177
0 0.760744 0.489679 0.081963 0.118127
0 0.680487 0.573464 0.096502 0.139928
1 0.890836 0.188402 0.058739 0.097654
1 0.840421 0.212579 0.030419 0.062094
0 0.496584 0.845659 0.151952 0.301179
0 0.516942 0.374084 0.061311 0.100997
4 0.152328 0.749475 0.047526 0.087520
0 0.609523 0.382825 0.059631 0.099929
0 0.461219 0.328479 0.051495 0.079795
0 0.631802 0.343923 0.056881 0.082288
4 0.087794 0.392041 0.020482 0.094522
4 0.087285 0.746909 0.036446 0.069970
0 0.521509 0.291962 0.046636 0.062847
1 0.741464 0.200879 0.057824 0.105680
1 0.763507 0.159847 0.062642 0.077445
0 0.693355 0.238862 0.033496 0.048870
4 0.087716 0.762793 0.038531 0.104286