0 0.620428 0.761689 0.058205 0.073163
0 0.052714 0.909856 0.096566 0.111944
0 0.593313 0.908374 0.083337 0.108417
0 0.759188 0.908141 0.075902 0.094987
0 0.109777 0.907974 0.081615 0.109901
0 0.689072 0.835984 0.067595 0.086834
0 0.249833 0.909206 0.082345 0.118446
0 0.154579 0.969623 0.081543 0.060754
0 0.118489 0.781910 0.060842 0.067335
0 0.062655 0.686021 0.061402 0.054892
0 0.985824 0.939412 0.027744 0.064539
0 0.672917 0.906222 0.066760 0.093758
0 0.214670 0.801256 0.065812 0.079171
0 0.315396 0.734387 0.058190 0.078512
1 0.821412 0.784533 0.086754 0.168456
0 0.260782 0.804505 0.058302 0.089193
0 0.746869 0.971926 0.089880 0.056149
0 0.599131 0.820587 0.059706 0.080045
0 0.395789 0.638542 0.042782 0.057695
2 0.432931 0.640311 0.058557 0.097361
0 0.891029 0.783597 0.069034 0.093072
0 0.661738 0.706613 0.046521 0.079124
4 0.344599 0.944132 0.013191 0.055596
0 0.039598 0.837607 0.078549 0.121745
0 0.058935 0.762914 0.052973 0.048361
0 0.523728 0.573940 0.035768 0.055351
0 0.188282 0.687098 0.062393 0.057068
0 0.870382 0.968901 0.111403 0.062198
0 0.111706 0.966675 0.060761 0.065829