0 0.411082 0.897039 0.158341 0.203254
2 0.406091 0.379943 0.104946 0.224913
0 0.695580 0.606891 0.092183 0.207552
0 0.761756 0.531954 0.095322 0.133620
2 0.753183 0.206531 0.058214 0.112983
2 0.428745 0.277660 0.079147 0.165780
0 0.657394 0.369745 0.061487 0.095680
1 0.854803 0.178285 0.052115 0.089933
2 0.459745 0.226510 0.056354 0.129022
1 0.930645 0.206075 0.072104 0.116403
1 0.984208 0.239949 0.030897 0.133108
0 0.592813 0.275631 0.053236 0.075159
0 0.534916 0.250330 0.041562 0.069629
2 0.931150 0.205571 0.072908 0.115091
0 0.628049 0.274521 0.037162 0.063880
0 0.799840 0.200399 0.031031 0.043811
2 0.854383 0.177715 0.053333 0.090871
1 0.598737 0.406465 0.069790 0.192598
0 0.599246 0.406986 0.070308 0.192219
0 0.680878 0.225627 0.038993 0.066505
0 0.378793 0.227449 0.037123 0.060615