0 0.608592 0.638780 0.058482 0.130566
0 0.490572 0.442294 0.026343 0.049462
0 0.335789 0.630631 0.078105 0.106138
0 0.292413 0.587173 0.080254 0.089042
0 0.829069 0.662543 0.111735 0.148835
0 0.220884 0.679184 0.110204 0.126504
0 0.851196 0.911914 0.159873 0.176171
0 0.898934 0.858745 0.163709 0.246940
0 0.751041 0.559447 0.077816 0.103871
0 0.618284 0.507421 0.034474 0.077031
0 0.371827 0.482672 0.040946 0.049837
0 0.337981 0.524640 0.054346 0.074316
1 0.373244 0.756642 0.084614 0.175966
0 0.680861 0.549526 0.053196 0.092046
0 0.393565 0.452525 0.031628 0.036085
0 0.957718 0.799722 0.084565 0.152863
0 0.685013 0.476360 0.036638 0.056199
0 0.412164 0.424585 0.030877 0.042961
0 0.989608 0.891566 0.019990 0.140842
0 0.957694 0.835605 0.084003 0.221762
0 0.694181 0.490096 0.027541 0.044254