0 0.566622 0.489997 0.089986 0.157196
2 0.386815 0.245082 0.061497 0.134227
0 0.703022 0.686643 0.114871 0.183880
0 0.844678 0.626268 0.118167 0.170535
0 0.133139 0.875136 0.265392 0.230706
0 0.438641 0.572051 0.090058 0.196176
0 0.786349 0.508262 0.089076 0.131744
0 0.670746 0.414493 0.066673 0.103250
0 0.203006 0.743382 0.156509 0.158119
0 0.519510 0.409598 0.068691 0.112670
0 0.639268 0.360438 0.060241 0.092338
0 0.427457 0.484658 0.085602 0.164391
0 0.602345 0.271745 0.041648 0.063497
2 0.743291 0.199179 0.057472 0.108563
0 0.624304 0.309628 0.051833 0.079344
1 0.805834 0.172420 0.063766 0.080215
0 0.506323 0.346712 0.061999 0.100781
0 0.494145 0.252100 0.041097 0.068008
2 0.808148 0.172992 0.059052 0.080123
0 0.531747 0.307190 0.048462 0.074583
1 0.745139 0.199719 0.052485 0.108754