2 0.284585 0.444133 0.117287 0.263075
0 0.513472 0.687985 0.118227 0.182374
0 0.297587 0.899125 0.174906 0.198694
0 0.907257 0.754846 0.129242 0.196689
0 0.516852 0.499739 0.083961 0.178991
0 0.772236 0.899522 0.165690 0.194924
0 0.641517 0.378486 0.060217 0.086930
0 0.527397 0.324159 0.051685 0.076950
2 0.779949 0.162644 0.038045 0.066340
0 0.714562 0.267520 0.036718 0.060261
0 0.439659 0.365030 0.054573 0.118752
2 0.898729 0.190149 0.051790 0.098719
2 0.745072 0.200256 0.053105 0.108376
1 0.889619 0.242354 0.035381 0.072326
0 0.624839 0.320563 0.063012 0.099627
4 0.273699 0.423411 0.029453 0.056838
0 0.499369 0.445541 0.072075 0.136841
0 0.564821 0.274147 0.040418 0.065897
0 0.983923 0.224401 0.031259 0.063940
1 0.898109 0.189266 0.051921 0.095636
0 0.506727 0.263734 0.039076 0.059435