0 0.145006 0.861029 0.199104 0.273686
0 0.156254 0.551700 0.175195 0.275274
0 0.047735 0.721380 0.095281 0.301517
0 0.776551 0.469293 0.231650 0.212273
0 0.082957 0.395680 0.142747 0.268530
0 0.237142 0.674014 0.182915 0.288516
0 0.539338 0.798516 0.220439 0.334264
0 0.336126 0.505653 0.157748 0.267870
4 0.346981 0.724710 0.061103 0.260247
4 0.835345 0.782170 0.066991 0.301109
0 0.619963 0.647813 0.228611 0.258864
4 0.883898 0.764156 0.053008 0.321761
4 0.737865 0.591507 0.039673 0.267050
0 0.310350 0.974268 0.161141 0.048745
4 0.471020 0.410834 0.060381 0.231727
4 0.982905 0.726350 0.033590 0.330438
4 0.692779 0.760372 0.085034 0.157661
0 0.213230 0.252831 0.146352 0.259634
4 0.706830 0.500231 0.035246 0.181230
4 0.787139 0.309840 0.033876 0.127179