0 0.830082 0.640478 0.110314 0.168684
0 0.154649 0.522202 0.143064 0.123454
0 0.661704 0.501642 0.093889 0.135676
0 0.500250 0.474649 0.078740 0.123883
0 0.494234 0.618692 0.105569 0.161937
1 0.890063 0.199441 0.057594 0.120227
0 0.386695 0.392026 0.069070 0.094808
0 0.644233 0.377323 0.067655 0.114156
0 0.522263 0.378902 0.058639 0.097802
0 0.528098 0.297372 0.045179 0.067262
1 0.825202 0.206268 0.029181 0.060339
0 0.438586 0.293664 0.046683 0.067578
0 0.599443 0.355273 0.054913 0.092964
1 0.738859 0.201144 0.063648 0.105464
0 0.685249 0.232790 0.042948 0.058645
2 0.739329 0.199814 0.064350 0.108123
1 0.493755 0.174780 0.038017 0.082252