0 0.935676 0.798389 0.128168 0.296100
0 0.570577 0.603956 0.106025 0.156457
0 0.640216 0.468452 0.074903 0.115678
0 0.691160 0.396415 0.069520 0.099834
0 0.285718 0.652813 0.118149 0.160070
0 0.513928 0.411251 0.065806 0.106344
0 0.428275 0.350782 0.057748 0.089467
1 0.890952 0.189971 0.053568 0.097846
0 0.096216 0.523583 0.107747 0.113100
0 0.867199 0.697594 0.105764 0.187689
0 0.617969 0.949394 0.178729 0.099349
0 0.605530 0.267882 0.043360 0.076926
1 0.469066 0.198541 0.048343 0.108166
1 0.833102 0.210191 0.047067 0.067088
2 0.743941 0.191474 0.058884 0.123911
0 0.684068 0.227658 0.043793 0.068652
0 0.518874 0.273869 0.049547 0.094227