0 0.701872 0.490610 0.103588 0.205268
0 0.645002 0.781301 0.137745 0.273370
0 0.973694 0.924333 0.051540 0.143184
0 0.483744 0.655164 0.143377 0.253507
3 0.732009 0.717272 0.047839 0.134645
4 0.730570 0.661918 0.054051 0.180643
3 0.842956 0.769660 0.058274 0.168259
3 0.479827 0.825333 0.058758 0.133956
4 0.633411 0.605715 0.055287 0.092191
1 0.672239 0.190487 0.069523 0.166620
0 0.479817 0.480140 0.109686 0.167091
0 0.682455 0.033511 0.037184 0.065540
0 0.525543 0.924944 0.129702 0.145885
3 0.908598 0.548428 0.041985 0.135439
4 0.813807 0.259343 0.029052 0.071015
0 0.552053 0.392858 0.082749 0.173155
4 0.843025 0.715719 0.057303 0.174917
4 0.908165 0.502975 0.043417 0.149844
3 0.820178 0.416412 0.059615 0.112059
4 0.618773 0.723457 0.039952 0.063206
4 0.477880 0.777452 0.061328 0.190390
0 0.598366 0.328360 0.067966 0.135861
0 0.587452 0.246608 0.074593 0.107949
3 0.745850 0.317282 0.027777 0.081519
0 0.653675 0.366905 0.068348 0.153432
0 0.530089 0.026222 0.039385 0.052444
4 0.908219 0.477028 0.041705 0.097269